0.00000000E+0 1.01837500E+0
1.20000005E+0 1.01825000E+0
2.20000005E+0 1.01837500E+0
3.09999990E+0 1.01750000E+0
4.09999990E+0 1.01850000E+0
5.09999990E+0 1.01800000E+0
6.19999981E+0 1.01762500E+0
7.19999981E+0 1.01850000E+0
8.19999981E+0 1.01812500E+0
9.19999981E+0 1.01837500E+0
1.01999998E+1 1.01812500E+0
1.11999998E+1 1.01812500E+0
1.21000004E+1 1.01825000E+0
1.31000004E+1 1.01850000E+0
1.41000004E+1 1.01812500E+0
1.51999998E+1 1.01787500E+0
1.61000004E+1 1.01825000E+0
1.71000004E+1 1.01837500E+0
1.81000004E+1 1.01850000E+0
1.91000004E+1 1.01825000E+0
2.02000008E+1 1.01800000E+0
2.12000008E+1 1.01887500E+0
2.22000008E+1 1.01800000E+0
2.31000004E+1 1.01787500E+0
2.42000008E+1 1.01825000E+0
2.51000004E+1 1.01787500E+0
2.61000004E+1 1.01812500E+0
2.71000004E+1 1.01837500E+0
2.81000004E+1 1.01800000E+0
2.92000008E+1 1.01737500E+0
3.01000004E+1 1.01775000E+0
3.11000004E+1 1.01812500E+0
3.20999985E+1 1.01787500E+0
3.32000008E+1 1.01812500E+0
3.42000008E+1 1.01775000E+0
3.52000008E+1 1.01900000E+0
3.60999985E+1 1.01837500E+0
3.72000008E+1 1.01787500E+0
3.80999985E+1 1.01887500E+0
3.90999985E+1 1.01812500E+0
4.00999985E+1 1.01812500E+0
4.10999985E+1 1.01787500E+0
4.22000008E+1 1.01812500E+0
4.32000008E+1 1.01825000E+0
4.42000008E+1 1.01887500E+0
4.50999985E+1 1.01812500E+0
4.62000008E+1 1.01800000E+0
4.70999985E+1 1.01800000E+0
4.80999985E+1 1.01850000E+0
4.90999985E+1 1.01800000E+0
5.02000008E+1 1.01862500E+0
5.12000008E+1 1.01850000E+0
5.20999985E+1 1.01787500E+0
5.30999985E+1 1.01812500E+0
5.40999985E+1 1.01825000E+0
5.50999985E+1 1.01800000E+0
5.60999985E+1 1.01925000E+0
5.72000008E+1 1.01812500E+0
5.82000008E+1 1.01812500E+0
5.92000008E+1 1.01775000E+0
6.00999985E+1 1.01825000E+0
6.10999985E+1 1.01837500E+0
6.20999985E+1 1.01837500E+0
6.30999985E+1 1.01787500E+0
6.40999985E+1 1.01850000E+0
6.51999969E+1 1.01812500E+0
6.61999969E+1 1.01837500E+0
6.71999969E+1 1.01825000E+0
6.80999985E+1 1.01800000E+0
6.91999969E+1 1.01762500E+0
7.00999985E+1 1.01837500E+0
7.10999985E+1 1.01837500E+0
7.20999985E+1 1.01812500E+0
7.31999969E+1 1.01887500E+0
7.41999969E+1 1.01825000E+0
7.51999969E+1 1.01825000E+0
7.60999985E+1 1.01812500E+0
7.70999985E+1 1.01800000E+0
7.81999969E+1 1.01787500E+0
7.91999969E+1 1.01825000E+0
8.00999985E+1 1.01812500E+0
8.10999985E+1 1.01800000E+0
8.21999969E+1 1.01762500E+0
8.31999969E+1 1.01812500E+0
8.41999969E+1 1.01837500E+0
8.50999985E+1 1.01912500E+0
8.60999985E+1 1.01775000E+0
8.71999969E+1 1.01850000E+0
8.80999985E+1 1.01862500E+0
8.90999985E+1 1.01837500E+0
9.01999969E+1 1.01837500E+0
9.11999969E+1 1.01837500E+0
9.21999969E+1 1.01837500E+0
9.30999985E+1 1.01800000E+0
9.41999969E+1 1.01800000E+0
9.50999985E+1 1.01800000E+0
9.60999985E+1 1.01800000E+0
9.70999985E+1 1.01762500E+0
9.81999969E+1 1.01800000E+0
9.91999969E+1 1.01775000E+0
1.00099998E+2 1.01812500E+0
1.01099998E+2 1.01812500E+0
1.02099998E+2 1.01900000E+0
1.03099998E+2 1.01812500E+0
1.04099998E+2 1.01825000E+0
1.05199997E+2 1.01887500E+0
1.06199997E+2 1.01800000E+0
1.07099998E+2 1.01825000E+0
1.08099998E+2 1.01800000E+0
1.09099998E+2 1.01787500E+0
1.10099998E+2 1.01825000E+0
1.11099998E+2 1.01800000E+0
1.12199997E+2 1.01787500E+0
1.13199997E+2 1.01800000E+0
1.14099998E+2 1.01800000E+0
1.15099998E+2 1.01787500E+0
1.16099998E+2 1.01787500E+0
1.17099998E+2 1.01825000E+0
1.18099998E+2 1.01825000E+0
1.19199997E+2 1.01800000E+0
1.20199997E+2 1.01825000E+0
1.21099998E+2 1.01800000E+0
1.22099998E+2 1.01837500E+0
1.23199997E+2 1.01787500E+0
1.24099998E+2 1.01812500E+0
1.25099998E+2 1.01837500E+0
1.26199997E+2 1.01850000E+0
1.27199997E+2 1.01800000E+0
1.28199997E+2 1.01862500E+0
1.29100006E+2 1.01800000E+0
1.30199997E+2 1.01900000E+0
1.31100006E+2 1.01837500E+0
1.32100006E+2 1.01800000E+0
1.33100006E+2 1.01812500E+0
1.34199997E+2 1.01850000E+0
1.35199997E+2 1.01837500E+0
1.36100006E+2 1.01800000E+0
1.37100006E+2 1.01825000E+0
1.38100006E+2 1.01800000E+0
1.39100006E+2 1.01762500E+0
1.40100006E+2 1.01787500E+0
1.41199997E+2 1.01825000E+0
1.42199997E+2 1.01812500E+0
1.43100006E+2 1.01912500E+0
1.44100006E+2 1.01725000E+0
1.45100006E+2 1.01812500E+0
1.46100006E+2 1.01812500E+0
1.47100006E+2 1.01850000E+0
1.48199997E+2 1.01825000E+0
1.49199997E+2 1.01837500E+0
1.50199997E+2 1.01825000E+0
1.51100006E+2 1.01812500E+0
1.52100006E+2 1.01875000E+0
1.53100006E+2 1.01800000E+0
1.54100006E+2 1.01837500E+0
1.55199997E+2 1.01800000E+0
1.56199997E+2 1.01775000E+0
1.57199997E+2 1.01825000E+0
1.58100006E+2 1.01825000E+0
1.59199997E+2 1.01800000E+0
1.60199997E+2 1.01812500E+0
1.61100006E+2 1.01825000E+0
1.62100006E+2 1.01800000E+0
1.63199997E+2 1.01837500E+0
1.64199997E+2 1.01812500E+0
1.65199997E+2 1.01825000E+0
1.66100006E+2 1.01825000E+0
1.67100006E+2 1.01787500E+0
1.68199997E+2 1.01837500E+0
1.69100006E+2 1.01775000E+0
1.70100006E+2 1.01800000E+0
1.71199997E+2 1.01837500E+0
1.72199997E+2 1.01850000E+0
1.73100006E+2 1.01787500E+0
1.74100006E+2 1.01812500E+0
1.75100006E+2 1.01812500E+0
1.76100006E+2 1.01812500E+0
1.77100006E+2 1.01800000E+0
1.78199997E+2 1.01825000E+0
1.79199997E+2 1.01825000E+0
1.80100006E+2 1.01787500E+0
1.81100006E+2 1.01812500E+0
1.82100006E+2 1.01775000E+0
1.83100006E+2 1.01737500E+0
1.84100006E+2 1.01837500E+0
1.85199997E+2 1.01812500E+0
1.86199997E+2 1.01800000E+0
1.87100006E+2 1.01862500E+0
1.88199997E+2 1.01812500E+0
1.89100006E+2 1.01812500E+0
1.90100006E+2 1.01800000E+0
1.91199997E+2 1.01787500E+0
1.92199997E+2 1.01850000E+0
1.93199997E+2 1.01837500E+0
1.94100006E+2 1.01812500E+0
1.95100006E+2 1.01800000E+0
1.96100006E+2 1.01737500E+0
1.97100006E+2 1.01800000E+0
1.98100006E+2 1.01812500E+0
1.99199997E+2 1.01750000E+0
2.00199997E+2 1.01837500E+0
2.01100006E+2 1.01837500E+0
2.02100006E+2 1.01775000E+0
2.03100006E+2 1.01800000E+0
2.04100006E+2 1.01775000E+0
2.05199997E+2 1.01825000E+0
2.06199997E+2 1.01837500E+0
2.07199997E+2 1.01825000E+0
2.08100006E+2 1.01812500E+0
2.09199997E+2 1.01800000E+0
2.10100006E+2 1.01812500E+0
2.11100006E+2 1.01800000E+0
2.12100006E+2 1.01812500E+0
2.13199997E+2 1.01825000E+0
2.14199997E+2 1.01825000E+0
2.15100006E+2 1.01837500E+0
2.16100006E+2 1.01812500E+0
2.17100006E+2 1.01812500E+0
2.18100006E+2 1.01837500E+0
2.19100006E+2 1.01825000E+0
2.20199997E+2 1.01825000E+0
2.21199997E+2 1.01837500E+0
2.22100006E+2 1.01812500E+0
2.23100006E+2 1.01812500E+0
2.24100006E+2 1.01812500E+0
2.25100006E+2 1.01825000E+0
2.26199997E+2 1.01887500E+0
2.27199997E+2 1.01787500E+0
2.28199997E+2 1.01812500E+0
2.29100006E+2 1.01812500E+0
2.30100006E+2 1.01825000E+0
2.31199997E+2 1.01812500E+0
2.32100006E+2 1.01837500E+0
2.33100006E+2 1.01825000E+0
2.34199997E+2 1.01812500E+0
2.35199997E+2 1.01875000E+0
2.36100006E+2 1.01837500E+0
2.37199997E+2 1.01800000E+0
2.38100006E+2 1.01812500E+0
2.39100006E+2 1.01825000E+0
2.40100006E+2 1.01887500E+0
2.41199997E+2 1.01825000E+0
2.42199997E+2 1.01800000E+0
2.43100006E+2 1.01775000E+0
2.44100006E+2 1.01837500E+0
2.45100006E+2 1.01800000E+0
2.46100006E+2 1.01812500E+0
2.47100006E+2 1.01812500E+0
2.48199997E+2 1.01800000E+0
2.49199997E+2 1.01812500E+0
2.50100006E+2 1.01737500E+0
2.51100006E+2 1.01812500E+0
2.52100006E+2 1.01787500E+0
2.53100006E+2 1.01837500E+0
2.54199997E+2 1.01850000E+0
2.55199997E+2 1.01775000E+0
2.56200012E+2 1.01800000E+0
2.57100006E+2 1.01775000E+0
2.58200012E+2 1.01837500E+0
2.59100006E+2 1.01800000E+0
2.60100006E+2 1.01812500E+0
2.61100006E+2 1.01837500E+0
2.62200012E+2 1.01800000E+0
2.63200012E+2 1.01837500E+0
2.64100006E+2 1.01812500E+0
2.65100006E+2 1.01837500E+0
2.66100006E+2 1.01800000E+0
2.67200012E+2 1.01787500E+0
2.68100006E+2 1.01800000E+0
2.69200012E+2 1.01825000E+0
2.70200012E+2 1.01775000E+0
2.71100006E+2 1.01800000E+0
2.72100006E+2 1.01787500E+0
2.73100006E+2 1.01812500E+0
2.74100006E+2 1.01825000E+0
2.75100006E+2 1.01812500E+0
2.76200012E+2 1.01825000E+0
2.77200012E+2 1.01775000E+0
2.78100006E+2 1.01850000E+0
2.79100006E+2 1.01812500E+0
2.80100006E+2 1.01837500E+0
2.81100006E+2 1.01800000E+0
2.82100006E+2 1.01812500E+0
2.83200012E+2 1.01812500E+0
2.84200012E+2 1.01875000E+0
2.85100006E+2 1.01812500E+0
2.86100006E+2 1.01812500E+0
2.87100006E+2 1.01787500E+0
2.88100006E+2 1.01800000E+0
2.89100006E+2 1.01812500E+0
2.90200012E+2 1.01800000E+0
2.91200012E+2 1.01850000E+0
2.92100006E+2 1.01887500E+0
2.93200012E+2 1.01800000E+0
2.94200012E+2 1.01800000E+0
2.95100006E+2 1.01825000E+0
2.96100006E+2 1.01812500E+0
2.97200012E+2 1.01812500E+0
2.98200012E+2 1.01850000E+0
2.99100006E+2 1.01800000E+0
3.00100006E+2 1.01825000E+0
3.01100006E+2 1.01787500E+0
3.02100006E+2 1.01837500E+0
3.03100006E+2 1.01750000E+0
3.04200012E+2 1.01825000E+0
3.05200012E+2 1.01800000E+0
3.06100006E+2 1.01825000E+0
3.07200012E+2 1.01725000E+0
3.08100006E+2 1.01887500E+0
3.09100006E+2 1.01812500E+0
3.10100006E+2 1.01762500E+0
3.11200012E+2 1.01825000E+0
3.12200012E+2 1.01850000E+0
3.13100006E+2 1.01800000E+0
3.14100006E+2 1.01887500E+0
3.15100006E+2 1.01825000E+0
3.16100006E+2 1.01800000E+0
3.17100006E+2 1.01800000E+0
3.18200012E+2 1.01812500E+0
3.19200012E+2 1.01800000E+0
3.20200012E+2 1.01837500E+0
3.21200012E+2 1.01887500E+0
3.22100006E+2 1.01825000E+0
3.23100006E+2 1.01800000E+0
3.24200012E+2 1.01825000E+0
3.25100006E+2 1.01825000E+0
3.26100006E+2 1.01825000E+0
3.27200012E+2 1.01825000E+0
3.28200012E+2 1.01825000E+0
3.29100006E+2 1.01837500E+0
3.30200012E+2 1.01825000E+0
3.31100006E+2 1.01862500E+0
3.32100006E+2 1.01850000E+0
3.33100006E+2 1.01812500E+0
3.34200012E+2 1.01850000E+0
3.35200012E+2 1.01812500E+0
3.36100006E+2 1.01887500E+0
3.37100006E+2 1.01837500E+0
3.38100006E+2 1.01825000E+0
3.39100006E+2 1.01825000E+0
3.40200012E+2 1.01837500E+0
3.41200012E+2 1.01825000E+0
3.42200012E+2 1.01750000E+0
3.43100006E+2 1.01862500E+0
3.44100006E+2 1.01750000E+0
3.45100006E+2 1.01837500E+0
3.46100006E+2 1.01900000E+0
3.47200012E+2 1.01800000E+0
3.48200012E+2 1.01850000E+0
3.49200012E+2 1.01825000E+0
3.50100006E+2 1.01837500E+0
3.51100006E+2 1.01800000E+0
3.52100006E+2 1.01812500E+0
3.53100006E+2 1.01787500E+0
3.54100006E+2 1.01825000E+0
3.55200012E+2 1.01812500E+0
3.56200012E+2 1.01812500E+0
3.57100006E+2 1.01800000E+0
3.58200012E+2 1.01825000E+0
3.59100006E+2 1.01812500E+0
3.60100006E+2 1.01800000E+0
3.61200012E+2 1.01825000E+0
3.62200012E+2 1.01787500E+0
3.63200012E+2 1.01800000E+0
3.64100006E+2 1.01837500E+0
3.65100006E+2 1.01812500E+0
3.66200012E+2 1.01737500E+0
3.67100006E+2 1.01850000E+0
3.68100006E+2 1.01800000E+0
3.69200012E+2 1.01850000E+0
3.70200012E+2 1.01837500E+0
3.71100006E+2 1.01825000E+0
3.72100006E+2 1.01812500E+0
3.73100006E+2 1.01825000E+0
3.74100006E+2 1.01800000E+0
3.75100006E+2 1.01875000E+0
3.76200012E+2 1.01875000E+0
3.77200012E+2 1.01837500E+0
3.78100006E+2 1.01812500E+0
3.79100006E+2 1.01862500E+0
3.80100006E+2 1.01825000E+0
3.81100006E+2 1.01837500E+0
3.82200012E+2 1.01850000E+0
3.83200012E+2 1.01800000E+0
3.84200012E+2 1.01787500E+0
3.85100006E+2 1.01825000E+0
3.86100006E+2 1.01787500E+0
3.87100006E+2 1.01787500E+0
3.88100006E+2 1.01787500E+0
3.89100006E+2 1.01800000E+0
3.90200012E+2 1.01800000E+0
3.91200012E+2 1.01825000E+0
3.92100006E+2 1.01787500E+0
3.93200012E+2 1.01812500E+0
3.94100006E+2 1.01812500E+0
3.95100006E+2 1.01800000E+0
3.96100006E+2 1.01825000E+0
3.97200012E+2 1.01862500E+0
3.98200012E+2 1.01850000E+0
3.99100006E+2 1.01812500E+0
4.00100006E+2 1.01825000E+0
4.01100006E+2 1.01812500E+0
4.02200012E+2 1.01837500E+0
4.03100006E+2 1.01812500E+0
4.04200012E+2 1.01800000E+0
4.05200012E+2 1.01875000E+0
4.06100006E+2 1.01825000E+0
4.07100006E+2 1.01787500E+0
4.08100006E+2 1.01787500E+0
4.09100006E+2 1.01812500E+0
4.10100006E+2 1.01837500E+0
4.11200012E+2 1.01800000E+0
4.12200012E+2 1.01750000E+0
4.13100006E+2 1.01800000E+0
4.14100006E+2 1.01812500E+0
4.15100006E+2 1.01900000E+0
4.16100006E+2 1.01825000E+0
4.17100006E+2 1.01812500E+0
4.18200012E+2 1.01800000E+0
4.19200012E+2 1.01812500E+0
4.20100006E+2 1.01737500E+0
4.21200012E+2 1.01825000E+0
4.22100006E+2 1.01825000E+0
4.23100006E+2 1.01837500E+0
4.24100006E+2 1.01825000E+0
4.25200012E+2 1.01825000E+0
4.26200012E+2 1.01837500E+0
4.27100006E+2 1.01825000E+0
4.28100006E+2 1.01800000E+0
4.29100006E+2 1.01787500E+0
4.30100006E+2 1.01800000E+0
4.31100006E+2 1.01812500E+0
4.32200012E+2 1.01837500E+0
4.33200012E+2 1.01850000E+0
4.34100006E+2 1.01812500E+0
4.35200012E+2 1.01825000E+0
4.36100006E+2 1.01812500E+0
4.37100006E+2 1.01837500E+0
4.38200012E+2 1.01862500E+0
4.39200012E+2 1.01837500E+0
4.40200012E+2 1.01887500E+0
4.41100006E+2 1.01812500E+0
4.42100006E+2 1.01825000E+0
4.43100006E+2 1.01837500E+0
4.44100006E+2 1.01837500E+0
4.45200012E+2 1.01812500E+0
4.46200012E+2 1.01812500E+0
4.47200012E+2 1.01812500E+0
4.48100006E+2 1.01912500E+0
4.49200012E+2 1.01825000E+0
4.50100006E+2 1.01737500E+0
4.51100006E+2 1.01837500E+0
4.52100006E+2 1.01837500E+0
4.53200012E+2 1.01812500E+0
4.54200012E+2 1.01800000E+0
4.55100006E+2 1.01837500E+0
4.56100006E+2 1.01812500E+0
4.57100006E+2 1.01900000E+0
4.58100006E+2 1.01787500E+0
4.59100006E+2 1.01812500E+0
4.60200012E+2 1.01800000E+0
4.61200012E+2 1.01812500E+0
4.62100006E+2 1.01875000E+0
4.63100006E+2 1.01787500E+0
4.64100006E+2 1.01825000E+0
4.65100006E+2 1.01787500E+0
4.66200012E+2 1.01787500E+0
4.67200012E+2 1.01800000E+0
4.68200012E+2 1.01800000E+0
4.69100006E+2 1.01800000E+0
4.70100006E+2 1.01800000E+0
4.71100006E+2 1.01712500E+0
4.72100006E+2 1.01775000E+0
4.73200012E+2 1.01812500E+0
4.74200012E+2 1.01812500E+0
4.75200012E+2 1.01800000E+0
4.76100006E+2 1.01750000E+0
4.77100006E+2 1.01825000E+0
4.78100006E+2 1.01775000E+0
4.79100006E+2 1.01787500E+0
4.80200012E+2 1.01837500E+0
4.81200012E+2 1.01812500E+0
4.82200012E+2 1.01837500E+0
4.83100006E+2 1.01825000E+0
4.84100006E+2 1.01837500E+0
4.85100006E+2 1.01837500E+0
4.86100006E+2 1.01850000E+0
4.87200012E+2 1.01800000E+0
4.88200012E+2 1.01787500E+0
4.89200012E+2 1.01887500E+0
4.90100006E+2 1.01862500E+0
4.91100006E+2 1.01800000E+0
4.92200012E+2 1.01825000E+0
4.93200012E+2 1.01825000E+0
4.94200012E+2 1.01837500E+0
4.95100006E+2 1.01750000E+0
4.96200012E+2 1.01800000E+0
4.97200012E+2 1.01787500E+0
4.98100006E+2 1.01875000E+0
4.99100006E+2 1.01837500E+0
5.00100006E+2 1.01812500E+0
5.01200012E+2 1.01787500E+0
5.02100006E+2 1.01812500E+0
5.03200012E+2 1.01825000E+0
5.04200012E+2 1.01825000E+0
5.05100006E+2 1.01837500E+0
5.06100006E+2 1.01787500E+0
5.07100006E+2 1.01850000E+0
5.08100006E+2 1.01812500E+0
5.09100006E+2 1.01837500E+0
5.10200012E+2 1.01800000E+0
5.11200012E+2 1.01825000E+0
5.12099976E+2 1.01725000E+0
5.13099976E+2 1.01812500E+0
5.14099976E+2 1.01787500E+0
5.15099976E+2 1.01850000E+0
5.16099976E+2 1.01800000E+0
5.17200012E+2 1.01812500E+0
5.18200012E+2 1.01812500E+0
5.19099976E+2 1.01775000E+0
5.20099976E+2 1.01750000E+0
5.21099976E+2 1.01725000E+0
5.22099976E+2 1.01875000E+0
5.23200012E+2 1.01812500E+0
5.24200012E+2 1.01850000E+0
5.25200012E+2 1.01787500E+0
5.26099976E+2 1.01812500E+0
5.27099976E+2 1.01812500E+0
5.28200012E+2 1.01800000E+0
5.29099976E+2 1.01825000E+0
5.30099976E+2 1.01762500E+0
5.31200012E+2 1.01837500E+0
5.32200012E+2 1.01800000E+0
5.33099976E+2 1.01812500E+0
5.34099976E+2 1.01737500E+0
5.35099976E+2 1.01812500E+0
5.36099976E+2 1.01800000E+0
5.37099976E+2 1.01812500E+0
5.38200012E+2 1.01775000E+0
5.39200012E+2 1.01762500E+0
5.40099976E+2 1.01787500E+0
5.41200012E+2 1.01825000E+0
5.42099976E+2 1.01787500E+0
5.43099976E+2 1.01812500E+0
5.44200012E+2 1.01875000E+0
5.45200012E+2 1.01837500E+0
5.46200012E+2 1.01837500E+0
5.47099976E+2 1.01812500E+0
5.48099976E+2 1.01800000E+0
5.49200012E+2 1.01837500E+0
5.50099976E+2 1.01837500E+0
5.51099976E+2 1.01775000E+0
5.52200012E+2 1.01787500E+0
5.53200012E+2 1.01812500E+0
5.54099976E+2 1.01812500E+0
5.55200012E+2 1.01800000E+0
5.56099976E+2 1.01862500E+0
5.57099976E+2 1.01825000E+0
5.58099976E+2 1.01812500E+0
5.59200012E+2 1.01812500E+0
5.60200012E+2 1.01825000E+0
5.61200012E+2 1.01800000E+0
5.62099976E+2 1.01787500E+0
5.63099976E+2 1.01837500E+0
5.64200012E+2 1.01775000E+0
5.65099976E+2 1.01837500E+0
5.66099976E+2 1.01800000E+0
5.67200012E+2 1.01850000E+0
5.68200012E+2 1.01837500E+0
5.69099976E+2 1.01812500E+0
5.70099976E+2 1.01787500E+0
5.71099976E+2 1.01812500E+0
5.72099976E+2 1.01812500E+0
5.73099976E+2 1.01825000E+0
5.74200012E+2 1.01750000E+0
5.75200012E+2 1.01837500E+0
5.76099976E+2 1.01800000E+0
5.77099976E+2 1.01850000E+0
5.78099976E+2 1.01812500E+0
5.79099976E+2 1.01850000E+0
5.80200012E+2 1.01850000E+0
5.81200012E+2 1.01725000E+0
5.82200012E+2 1.01787500E+0
5.83099976E+2 1.01825000E+0
5.84099976E+2 1.01812500E+0
5.85099976E+2 1.01800000E+0
5.86099976E+2 1.01800000E+0
5.87200012E+2 1.01800000E+0
5.88200012E+2 1.01825000E+0
5.89200012E+2 1.01862500E+0
5.90099976E+2 1.01775000E+0
5.91200012E+2 1.01812500E+0
5.92099976E+2 1.01825000E+0
5.93099976E+2 1.01800000E+0
5.94200012E+2 1.01825000E+0
5.95200012E+2 1.01837500E+0
5.96200012E+2 1.01787500E+0
5.97200012E+2 1.01875000E+0
5.98099976E+2 1.01812500E+0
5.99200012E+2 1.01825000E+0
6.00200012E+2 1.01800000E+0
6.01099976E+2 1.01837500E+0
6.02099976E+2 1.01812500E+0
6.03200012E+2 1.01850000E+0
6.04200012E+2 1.01825000E+0
6.05099976E+2 1.01837500E+0
6.06099976E+2 1.01800000E+0
6.07099976E+2 1.01825000E+0
6.08099976E+2 1.01825000E+0
6.09200012E+2 1.01812500E+0
6.10200012E+2 1.01825000E+0
6.11200012E+2 1.01837500E+0
6.12099976E+2 1.01787500E+0
6.13099976E+2 1.01800000E+0
6.14099976E+2 1.01875000E+0
6.15099976E+2 1.01837500E+0
6.16200012E+2 1.01825000E+0
6.17200012E+2 1.01850000E+0
6.18200012E+2 1.01812500E+0
6.19099976E+2 1.01862500E+0
6.20200012E+2 1.01825000E+0
6.21099976E+2 1.01812500E+0
6.22099976E+2 1.01812500E+0
6.23200012E+2 1.01825000E+0
6.24200012E+2 1.01812500E+0
6.25200012E+2 1.01837500E+0
6.26099976E+2 1.01837500E+0
6.27200012E+2 1.01837500E+0
6.28099976E+2 1.01837500E+0
6.29099976E+2 1.01812500E+0
6.30099976E+2 1.01800000E+0
6.31200012E+2 1.01837500E+0
6.32200012E+2 1.01812500E+0
6.33200012E+2 1.01812500E+0
6.34099976E+2 1.01837500E+0
6.35099976E+2 1.01800000E+0
6.36200012E+2 1.01837500E+0
6.37099976E+2 1.01850000E+0
6.38099976E+2 1.01825000E+0
6.39099976E+2 1.01825000E+0
6.40200012E+2 1.01787500E+0
6.41200012E+2 1.01812500E+0
6.42099976E+2 1.01825000E+0
6.43200012E+2 1.01787500E+0
6.44200012E+2 1.01800000E+0
6.45200012E+2 1.01850000E+0
