0.00000000E+0 1.01812500E+0
1.10000002E+0 1.01812500E+0
2.09999990E+0 1.01812500E+0
3.20000005E+0 1.01812500E+0
4.09999990E+0 1.01862500E+0
5.09999990E+0 1.01812500E+0
6.09999990E+0 1.01825000E+0
7.19999981E+0 1.01850000E+0
8.19999981E+0 1.01812500E+0
9.19999981E+0 1.01825000E+0
1.01999998E+1 1.01825000E+0
1.11999998E+1 1.01775000E+0
1.21999998E+1 1.01875000E+0
1.31999998E+1 1.01837500E+0
1.41000004E+1 1.01812500E+0
1.51000004E+1 1.01800000E+0
1.61000004E+1 1.01837500E+0
1.71000004E+1 1.01775000E+0
1.81000004E+1 1.01862500E+0
1.91000004E+1 1.01800000E+0
2.01000004E+1 1.01812500E+0
2.12000008E+1 1.01837500E+0
2.21000004E+1 1.01837500E+0
2.31000004E+1 1.01862500E+0
2.42000008E+1 1.01800000E+0
2.52000008E+1 1.01812500E+0
2.62000008E+1 1.01750000E+0
2.72000008E+1 1.01750000E+0
2.81000004E+1 1.01800000E+0
2.92000008E+1 1.01812500E+0
3.02000008E+1 1.01812500E+0
3.11000004E+1 1.01800000E+0
3.20999985E+1 1.01825000E+0
3.30999985E+1 1.01762500E+0
3.42000008E+1 1.01812500E+0
3.52000008E+1 1.01812500E+0
3.60999985E+1 1.01775000E+0
3.70999985E+1 1.01825000E+0
3.80999985E+1 1.01825000E+0
3.92000008E+1 1.01812500E+0
4.00999985E+1 1.01812500E+0
4.10999985E+1 1.01812500E+0
4.22000008E+1 1.01812500E+0
4.32000008E+1 1.01825000E+0
4.42000008E+1 1.01812500E+0
4.50999985E+1 1.01850000E+0
4.60999985E+1 1.01812500E+0
4.70999985E+1 1.01850000E+0
4.82000008E+1 1.01812500E+0
4.90999985E+1 1.01762500E+0
5.00999985E+1 1.01837500E+0
5.12000008E+1 1.01800000E+0
5.22000008E+1 1.01800000E+0
5.30999985E+1 1.01812500E+0
5.40999985E+1 1.01825000E+0
5.50999985E+1 1.01762500E+0
5.60999985E+1 1.01762500E+0
5.70999985E+1 1.01825000E+0
5.82000008E+1 1.01762500E+0
5.92000008E+1 1.01787500E+0
6.02000008E+1 1.01825000E+0
6.10999985E+1 1.01737500E+0
6.20999985E+1 1.01812500E+0
6.30999985E+1 1.01787500E+0
6.40999985E+1 1.01825000E+0
6.50999985E+1 1.01825000E+0
6.61999969E+1 1.01825000E+0
6.71999969E+1 1.01825000E+0
6.81999969E+1 1.01800000E+0
6.90999985E+1 1.01787500E+0
7.01999969E+1 1.01825000E+0
7.10999985E+1 1.01825000E+0
7.20999985E+1 1.01812500E+0
7.30999985E+1 1.01887500E+0
7.41999969E+1 1.01887500E+0
7.51999969E+1 1.01787500E+0
7.61999969E+1 1.01812500E+0
7.70999985E+1 1.01812500E+0
7.80999985E+1 1.01800000E+0
7.90999985E+1 1.01825000E+0
8.00999985E+1 1.01812500E+0
8.10999985E+1 1.01800000E+0
8.21999969E+1 1.01875000E+0
8.31999969E+1 1.01800000E+0
8.41999969E+1 1.01825000E+0
8.50999985E+1 1.01825000E+0
8.60999985E+1 1.01800000E+0
8.70999985E+1 1.01800000E+0
8.80999985E+1 1.01825000E+0
8.90999985E+1 1.01812500E+0
9.01999969E+1 1.01825000E+0
9.11999969E+1 1.01787500E+0
9.20999985E+1 1.01837500E+0
9.31999969E+1 1.01775000E+0
9.40999985E+1 1.01862500E+0
9.50999985E+1 1.01825000E+0
9.60999985E+1 1.01800000E+0
9.71999969E+1 1.01800000E+0
9.81999969E+1 1.01812500E+0
9.90999985E+1 1.01812500E+0
1.00199997E+2 1.01762500E+0
1.01099998E+2 1.01812500E+0
1.02199997E+2 1.01812500E+0
1.03099998E+2 1.01812500E+0
1.04199997E+2 1.01812500E+0
1.05199997E+2 1.01837500E+0
1.06199997E+2 1.01762500E+0
1.07099998E+2 1.01850000E+0
1.08099998E+2 1.01775000E+0
1.09099998E+2 1.01787500E+0
1.10099998E+2 1.01812500E+0
1.11099998E+2 1.01862500E+0
1.12199997E+2 1.01862500E+0
1.13199997E+2 1.01862500E+0
1.14199997E+2 1.01812500E+0
1.15099998E+2 1.01825000E+0
1.16099998E+2 1.01812500E+0
1.17099998E+2 1.01812500E+0
1.18099998E+2 1.01812500E+0
1.19199997E+2 1.01812500E+0
1.20199997E+2 1.01812500E+0
1.21199997E+2 1.01812500E+0
1.22099998E+2 1.01825000E+0
1.23099998E+2 1.01825000E+0
1.24099998E+2 1.01837500E+0
1.25099998E+2 1.01825000E+0
1.26099998E+2 1.01825000E+0
1.27199997E+2 1.01775000E+0
1.28199997E+2 1.01775000E+0
1.29100006E+2 1.01750000E+0
1.30100006E+2 1.01850000E+0
1.31100006E+2 1.01825000E+0
1.32100006E+2 1.01825000E+0
1.33100006E+2 1.01850000E+0
1.34199997E+2 1.01787500E+0
1.35199997E+2 1.01825000E+0
1.36100006E+2 1.01812500E+0
1.37199997E+2 1.01787500E+0
1.38199997E+2 1.01825000E+0
1.39100006E+2 1.01812500E+0
1.40100006E+2 1.01812500E+0
1.41199997E+2 1.01837500E+0
1.42199997E+2 1.01812500E+0
1.43199997E+2 1.01875000E+0
1.44100006E+2 1.01812500E+0
1.45199997E+2 1.01812500E+0
1.46100006E+2 1.01787500E+0
1.47199997E+2 1.01887500E+0
1.48100006E+2 1.01825000E+0
1.49100006E+2 1.01812500E+0
1.50199997E+2 1.01825000E+0
1.51199997E+2 1.01800000E+0
1.52100006E+2 1.01850000E+0
1.53100006E+2 1.01775000E+0
1.54199997E+2 1.01825000E+0
1.55100006E+2 1.01800000E+0
1.56100006E+2 1.01825000E+0
1.57199997E+2 1.01825000E+0
1.58199997E+2 1.01762500E+0
1.59199997E+2 1.01825000E+0
1.60100006E+2 1.01812500E+0
1.61100006E+2 1.01812500E+0
1.62100006E+2 1.01787500E+0
1.63100006E+2 1.01825000E+0
1.64100006E+2 1.01812500E+0
1.65199997E+2 1.01750000E+0
1.66199997E+2 1.01762500E+0
1.67100006E+2 1.01787500E+0
1.68100006E+2 1.01812500E+0
1.69100006E+2 1.01800000E+0
1.70100006E+2 1.01812500E+0
1.71199997E+2 1.01850000E+0
1.72199997E+2 1.01875000E+0
1.73199997E+2 1.01825000E+0
1.74100006E+2 1.01850000E+0
1.75199997E+2 1.01775000E+0
1.76100006E+2 1.01800000E+0
1.77100006E+2 1.01862500E+0
1.78100006E+2 1.01800000E+0
1.79199997E+2 1.01812500E+0
1.80199997E+2 1.01800000E+0
1.81100006E+2 1.01800000E+0
1.82100006E+2 1.01812500E+0
1.83199997E+2 1.01837500E+0
1.84100006E+2 1.01775000E+0
1.85100006E+2 1.01800000E+0
1.86199997E+2 1.01812500E+0
1.87199997E+2 1.01812500E+0
1.88100006E+2 1.01800000E+0
1.89100006E+2 1.01775000E+0
1.90100006E+2 1.01800000E+0
1.91100006E+2 1.01800000E+0
1.92100006E+2 1.01800000E+0
1.93199997E+2 1.01825000E+0
1.94199997E+2 1.01837500E+0
1.95100006E+2 1.01812500E+0
1.96100006E+2 1.01812500E+0
1.97100006E+2 1.01812500E+0
1.98100006E+2 1.01825000E+0
1.99100006E+2 1.01875000E+0
2.00199997E+2 1.01887500E+0
2.01100006E+2 1.01825000E+0
2.02100006E+2 1.01812500E+0
2.03100006E+2 1.01775000E+0
2.04100006E+2 1.01887500E+0
2.05100006E+2 1.01875000E+0
2.06199997E+2 1.01800000E+0
2.07199997E+2 1.01825000E+0
2.08100006E+2 1.01787500E+0
2.09100006E+2 1.01875000E+0
2.10199997E+2 1.01887500E+0
2.11100006E+2 1.01837500E+0
2.12100006E+2 1.01825000E+0
2.13100006E+2 1.01812500E+0
2.14199997E+2 1.01812500E+0
2.15199997E+2 1.01812500E+0
2.16100006E+2 1.01825000E+0
2.17100006E+2 1.01812500E+0
2.18100006E+2 1.01825000E+0
2.19199997E+2 1.01812500E+0
2.20100006E+2 1.01787500E+0
2.21199997E+2 1.01837500E+0
2.22199997E+2 1.01850000E+0
2.23100006E+2 1.01837500E+0
2.24100006E+2 1.01812500E+0
2.25100006E+2 1.01762500E+0
2.26100006E+2 1.01875000E+0
2.27100006E+2 1.01837500E+0
2.28199997E+2 1.01762500E+0
2.29199997E+2 1.01825000E+0
2.30100006E+2 1.01837500E+0
2.31100006E+2 1.01837500E+0
2.32100006E+2 1.01825000E+0
2.33100006E+2 1.01800000E+0
2.34100006E+2 1.01787500E+0
2.35199997E+2 1.01800000E+0
2.36199997E+2 1.01837500E+0
2.37100006E+2 1.01900000E+0
2.38100006E+2 1.01837500E+0
2.39100006E+2 1.01862500E+0
2.40100006E+2 1.01825000E+0
2.41100006E+2 1.01862500E+0
2.42199997E+2 1.01800000E+0
2.43199997E+2 1.01825000E+0
2.44100006E+2 1.01737500E+0
2.45100006E+2 1.01800000E+0
2.46199997E+2 1.01812500E+0
2.47100006E+2 1.01825000E+0
2.48100006E+2 1.01775000E+0
2.49199997E+2 1.01800000E+0
2.50199997E+2 1.01812500E+0
2.51199997E+2 1.01825000E+0
2.52100006E+2 1.01812500E+0
2.53199997E+2 1.01812500E+0
2.54100006E+2 1.01837500E+0
2.55100006E+2 1.01850000E+0
2.56200012E+2 1.01812500E+0
2.57200012E+2 1.01762500E+0
2.58200012E+2 1.01825000E+0
2.59100006E+2 1.01775000E+0
2.60200012E+2 1.01812500E+0
2.61100006E+2 1.01862500E+0
2.62100006E+2 1.01812500E+0
2.63100006E+2 1.01875000E+0
2.64200012E+2 1.01812500E+0
2.65100006E+2 1.01887500E+0
2.66200012E+2 1.01800000E+0
2.67100006E+2 1.01812500E+0
2.68100006E+2 1.01825000E+0
2.69100006E+2 1.01812500E+0
2.70200012E+2 1.01837500E+0
2.71200012E+2 1.01812500E+0
2.72100006E+2 1.01825000E+0
2.73100006E+2 1.01825000E+0
2.74100006E+2 1.01800000E+0
2.75100006E+2 1.01812500E+0
2.76100006E+2 1.01800000E+0
2.77200012E+2 1.01812500E+0
2.78200012E+2 1.01800000E+0
2.79100006E+2 1.01812500E+0
2.80100006E+2 1.01812500E+0
2.81100006E+2 1.01800000E+0
2.82200012E+2 1.01812500E+0
2.83100006E+2 1.01800000E+0
2.84200012E+2 1.01812500E+0
2.85200012E+2 1.01812500E+0
2.86100006E+2 1.01812500E+0
2.87100006E+2 1.01850000E+0
2.88100006E+2 1.01800000E+0
2.89100006E+2 1.01812500E+0
2.90100006E+2 1.01887500E+0
2.91200012E+2 1.01875000E+0
2.92200012E+2 1.01812500E+0
2.93100006E+2 1.01825000E+0
2.94200012E+2 1.01787500E+0
2.95100006E+2 1.01850000E+0
2.96100006E+2 1.01800000E+0
2.97200012E+2 1.01837500E+0
2.98200012E+2 1.01775000E+0
2.99200012E+2 1.01887500E+0
3.00200012E+2 1.01812500E+0
3.01100006E+2 1.01837500E+0
3.02200012E+2 1.01825000E+0
3.03100006E+2 1.01837500E+0
3.04200012E+2 1.01812500E+0
3.05100006E+2 1.01825000E+0
3.06200012E+2 1.01825000E+0
3.07200012E+2 1.01812500E+0
