0.00000000E+0 1.01812500E+0
1.20000005E+0 1.01806250E+0
2.29999995E+0 1.01800000E+0
3.20000005E+0 1.01806250E+0
4.30000019E+0 1.01806250E+0
5.19999981E+0 1.01806250E+0
6.19999981E+0 1.01806250E+0
7.19999981E+0 1.01806250E+0
8.19999981E+0 1.01806250E+0
9.19999981E+0 1.01806250E+0
1.01999998E+1 1.01806250E+0
1.11999998E+1 1.01812500E+0
1.21999998E+1 1.01806250E+0
1.31999998E+1 1.01812500E+0
1.41999998E+1 1.01806250E+0
1.51999998E+1 1.01806250E+0
1.62000008E+1 1.01806250E+0
1.72000008E+1 1.01812500E+0
1.82000008E+1 1.01812500E+0
1.92000008E+1 1.01806250E+0
2.02000008E+1 1.01800000E+0
2.12000008E+1 1.01806250E+0
2.22000008E+1 1.01806250E+0
2.32999992E+1 1.01812500E+0
2.42000008E+1 1.01812500E+0
2.52000008E+1 1.01806250E+0
2.62000008E+1 1.01812500E+0
2.72000008E+1 1.01812500E+0
2.82000008E+1 1.01812500E+0
2.92000008E+1 1.01812500E+0
3.02000008E+1 1.01812500E+0
3.12000008E+1 1.01806250E+0
3.22000008E+1 1.01806250E+0
3.32000008E+1 1.01806250E+0
3.42000008E+1 1.01806250E+0
3.52000008E+1 1.01812500E+0
3.62000008E+1 1.01806250E+0
3.72000008E+1 1.01812500E+0
3.82000008E+1 1.01818750E+0
3.92000008E+1 1.01806250E+0
4.02000008E+1 1.01806250E+0
4.12000008E+1 1.01818750E+0
4.22000008E+1 1.01812500E+0
4.32000008E+1 1.01806250E+0
4.42000008E+1 1.01812500E+0
4.52000008E+1 1.01812500E+0
4.62000008E+1 1.01806250E+0
4.72000008E+1 1.01812500E+0
4.82000008E+1 1.01806250E+0
4.92000008E+1 1.01818750E+0
5.02000008E+1 1.01806250E+0
5.12000008E+1 1.01812500E+0
5.22000008E+1 1.01812500E+0
5.32000008E+1 1.01812500E+0
5.42000008E+1 1.01806250E+0
5.52000008E+1 1.01806250E+0
5.62000008E+1 1.01806250E+0
5.72000008E+1 1.01812500E+0
5.82000008E+1 1.01806250E+0
5.92000008E+1 1.01812500E+0
6.02000008E+1 1.01806250E+0
6.12000008E+1 1.01812500E+0
6.22000008E+1 1.01812500E+0
6.32000008E+1 1.01812500E+0
6.41999969E+1 1.01812500E+0
6.51999969E+1 1.01806250E+0
6.61999969E+1 1.01806250E+0
6.71999969E+1 1.01806250E+0
6.81999969E+1 1.01806250E+0
6.91999969E+1 1.01806250E+0
7.01999969E+1 1.01806250E+0
7.11999969E+1 1.01812500E+0
7.21999969E+1 1.01812500E+0
7.31999969E+1 1.01812500E+0
7.41999969E+1 1.01812500E+0
7.51999969E+1 1.01812500E+0
7.61999969E+1 1.01806250E+0
7.71999969E+1 1.01812500E+0
7.81999969E+1 1.01812500E+0
7.91999969E+1 1.01806250E+0
8.01999969E+1 1.01812500E+0
8.11999969E+1 1.01812500E+0
8.21999969E+1 1.01812500E+0
8.31999969E+1 1.01806250E+0
8.41999969E+1 1.01812500E+0
8.51999969E+1 1.01812500E+0
8.61999969E+1 1.01806250E+0
8.71999969E+1 1.01812500E+0
8.81999969E+1 1.01812500E+0
8.91999969E+1 1.01812500E+0
9.01999969E+1 1.01812500E+0
9.11999969E+1 1.01806250E+0
9.21999969E+1 1.01806250E+0
9.31999969E+1 1.01812500E+0
9.41999969E+1 1.01806250E+0
9.51999969E+1 1.01806250E+0
9.61999969E+1 1.01806250E+0
9.71999969E+1 1.01812500E+0
9.81999969E+1 1.01806250E+0
9.91999969E+1 1.01812500E+0
1.00199997E+2 1.01812500E+0
1.01300003E+2 1.01806250E+0
1.02199997E+2 1.01806250E+0
1.03199997E+2 1.01812500E+0
1.04199997E+2 1.01812500E+0
1.05199997E+2 1.01812500E+0
1.06199997E+2 1.01812500E+0
1.07199997E+2 1.01800000E+0
1.08199997E+2 1.01806250E+0
1.09199997E+2 1.01806250E+0
1.10199997E+2 1.01806250E+0
1.11199997E+2 1.01806250E+0
1.12199997E+2 1.01818750E+0
1.13199997E+2 1.01812500E+0
1.14199997E+2 1.01806250E+0
1.15199997E+2 1.01806250E+0
1.16199997E+2 1.01812500E+0
1.17199997E+2 1.01812500E+0
1.18199997E+2 1.01812500E+0
1.19199997E+2 1.01806250E+0
1.20199997E+2 1.01812500E+0
1.21199997E+2 1.01806250E+0
1.22199997E+2 1.01812500E+0
1.23199997E+2 1.01812500E+0
1.24199997E+2 1.01806250E+0
1.25199997E+2 1.01800000E+0
1.26199997E+2 1.01806250E+0
1.27199997E+2 1.01812500E+0
1.28199997E+2 1.01806250E+0
1.29199997E+2 1.01812500E+0
1.30199997E+2 1.01812500E+0
1.31199997E+2 1.01806250E+0
1.32199997E+2 1.01806250E+0
1.33199997E+2 1.01806250E+0
1.34199997E+2 1.01812500E+0
1.35199997E+2 1.01806250E+0
1.36199997E+2 1.01806250E+0
1.37199997E+2 1.01806250E+0
1.38199997E+2 1.01812500E+0
1.39199997E+2 1.01812500E+0
1.40199997E+2 1.01806250E+0
1.41199997E+2 1.01806250E+0
1.42199997E+2 1.01806250E+0
1.43199997E+2 1.01812500E+0
1.44199997E+2 1.01812500E+0
1.45199997E+2 1.01812500E+0
1.46199997E+2 1.01806250E+0
1.47199997E+2 1.01806250E+0
1.48199997E+2 1.01812500E+0
1.49199997E+2 1.01806250E+0
1.50199997E+2 1.01812500E+0
1.51199997E+2 1.01812500E+0
1.52199997E+2 1.01812500E+0
1.53199997E+2 1.01812500E+0
1.54199997E+2 1.01812500E+0
1.55199997E+2 1.01812500E+0
1.56199997E+2 1.01812500E+0
1.57199997E+2 1.01812500E+0
1.58199997E+2 1.01812500E+0
1.59199997E+2 1.01806250E+0
1.60199997E+2 1.01806250E+0
1.61199997E+2 1.01812500E+0
1.62199997E+2 1.01812500E+0
1.63199997E+2 1.01806250E+0
1.64199997E+2 1.01806250E+0
1.65199997E+2 1.01800000E+0
1.66199997E+2 1.01812500E+0
1.67199997E+2 1.01806250E+0
1.68199997E+2 1.01812500E+0
1.69199997E+2 1.01806250E+0
1.70199997E+2 1.01806250E+0
1.71199997E+2 1.01812500E+0
1.72199997E+2 1.01806250E+0
1.73199997E+2 1.01806250E+0
1.74199997E+2 1.01812500E+0
1.75199997E+2 1.01812500E+0
1.76199997E+2 1.01818750E+0
1.77199997E+2 1.01806250E+0
1.78199997E+2 1.01812500E+0
1.79199997E+2 1.01812500E+0
1.80199997E+2 1.01812500E+0
1.81199997E+2 1.01806250E+0
1.82199997E+2 1.01812500E+0
1.83199997E+2 1.01806250E+0
1.84199997E+2 1.01806250E+0
1.85199997E+2 1.01806250E+0
1.86199997E+2 1.01806250E+0
1.87199997E+2 1.01812500E+0
1.88199997E+2 1.01812500E+0
1.89199997E+2 1.01812500E+0
1.90199997E+2 1.01812500E+0
1.91199997E+2 1.01812500E+0
1.92199997E+2 1.01800000E+0
1.93199997E+2 1.01812500E+0
1.94199997E+2 1.01812500E+0
1.95199997E+2 1.01806250E+0
1.96199997E+2 1.01812500E+0
1.97199997E+2 1.01806250E+0
1.98199997E+2 1.01806250E+0
1.99199997E+2 1.01812500E+0
2.00199997E+2 1.01806250E+0
2.01199997E+2 1.01806250E+0
2.02199997E+2 1.01806250E+0
2.03199997E+2 1.01806250E+0
2.04199997E+2 1.01812500E+0
2.05199997E+2 1.01806250E+0
2.06199997E+2 1.01812500E+0
2.07199997E+2 1.01812500E+0
2.08199997E+2 1.01812500E+0
2.09199997E+2 1.01812500E+0
2.10199997E+2 1.01800000E+0
2.11199997E+2 1.01806250E+0
2.12199997E+2 1.01812500E+0
2.13199997E+2 1.01806250E+0
2.14199997E+2 1.01812500E+0
2.15199997E+2 1.01812500E+0
2.16199997E+2 1.01806250E+0
2.17199997E+2 1.01806250E+0
2.18199997E+2 1.01818750E+0
2.19199997E+2 1.01806250E+0
2.20199997E+2 1.01806250E+0
2.21199997E+2 1.01812500E+0
2.22199997E+2 1.01812500E+0
2.23199997E+2 1.01812500E+0
2.24199997E+2 1.01812500E+0
2.25199997E+2 1.01812500E+0
2.26199997E+2 1.01812500E+0
2.27199997E+2 1.01812500E+0
2.28199997E+2 1.01812500E+0
2.29199997E+2 1.01812500E+0
2.30199997E+2 1.01812500E+0
2.31199997E+2 1.01806250E+0
2.32199997E+2 1.01806250E+0
2.33199997E+2 1.01806250E+0
2.34199997E+2 1.01806250E+0
2.35199997E+2 1.01806250E+0
2.36199997E+2 1.01806250E+0
2.37199997E+2 1.01812500E+0
2.38199997E+2 1.01812500E+0
2.39199997E+2 1.01806250E+0
2.40199997E+2 1.01806250E+0
2.41199997E+2 1.01806250E+0
2.42199997E+2 1.01812500E+0
2.43199997E+2 1.01812500E+0
2.44199997E+2 1.01806250E+0
2.45199997E+2 1.01806250E+0
2.46199997E+2 1.01800000E+0
2.47199997E+2 1.01806250E+0
2.48199997E+2 1.01812500E+0
2.49199997E+2 1.01812500E+0
2.50199997E+2 1.01806250E+0
2.51199997E+2 1.01812500E+0
2.52199997E+2 1.01806250E+0
2.53199997E+2 1.01806250E+0
2.54199997E+2 1.01806250E+0
2.55199997E+2 1.01812500E+0
2.56200012E+2 1.01806250E+0
2.57200012E+2 1.01806250E+0
2.58200012E+2 1.01806250E+0
2.59200012E+2 1.01812500E+0
2.60200012E+2 1.01806250E+0
2.61200012E+2 1.01818750E+0
2.62200012E+2 1.01812500E+0
2.63200012E+2 1.01806250E+0
2.64200012E+2 1.01812500E+0
2.65200012E+2 1.01806250E+0
2.66200012E+2 1.01812500E+0
2.67200012E+2 1.01806250E+0
2.68200012E+2 1.01818750E+0
2.69200012E+2 1.01806250E+0
2.70200012E+2 1.01800000E+0
2.71200012E+2 1.01806250E+0
2.72200012E+2 1.01812500E+0
2.73200012E+2 1.01812500E+0
2.74200012E+2 1.01812500E+0
2.75200012E+2 1.01812500E+0
2.76200012E+2 1.01812500E+0
2.77200012E+2 1.01812500E+0
2.78200012E+2 1.01812500E+0
2.79200012E+2 1.01812500E+0
2.80200012E+2 1.01806250E+0
2.81200012E+2 1.01806250E+0
2.82200012E+2 1.01812500E+0
2.83200012E+2 1.01812500E+0
2.84200012E+2 1.01812500E+0
2.85200012E+2 1.01812500E+0
2.86200012E+2 1.01812500E+0
2.87200012E+2 1.01812500E+0
2.88200012E+2 1.01806250E+0
2.89200012E+2 1.01812500E+0
2.90200012E+2 1.01806250E+0
2.91200012E+2 1.01812500E+0
2.92200012E+2 1.01812500E+0
2.93200012E+2 1.01812500E+0
2.94200012E+2 1.01806250E+0
2.95200012E+2 1.01806250E+0
2.96200012E+2 1.01812500E+0
2.97200012E+2 1.01812500E+0
2.98200012E+2 1.01806250E+0
2.99200012E+2 1.01806250E+0
3.00200012E+2 1.01812500E+0
3.01200012E+2 1.01812500E+0
3.02200012E+2 1.01812500E+0
3.03200012E+2 1.01806250E+0
3.04200012E+2 1.01812500E+0
3.05200012E+2 1.01812500E+0
3.06200012E+2 1.01812500E+0
3.07200012E+2 1.01806250E+0
3.08200012E+2 1.01812500E+0
3.09200012E+2 1.01812500E+0
3.10200012E+2 1.01818750E+0
3.11200012E+2 1.01812500E+0
3.12200012E+2 1.01812500E+0
3.13200012E+2 1.01806250E+0
3.14200012E+2 1.01806250E+0
3.15200012E+2 1.01806250E+0
3.16200012E+2 1.01806250E+0
3.17200012E+2 1.01806250E+0
3.18200012E+2 1.01806250E+0
3.19200012E+2 1.01806250E+0
3.20200012E+2 1.01812500E+0
3.21200012E+2 1.01812500E+0
3.22200012E+2 1.01806250E+0
3.23200012E+2 1.01812500E+0
3.24200012E+2 1.01818750E+0
3.25200012E+2 1.01806250E+0
3.26200012E+2 1.01812500E+0
3.27200012E+2 1.01812500E+0
3.28200012E+2 1.01806250E+0
3.29200012E+2 1.01812500E+0
3.30200012E+2 1.01806250E+0
3.31200012E+2 1.01812500E+0
3.32200012E+2 1.01806250E+0
3.33200012E+2 1.01812500E+0
3.34200012E+2 1.01818750E+0
3.35200012E+2 1.01812500E+0
3.36200012E+2 1.01806250E+0
3.37200012E+2 1.01812500E+0
3.38200012E+2 1.01812500E+0
3.39200012E+2 1.01806250E+0
3.40200012E+2 1.01812500E+0
3.41200012E+2 1.01806250E+0
3.42200012E+2 1.01812500E+0
3.43200012E+2 1.01806250E+0
3.44200012E+2 1.01806250E+0
3.45200012E+2 1.01812500E+0
3.46200012E+2 1.01806250E+0
3.47200012E+2 1.01812500E+0
3.48200012E+2 1.01806250E+0
3.49200012E+2 1.01806250E+0
3.50200012E+2 1.01812500E+0
3.51200012E+2 1.01806250E+0
3.52200012E+2 1.01806250E+0
3.53200012E+2 1.01812500E+0
3.54200012E+2 1.01812500E+0
3.55200012E+2 1.01812500E+0
3.56200012E+2 1.01812500E+0
3.57200012E+2 1.01812500E+0
3.58200012E+2 1.01812500E+0
3.59200012E+2 1.01806250E+0
3.60200012E+2 1.01812500E+0
3.61200012E+2 1.01806250E+0
3.62200012E+2 1.01812500E+0
3.63200012E+2 1.01812500E+0
3.64200012E+2 1.01812500E+0
3.65200012E+2 1.01812500E+0
3.66200012E+2 1.01812500E+0
3.67200012E+2 1.01812500E+0
3.68200012E+2 1.01812500E+0
3.69200012E+2 1.01806250E+0
3.70200012E+2 1.01806250E+0
3.71200012E+2 1.01806250E+0
3.72200012E+2 1.01806250E+0
3.73200012E+2 1.01812500E+0
3.74200012E+2 1.01812500E+0
3.75200012E+2 1.01812500E+0
3.76200012E+2 1.01806250E+0
3.77200012E+2 1.01812500E+0
3.78200012E+2 1.01812500E+0
3.79200012E+2 1.01806250E+0
3.80200012E+2 1.01800000E+0
3.81200012E+2 1.01812500E+0
3.82200012E+2 1.01818750E+0
3.83200012E+2 1.01806250E+0
3.84200012E+2 1.01818750E+0
3.85200012E+2 1.01800000E+0
3.86200012E+2 1.01812500E+0
3.87200012E+2 1.01806250E+0
3.88200012E+2 1.01806250E+0
3.89200012E+2 1.01806250E+0
3.90200012E+2 1.01806250E+0
3.91200012E+2 1.01806250E+0
3.92200012E+2 1.01812500E+0
3.93200012E+2 1.01812500E+0
3.94200012E+2 1.01806250E+0
3.95299988E+2 1.01812500E+0
3.96200012E+2 1.01812500E+0
3.97200012E+2 1.01812500E+0
3.98200012E+2 1.01806250E+0
3.99200012E+2 1.01806250E+0
4.00200012E+2 1.01806250E+0
4.01200012E+2 1.01806250E+0
4.02200012E+2 1.01818750E+0
4.03200012E+2 1.01806250E+0
4.04200012E+2 1.01806250E+0
4.05200012E+2 1.01812500E+0
4.06200012E+2 1.01812500E+0
4.07200012E+2 1.01812500E+0
4.08200012E+2 1.01812500E+0
4.09200012E+2 1.01806250E+0
4.10200012E+2 1.01806250E+0
4.11200012E+2 1.01812500E+0
4.12200012E+2 1.01812500E+0
4.13200012E+2 1.01812500E+0
4.14200012E+2 1.01806250E+0
4.15200012E+2 1.01806250E+0
4.16200012E+2 1.01812500E+0
4.17200012E+2 1.01812500E+0
4.18200012E+2 1.01806250E+0
4.19200012E+2 1.01806250E+0
4.20200012E+2 1.01806250E+0
4.21200012E+2 1.01806250E+0
4.22200012E+2 1.01812500E+0
4.23200012E+2 1.01806250E+0
4.24200012E+2 1.01806250E+0
4.25200012E+2 1.01806250E+0
4.26200012E+2 1.01818750E+0
4.27200012E+2 1.01812500E+0
4.28200012E+2 1.01812500E+0
4.29200012E+2 1.01806250E+0
4.30200012E+2 1.01812500E+0
4.31200012E+2 1.01812500E+0
4.32200012E+2 1.01812500E+0
4.33200012E+2 1.01806250E+0
4.34200012E+2 1.01812500E+0
4.35200012E+2 1.01806250E+0
4.36200012E+2 1.01806250E+0
4.37200012E+2 1.01812500E+0
4.38200012E+2 1.01812500E+0
4.39200012E+2 1.01806250E+0
4.40200012E+2 1.01800000E+0
4.41200012E+2 1.01812500E+0
4.42200012E+2 1.01806250E+0
4.43200012E+2 1.01806250E+0
4.44200012E+2 1.01812500E+0
4.45200012E+2 1.01812500E+0
4.46200012E+2 1.01806250E+0
4.47200012E+2 1.01812500E+0
4.48200012E+2 1.01812500E+0
4.49200012E+2 1.01806250E+0
4.50200012E+2 1.01812500E+0
4.51200012E+2 1.01806250E+0
4.52200012E+2 1.01806250E+0
4.53200012E+2 1.01812500E+0
4.54200012E+2 1.01812500E+0
4.55200012E+2 1.01806250E+0
4.56200012E+2 1.01812500E+0
4.57200012E+2 1.01812500E+0
4.58200012E+2 1.01812500E+0
4.59200012E+2 1.01806250E+0
4.60200012E+2 1.01806250E+0
4.61200012E+2 1.01806250E+0
4.62200012E+2 1.01806250E+0
4.63200012E+2 1.01812500E+0
4.64200012E+2 1.01806250E+0
4.65200012E+2 1.01812500E+0
4.66200012E+2 1.01812500E+0
4.67200012E+2 1.01812500E+0
4.68200012E+2 1.01812500E+0
4.69200012E+2 1.01818750E+0
4.70200012E+2 1.01812500E+0
4.71200012E+2 1.01806250E+0
4.72200012E+2 1.01812500E+0
4.73200012E+2 1.01812500E+0
4.74200012E+2 1.01812500E+0
4.75200012E+2 1.01806250E+0
4.76200012E+2 1.01806250E+0
4.77200012E+2 1.01806250E+0
4.78200012E+2 1.01812500E+0
4.79200012E+2 1.01806250E+0
4.80200012E+2 1.01812500E+0
4.81200012E+2 1.01806250E+0
4.82200012E+2 1.01818750E+0
4.83200012E+2 1.01812500E+0
4.84200012E+2 1.01812500E+0
4.85200012E+2 1.01806250E+0
4.86200012E+2 1.01812500E+0
4.87200012E+2 1.01806250E+0
4.88200012E+2 1.01806250E+0
4.89200012E+2 1.01806250E+0
4.90200012E+2 1.01806250E+0
4.91200012E+2 1.01806250E+0
4.92200012E+2 1.01812500E+0
4.93200012E+2 1.01812500E+0
4.94200012E+2 1.01806250E+0
4.95200012E+2 1.01818750E+0
4.96200012E+2 1.01818750E+0
4.97200012E+2 1.01806250E+0
4.98200012E+2 1.01806250E+0
4.99200012E+2 1.01812500E+0
5.00200012E+2 1.01812500E+0
5.01200012E+2 1.01812500E+0
5.02200012E+2 1.01812500E+0
5.03200012E+2 1.01812500E+0
5.04200012E+2 1.01806250E+0
5.05200012E+2 1.01806250E+0
5.06200012E+2 1.01806250E+0
5.07200012E+2 1.01806250E+0
5.08200012E+2 1.01812500E+0
5.09200012E+2 1.01806250E+0
5.10200012E+2 1.01812500E+0
5.11200012E+2 1.01812500E+0
5.12200012E+2 1.01818750E+0
5.13200012E+2 1.01806250E+0
5.14200012E+2 1.01806250E+0
5.15200012E+2 1.01812500E+0
5.16200012E+2 1.01812500E+0
5.17200012E+2 1.01812500E+0
5.18200012E+2 1.01806250E+0
5.19200012E+2 1.01812500E+0
5.20200012E+2 1.01812500E+0
5.21200012E+2 1.01812500E+0
5.22200012E+2 1.01812500E+0
5.23200012E+2 1.01812500E+0
5.24200012E+2 1.01812500E+0
5.25200012E+2 1.01812500E+0
5.26200012E+2 1.01806250E+0
5.27200012E+2 1.01812500E+0
5.28200012E+2 1.01806250E+0
5.29200012E+2 1.01806250E+0
5.30200012E+2 1.01812500E+0
5.31200012E+2 1.01812500E+0
5.32200012E+2 1.01812500E+0
5.33200012E+2 1.01806250E+0
5.34200012E+2 1.01812500E+0
5.35200012E+2 1.01812500E+0
5.36200012E+2 1.01812500E+0
5.37200012E+2 1.01812500E+0
5.38200012E+2 1.01812500E+0
5.39200012E+2 1.01812500E+0
5.40200012E+2 1.01812500E+0
5.41200012E+2 1.01812500E+0
5.42200012E+2 1.01818750E+0
5.43200012E+2 1.01812500E+0
5.44200012E+2 1.01812500E+0
5.45200012E+2 1.01800000E+0
5.46200012E+2 1.01806250E+0
5.47200012E+2 1.01806250E+0
5.48200012E+2 1.01806250E+0
5.49200012E+2 1.01806250E+0
5.50200012E+2 1.01812500E+0
5.51200012E+2 1.01812500E+0
5.52200012E+2 1.01812500E+0
5.53200012E+2 1.01812500E+0
5.54200012E+2 1.01806250E+0
5.55200012E+2 1.01812500E+0
5.56200012E+2 1.01806250E+0
5.57200012E+2 1.01812500E+0
5.58200012E+2 1.01806250E+0
5.59200012E+2 1.01806250E+0
5.60200012E+2 1.01812500E+0
5.61200012E+2 1.01812500E+0
5.62200012E+2 1.01812500E+0
5.63200012E+2 1.01812500E+0
5.64200012E+2 1.01806250E+0
5.65200012E+2 1.01812500E+0
5.66200012E+2 1.01806250E+0
5.67200012E+2 1.01812500E+0
5.68200012E+2 1.01800000E+0
5.69200012E+2 1.01806250E+0
5.70200012E+2 1.01818750E+0
5.71200012E+2 1.01812500E+0
5.72200012E+2 1.01812500E+0
5.73200012E+2 1.01812500E+0
5.74200012E+2 1.01806250E+0
5.75200012E+2 1.01806250E+0
5.76200012E+2 1.01812500E+0
5.77200012E+2 1.01806250E+0
5.78200012E+2 1.01812500E+0
5.79200012E+2 1.01812500E+0
5.80200012E+2 1.01806250E+0
5.81200012E+2 1.01806250E+0
5.82200012E+2 1.01806250E+0
5.83200012E+2 1.01806250E+0
5.84200012E+2 1.01806250E+0
5.85200012E+2 1.01806250E+0
5.86200012E+2 1.01812500E+0
5.87200012E+2 1.01806250E+0
5.88200012E+2 1.01806250E+0
5.89200012E+2 1.01806250E+0
5.90200012E+2 1.01806250E+0
5.91200012E+2 1.01806250E+0
5.92200012E+2 1.01806250E+0
5.93200012E+2 1.01818750E+0
5.94200012E+2 1.01812500E+0
5.95200012E+2 1.01812500E+0
5.96299988E+2 1.01800000E+0
5.97200012E+2 1.01818750E+0
5.98200012E+2 1.01806250E+0
5.99200012E+2 1.01806250E+0
6.00200012E+2 1.01818750E+0
6.01200012E+2 1.01818750E+0
6.02200012E+2 1.01806250E+0
6.03200012E+2 1.01812500E+0
6.04200012E+2 1.01812500E+0
6.05200012E+2 1.01806250E+0
6.06200012E+2 1.01812500E+0
