0.00000000E+0 1.01818750E+0 1.00000001E-1 2.93097500E+2
1.20000005E+0 1.01818750E+0 1.29999995E+0 2.93097500E+2
2.20000005E+0 1.01818750E+0 2.29999995E+0 2.93097500E+2
3.20000005E+0 1.01825000E+0 3.29999995E+0 2.93097500E+2
4.19999981E+0 1.01825000E+0 4.30000019E+0 2.93097500E+2
5.19999981E+0 1.01818750E+0 5.30000019E+0 2.93097500E+2
6.30000019E+0 1.01825000E+0 6.30000019E+0 2.93097500E+2
7.19999981E+0 1.01825000E+0 7.30000019E+0 2.93097500E+2
8.30000019E+0 1.01818750E+0 8.30000019E+0 2.93097500E+2
9.30000019E+0 1.01825000E+0 9.30000019E+0 2.93097500E+2
1.03000002E+1 1.01825000E+0 1.03000002E+1 2.93097500E+2
1.13000002E+1 1.01825000E+0 1.13000002E+1 2.93035000E+2
1.23000002E+1 1.01818750E+0 1.23000002E+1 2.93097500E+2
1.33000002E+1 1.01818750E+0 1.33000002E+1 2.93097500E+2
1.43000002E+1 1.01818750E+0 1.43000002E+1 2.93035000E+2
1.53000002E+1 1.01818750E+0 1.53000002E+1 2.93097500E+2
1.62999992E+1 1.01818750E+0 1.62999992E+1 2.93097500E+2
1.72999992E+1 1.01818750E+0 1.72999992E+1 2.93097500E+2
1.82999992E+1 1.01825000E+0 1.82999992E+1 2.93097500E+2
1.92999992E+1 1.01818750E+0 1.92999992E+1 2.93097500E+2
2.02999992E+1 1.01825000E+0 2.02999992E+1 2.93097500E+2
2.12999992E+1 1.01818750E+0 2.12999992E+1 2.93097500E+2
2.22999992E+1 1.01818750E+0 2.22999992E+1 2.93097500E+2
2.32999992E+1 1.01818750E+0 2.32999992E+1 2.93097500E+2
2.42999992E+1 1.01818750E+0 2.42999992E+1 2.93035000E+2
2.52999992E+1 1.01818750E+0 2.52999992E+1 2.93035000E+2
2.62999992E+1 1.01818750E+0 2.62999992E+1 2.93097500E+2
2.72999992E+1 1.01825000E+0 2.72999992E+1 2.93097500E+2
2.82999992E+1 1.01818750E+0 2.82999992E+1 2.93035000E+2
2.92999992E+1 1.01818750E+0 2.92999992E+1 2.93035000E+2
3.02000008E+1 1.01825000E+0 3.02999992E+1 2.93035000E+2
3.12999992E+1 1.01818750E+0 3.12999992E+1 2.93097500E+2
3.22999992E+1 1.01818750E+0 3.22999992E+1 2.93097500E+2
3.32999992E+1 1.01818750E+0 3.32999992E+1 2.93097500E+2
3.42999992E+1 1.01825000E+0 3.42999992E+1 2.93097500E+2
3.52999992E+1 1.01818750E+0 3.52999992E+1 2.93035000E+2
3.62999992E+1 1.01818750E+0 3.62999992E+1 2.93035000E+2
3.72999992E+1 1.01825000E+0 3.72999992E+1 2.93035000E+2
3.82999992E+1 1.01818750E+0 3.82999992E+1 2.93097500E+2
3.92999992E+1 1.01825000E+0 3.92999992E+1 2.93097500E+2
4.02999992E+1 1.01825000E+0 4.04000015E+1 2.93035000E+2
4.12999992E+1 1.01818750E+0 4.12999992E+1 2.93035000E+2
4.22999992E+1 1.01818750E+0 4.24000015E+1 2.93097500E+2
4.32999992E+1 1.01825000E+0 4.34000015E+1 2.93097500E+2
4.42999992E+1 1.01818750E+0 4.44000015E+1 2.93035000E+2
4.52999992E+1 1.01818750E+0 4.54000015E+1 2.93035000E+2
4.62999992E+1 1.01818750E+0 4.64000015E+1 2.93097500E+2
4.74000015E+1 1.01825000E+0 4.74000015E+1 2.93035000E+2
4.84000015E+1 1.01825000E+0 4.84000015E+1 2.93097500E+2
4.94000015E+1 1.01818750E+0 4.94000015E+1 2.93097500E+2
5.04000015E+1 1.01818750E+0 5.04000015E+1 2.93097500E+2
5.14000015E+1 1.01818750E+0 5.14000015E+1 2.93097500E+2
5.24000015E+1 1.01818750E+0 5.24000015E+1 2.93035000E+2
5.34000015E+1 1.01825000E+0 5.35000000E+1 2.93035000E+2
5.44000015E+1 1.01825000E+0 5.45000000E+1 2.93035000E+2
5.54000015E+1 1.01818750E+0 5.54000015E+1 2.93035000E+2
5.64000015E+1 1.01818750E+0 5.65000000E+1 2.93035000E+2
5.74000015E+1 1.01818750E+0 5.74000015E+1 2.93035000E+2
5.84000015E+1 1.01818750E+0 5.84000015E+1 2.93035000E+2
5.94000015E+1 1.01818750E+0 5.94000015E+1 2.93097500E+2
6.04000015E+1 1.01818750E+0 6.05000000E+1 2.93097500E+2
6.14000015E+1 1.01818750E+0 6.15000000E+1 2.93035000E+2
6.24000015E+1 1.01818750E+0 6.24000015E+1 2.93035000E+2
6.34000015E+1 1.01818750E+0 6.35000000E+1 2.93035000E+2
6.44000015E+1 1.01818750E+0 6.45000000E+1 2.93035000E+2
6.54000015E+1 1.01818750E+0 6.54000015E+1 2.93035000E+2
6.64000015E+1 1.01825000E+0 6.65000000E+1 2.93097500E+2
6.74000015E+1 1.01818750E+0 6.75000000E+1 2.93097500E+2
6.84000015E+1 1.01818750E+0 6.84000015E+1 2.93035000E+2
6.94000015E+1 1.01818750E+0 6.94000015E+1 2.93035000E+2
7.04000015E+1 1.01825000E+0 7.04000015E+1 2.93097500E+2
7.14000015E+1 1.01818750E+0 7.15000000E+1 2.93035000E+2
7.24000015E+1 1.01825000E+0 7.24000015E+1 2.93035000E+2
7.34000015E+1 1.01818750E+0 7.35000000E+1 2.93035000E+2
7.44000015E+1 1.01818750E+0 7.45000000E+1 2.93035000E+2
7.54000015E+1 1.01825000E+0 7.55000000E+1 2.93035000E+2
7.64000015E+1 1.01825000E+0 7.64000015E+1 2.93035000E+2
7.74000015E+1 1.01825000E+0 7.74000015E+1 2.93035000E+2
7.84000015E+1 1.01818750E+0 7.84000015E+1 2.93035000E+2
7.94000015E+1 1.01818750E+0 7.95000000E+1 2.93097500E+2
8.04000015E+1 1.01818750E+0 8.04000015E+1 2.93035000E+2
8.14000015E+1 1.01818750E+0 8.14000015E+1 2.93035000E+2
8.24000015E+1 1.01818750E+0 8.24000015E+1 2.93035000E+2
8.34000015E+1 1.01825000E+0 8.35000000E+1 2.93035000E+2
8.44000015E+1 1.01818750E+0 8.45000000E+1 2.93035000E+2
8.54000015E+1 1.01818750E+0 8.54000015E+1 2.93035000E+2
8.64000015E+1 1.01825000E+0 8.65000000E+1 2.93097500E+2
8.74000015E+1 1.01825000E+0 8.75000000E+1 2.93035000E+2
8.84000015E+1 1.01818750E+0 8.85000000E+1 2.93035000E+2
8.94000015E+1 1.01812500E+0 8.94000015E+1 2.93035000E+2
9.04000015E+1 1.01825000E+0 9.05000000E+1 2.93035000E+2
9.14000015E+1 1.01825000E+0 9.14000015E+1 2.93035000E+2
9.24000015E+1 1.01825000E+0 9.25000000E+1 2.93035000E+2
9.34000015E+1 1.01818750E+0 9.35000000E+1 2.93035000E+2
9.44000015E+1 1.01825000E+0 9.45000000E+1 2.93035000E+2
9.54000015E+1 1.01825000E+0 9.54000015E+1 2.93035000E+2
9.64000015E+1 1.01818750E+0 9.64000015E+1 2.93035000E+2
9.74000015E+1 1.01818750E+0 9.74000015E+1 2.93035000E+2
9.84000015E+1 1.01825000E+0 9.84000015E+1 2.93035000E+2
9.94000015E+1 1.01818750E+0 9.94000015E+1 2.93035000E+2
1.00400002E+2 1.01825000E+0 1.00500000E+2 2.93035000E+2
1.01400002E+2 1.01818750E+0 1.01500000E+2 2.93035000E+2
1.02400002E+2 1.01818750E+0 1.02400002E+2 2.93035000E+2
1.03400002E+2 1.01825000E+0 1.03400002E+2 2.93035000E+2
1.04400002E+2 1.01818750E+0 1.04400002E+2 2.93035000E+2
1.05400002E+2 1.01825000E+0 1.05400002E+2 2.93035000E+2
1.06400002E+2 1.01831250E+0 1.06400002E+2 2.93035000E+2
1.07400002E+2 1.01818750E+0 1.07400002E+2 2.93035000E+2
1.08400002E+2 1.01818750E+0 1.08500000E+2 2.93097500E+2
1.09400002E+2 1.01818750E+0 1.09500000E+2 2.93035000E+2
1.10400002E+2 1.01818750E+0 1.10400002E+2 2.93035000E+2
1.11400002E+2 1.01818750E+0 1.11400002E+2 2.93035000E+2
1.12400002E+2 1.01818750E+0 1.12400002E+2 2.93035000E+2
1.13400002E+2 1.01825000E+0 1.13400002E+2 2.93035000E+2
1.14400002E+2 1.01818750E+0 1.14500000E+2 2.93035000E+2
1.15400002E+2 1.01818750E+0 1.15500000E+2 2.93035000E+2
1.16400002E+2 1.01818750E+0 1.16500000E+2 2.93035000E+2
1.17400002E+2 1.01825000E+0 1.17500000E+2 2.93035000E+2
1.18400002E+2 1.01818750E+0 1.18400002E+2 2.93035000E+2
1.19400002E+2 1.01818750E+0 1.19500000E+2 2.93035000E+2
1.20400002E+2 1.01818750E+0 1.20500000E+2 2.93035000E+2
1.21400002E+2 1.01825000E+0 1.21400002E+2 2.93035000E+2
1.22400002E+2 1.01825000E+0 1.22500000E+2 2.93035000E+2
1.23400002E+2 1.01818750E+0 1.23500000E+2 2.93035000E+2
1.24500000E+2 1.01825000E+0 1.24500000E+2 2.93035000E+2
1.25400002E+2 1.01818750E+0 1.25500000E+2 2.93035000E+2
1.26400002E+2 1.01818750E+0 1.26500000E+2 2.93035000E+2
1.27400002E+2 1.01818750E+0 1.27500000E+2 2.93035000E+2
1.28399994E+2 1.01818750E+0 1.28500000E+2 2.93035000E+2
1.29399994E+2 1.01818750E+0 1.29500000E+2 2.93035000E+2
1.30399994E+2 1.01818750E+0 1.30500000E+2 2.93035000E+2
1.31399994E+2 1.01818750E+0 1.31500000E+2 2.93035000E+2
1.32399994E+2 1.01825000E+0 1.32500000E+2 2.93035000E+2
1.33399994E+2 1.01818750E+0 1.33500000E+2 2.93035000E+2
1.34399994E+2 1.01818750E+0 1.34500000E+2 2.93035000E+2
1.35500000E+2 1.01818750E+0 1.35500000E+2 2.93035000E+2
1.36500000E+2 1.01825000E+0 1.36500000E+2 2.93035000E+2
1.37500000E+2 1.01825000E+0 1.37500000E+2 2.93035000E+2
1.38500000E+2 1.01818750E+0 1.38500000E+2 2.93035000E+2
1.39500000E+2 1.01818750E+0 1.39500000E+2 2.93035000E+2
1.40500000E+2 1.01825000E+0 1.40500000E+2 2.93035000E+2
1.41500000E+2 1.01825000E+0 1.41500000E+2 2.93035000E+2
1.42500000E+2 1.01818750E+0 1.42600006E+2 2.93035000E+2
1.43500000E+2 1.01825000E+0 1.43500000E+2 2.93035000E+2
1.44500000E+2 1.01825000E+0 1.44500000E+2 2.93035000E+2
1.45500000E+2 1.01825000E+0 1.45500000E+2 2.93035000E+2
1.46500000E+2 1.01825000E+0 1.46600006E+2 2.93035000E+2
1.47500000E+2 1.01818750E+0 1.47600006E+2 2.93035000E+2
1.48500000E+2 1.01825000E+0 1.48600006E+2 2.93035000E+2
1.49500000E+2 1.01825000E+0 1.49600006E+2 2.93035000E+2
1.50500000E+2 1.01818750E+0 1.50600006E+2 2.93035000E+2
1.51500000E+2 1.01818750E+0 1.51600006E+2 2.93035000E+2
1.52600006E+2 1.01818750E+0 1.52600006E+2 2.93035000E+2
1.53600006E+2 1.01818750E+0 1.53600006E+2 2.93035000E+2
1.54600006E+2 1.01825000E+0 1.54600006E+2 2.93035000E+2
1.55600006E+2 1.01825000E+0 1.55600006E+2 2.93035000E+2
1.56600006E+2 1.01818750E+0 1.56600006E+2 2.93035000E+2
1.57600006E+2 1.01825000E+0 1.57699997E+2 2.93035000E+2
1.58600006E+2 1.01825000E+0 1.58699997E+2 2.93035000E+2
1.59600006E+2 1.01818750E+0 1.59699997E+2 2.93035000E+2
1.60600006E+2 1.01818750E+0 1.60699997E+2 2.93035000E+2
1.61600006E+2 1.01825000E+0 1.61699997E+2 2.93035000E+2
1.62600006E+2 1.01825000E+0 1.62699997E+2 2.93035000E+2
1.63600006E+2 1.01818750E+0 1.63699997E+2 2.93035000E+2
1.64600006E+2 1.01818750E+0 1.64699997E+2 2.93035000E+2
1.65600006E+2 1.01818750E+0 1.65699997E+2 2.93035000E+2
1.66600006E+2 1.01818750E+0 1.66699997E+2 2.93035000E+2
1.67600006E+2 1.01825000E+0 1.67699997E+2 2.93035000E+2
1.68600006E+2 1.01818750E+0 1.68699997E+2 2.93035000E+2
1.69600006E+2 1.01818750E+0 1.69699997E+2 2.93035000E+2
1.70600006E+2 1.01825000E+0 1.70699997E+2 2.93035000E+2
1.71600006E+2 1.01818750E+0 1.71699997E+2 2.93035000E+2
1.72600006E+2 1.01818750E+0 1.72699997E+2 2.93035000E+2
1.73600006E+2 1.01818750E+0 1.73699997E+2 2.93035000E+2
1.74600006E+2 1.01818750E+0 1.74699997E+2 2.93035000E+2
1.75600006E+2 1.01818750E+0 1.75699997E+2 2.93035000E+2
1.76600006E+2 1.01818750E+0 1.76699997E+2 2.93035000E+2
1.77600006E+2 1.01825000E+0 1.77699997E+2 2.93035000E+2
1.78600006E+2 1.01825000E+0 1.78699997E+2 2.93035000E+2
1.79600006E+2 1.01825000E+0 1.79699997E+2 2.93035000E+2
1.80600006E+2 1.01818750E+0 1.80699997E+2 2.93035000E+2
1.81600006E+2 1.01825000E+0 1.81699997E+2 2.93035000E+2
1.82600006E+2 1.01818750E+0 1.82699997E+2 2.93035000E+2
1.83600006E+2 1.01818750E+0 1.83699997E+2 2.93035000E+2
1.84600006E+2 1.01818750E+0 1.84699997E+2 2.93035000E+2
1.85600006E+2 1.01818750E+0 1.85699997E+2 2.93035000E+2
1.86600006E+2 1.01825000E+0 1.86699997E+2 2.93035000E+2
1.87600006E+2 1.01818750E+0 1.87699997E+2 2.93035000E+2
1.88600006E+2 1.01825000E+0 1.88699997E+2 2.93035000E+2
1.89600006E+2 1.01818750E+0 1.89699997E+2 2.93035000E+2
1.90600006E+2 1.01825000E+0 1.90699997E+2 2.93035000E+2
1.91600006E+2 1.01825000E+0 1.91699997E+2 2.93035000E+2
1.92600006E+2 1.01825000E+0 1.92699997E+2 2.93035000E+2
1.93600006E+2 1.01818750E+0 1.93699997E+2 2.93035000E+2
1.94600006E+2 1.01818750E+0 1.94699997E+2 2.93035000E+2
1.95600006E+2 1.01818750E+0 1.95699997E+2 2.93035000E+2
1.96600006E+2 1.01818750E+0 1.96699997E+2 2.93035000E+2
1.97600006E+2 1.01818750E+0 1.97699997E+2 2.93035000E+2
1.98600006E+2 1.01818750E+0 1.98699997E+2 2.93035000E+2
1.99600006E+2 1.01825000E+0 1.99699997E+2 2.93035000E+2
2.00600006E+2 1.01812500E+0 2.00699997E+2 2.93035000E+2
2.01600006E+2 1.01818750E+0 2.01699997E+2 2.93035000E+2
2.02600006E+2 1.01825000E+0 2.02699997E+2 2.93035000E+2
2.03600006E+2 1.01825000E+0 2.03699997E+2 2.93035000E+2
2.04600006E+2 1.01818750E+0 2.04699997E+2 2.93035000E+2
2.05600006E+2 1.01825000E+0 2.05699997E+2 2.93035000E+2
2.06600006E+2 1.01818750E+0 2.06699997E+2 2.93035000E+2
2.07600006E+2 1.01818750E+0 2.07699997E+2 2.93035000E+2
2.08600006E+2 1.01818750E+0 2.08699997E+2 2.93035000E+2
2.09600006E+2 1.01818750E+0 2.09699997E+2 2.93035000E+2
2.10600006E+2 1.01825000E+0 2.10699997E+2 2.93035000E+2
2.11600006E+2 1.01825000E+0 2.11699997E+2 2.93035000E+2
2.12600006E+2 1.01818750E+0 2.12699997E+2 2.93035000E+2
2.13600006E+2 1.01825000E+0 2.13699997E+2 2.93035000E+2
2.14600006E+2 1.01818750E+0 2.14699997E+2 2.93035000E+2
2.15600006E+2 1.01818750E+0 2.15699997E+2 2.93035000E+2
2.16600006E+2 1.01825000E+0 2.16699997E+2 2.93035000E+2
2.17600006E+2 1.01825000E+0 2.17699997E+2 2.93035000E+2
2.18600006E+2 1.01818750E+0 2.18699997E+2 2.93035000E+2
2.19600006E+2 1.01825000E+0 2.19699997E+2 2.93035000E+2
2.20600006E+2 1.01825000E+0 2.20699997E+2 2.93035000E+2
2.21600006E+2 1.01818750E+0 2.21699997E+2 2.93035000E+2
2.22600006E+2 1.01818750E+0 2.22699997E+2 2.93035000E+2
2.23600006E+2 1.01818750E+0 2.23699997E+2 2.93035000E+2
2.24600006E+2 1.01818750E+0 2.24699997E+2 2.93035000E+2
2.25600006E+2 1.01818750E+0 2.25699997E+2 2.93035000E+2
2.26600006E+2 1.01818750E+0 2.26699997E+2 2.93035000E+2
2.27600006E+2 1.01825000E+0 2.27699997E+2 2.93035000E+2
2.28600006E+2 1.01818750E+0 2.28699997E+2 2.93035000E+2
2.29600006E+2 1.01818750E+0 2.29699997E+2 2.93035000E+2
2.30600006E+2 1.01818750E+0 2.30699997E+2 2.93035000E+2
2.31600006E+2 1.01818750E+0 2.31699997E+2 2.93035000E+2
2.32600006E+2 1.01825000E+0 2.32699997E+2 2.93035000E+2
2.33600006E+2 1.01825000E+0 2.33699997E+2 2.93035000E+2
2.34600006E+2 1.01818750E+0 2.34699997E+2 2.93035000E+2
2.35600006E+2 1.01818750E+0 2.35699997E+2 2.93035000E+2
2.36600006E+2 1.01818750E+0 2.36699997E+2 2.93035000E+2
2.37600006E+2 1.01825000E+0 2.37699997E+2 2.93035000E+2
2.38600006E+2 1.01818750E+0 2.38699997E+2 2.93035000E+2
2.39600006E+2 1.01818750E+0 2.39699997E+2 2.93035000E+2
2.40600006E+2 1.01818750E+0 2.40699997E+2 2.93035000E+2
2.41600006E+2 1.01818750E+0 2.41699997E+2 2.93035000E+2
2.42600006E+2 1.01818750E+0 2.42699997E+2 2.93035000E+2
2.43600006E+2 1.01818750E+0 2.43699997E+2 2.93035000E+2
2.44600006E+2 1.01818750E+0 2.44699997E+2 2.93035000E+2
2.45600006E+2 1.01825000E+0 2.45699997E+2 2.93035000E+2
2.46600006E+2 1.01818750E+0 2.46699997E+2 2.93035000E+2
2.47600006E+2 1.01818750E+0 2.47699997E+2 2.93035000E+2
2.48600006E+2 1.01818750E+0 2.48699997E+2 2.93035000E+2
2.49600006E+2 1.01818750E+0 2.49699997E+2 2.93035000E+2
2.50600006E+2 1.01818750E+0 2.50699997E+2 2.93035000E+2
2.51600006E+2 1.01818750E+0 2.51699997E+2 2.93035000E+2
2.52600006E+2 1.01818750E+0 2.52699997E+2 2.93035000E+2
2.53600006E+2 1.01818750E+0 2.53699997E+2 2.93035000E+2
2.54600006E+2 1.01825000E+0 2.54699997E+2 2.93035000E+2
2.55600006E+2 1.01818750E+0 2.55699997E+2 2.93035000E+2
2.56600006E+2 1.01825000E+0 2.56700012E+2 2.93035000E+2
2.57600006E+2 1.01818750E+0 2.57700012E+2 2.93035000E+2
2.58600006E+2 1.01818750E+0 2.58700012E+2 2.93035000E+2
2.59600006E+2 1.01825000E+0 2.59700012E+2 2.93035000E+2
2.60600006E+2 1.01812500E+0 2.60700012E+2 2.93035000E+2
2.61600006E+2 1.01825000E+0 2.61700012E+2 2.93035000E+2
2.62600006E+2 1.01818750E+0 2.62700012E+2 2.93035000E+2
2.63600006E+2 1.01818750E+0 2.63700012E+2 2.93035000E+2
2.64600006E+2 1.01818750E+0 2.64700012E+2 2.93035000E+2
2.65600006E+2 1.01825000E+0 2.65700012E+2 2.93035000E+2
2.66600006E+2 1.01818750E+0 2.66700012E+2 2.93035000E+2
2.67600006E+2 1.01825000E+0 2.67700012E+2 2.93035000E+2
2.68600006E+2 1.01818750E+0 2.68700012E+2 2.93035000E+2
2.69600006E+2 1.01818750E+0 2.69700012E+2 2.93035000E+2
2.70700012E+2 1.01818750E+0 2.70700012E+2 2.93035000E+2
2.71700012E+2 1.01818750E+0 2.71700012E+2 2.93035000E+2
2.72700012E+2 1.01818750E+0 2.72700012E+2 2.93035000E+2
2.73700012E+2 1.01825000E+0 2.73700012E+2 2.93035000E+2
2.74700012E+2 1.01818750E+0 2.74700012E+2 2.93035000E+2
2.75700012E+2 1.01818750E+0 2.75700012E+2 2.93035000E+2
2.76700012E+2 1.01818750E+0 2.76700012E+2 2.93035000E+2
2.77700012E+2 1.01825000E+0 2.77700012E+2 2.93035000E+2
2.78700012E+2 1.01818750E+0 2.78700012E+2 2.93035000E+2
2.79700012E+2 1.01818750E+0 2.79700012E+2 2.93035000E+2
2.80700012E+2 1.01818750E+0 2.80799988E+2 2.93035000E+2
2.81700012E+2 1.01825000E+0 2.81799988E+2 2.93035000E+2
2.82700012E+2 1.01825000E+0 2.82799988E+2 2.93035000E+2
2.83700012E+2 1.01825000E+0 2.83799988E+2 2.93035000E+2
2.84799988E+2 1.01818750E+0 2.84799988E+2 2.93035000E+2
2.85799988E+2 1.01818750E+0 2.85799988E+2 2.93035000E+2
2.86799988E+2 1.01825000E+0 2.86799988E+2 2.93035000E+2
2.87799988E+2 1.01825000E+0 2.87799988E+2 2.93035000E+2
2.88799988E+2 1.01825000E+0 2.88799988E+2 2.93035000E+2
2.89700012E+2 1.01818750E+0 2.89799988E+2 2.93035000E+2
2.90799988E+2 1.01818750E+0 2.90799988E+2 2.93035000E+2
2.91799988E+2 1.01825000E+0 2.91799988E+2 2.93035000E+2
2.92799988E+2 1.01818750E+0 2.92799988E+2 2.93035000E+2
2.93799988E+2 1.01825000E+0 2.93799988E+2 2.93035000E+2
2.94799988E+2 1.01825000E+0 2.94799988E+2 2.93035000E+2
2.95799988E+2 1.01818750E+0 2.95799988E+2 2.93035000E+2
2.96799988E+2 1.01818750E+0 2.96799988E+2 2.93035000E+2
2.97799988E+2 1.01818750E+0 2.97799988E+2 2.93035000E+2
2.98799988E+2 1.01825000E+0 2.98799988E+2 2.93035000E+2
2.99799988E+2 1.01818750E+0 2.99799988E+2 2.93035000E+2
3.00799988E+2 1.01825000E+0 3.00799988E+2 2.93035000E+2
3.01799988E+2 1.01818750E+0 3.01799988E+2 2.93035000E+2
3.02799988E+2 1.01825000E+0 3.02799988E+2 2.93035000E+2
3.03799988E+2 1.01825000E+0 3.03799988E+2 2.93035000E+2
3.04799988E+2 1.01825000E+0 3.04799988E+2 2.93035000E+2
3.05799988E+2 1.01818750E+0 3.05799988E+2 2.93035000E+2
3.06799988E+2 1.01818750E+0 3.06799988E+2 2.93035000E+2
3.07799988E+2 1.01818750E+0 3.07799988E+2 2.93035000E+2
3.08799988E+2 1.01825000E+0 3.08799988E+2 2.93035000E+2
3.09799988E+2 1.01825000E+0 3.09799988E+2 2.93035000E+2
3.10799988E+2 1.01818750E+0 3.10799988E+2 2.93035000E+2
3.11799988E+2 1.01818750E+0 3.11799988E+2 2.93035000E+2
3.12799988E+2 1.01818750E+0 3.12799988E+2 2.93035000E+2
3.13799988E+2 1.01818750E+0 3.13799988E+2 2.93035000E+2
3.14799988E+2 1.01818750E+0 3.14799988E+2 2.93035000E+2
3.15799988E+2 1.01825000E+0 3.15799988E+2 2.93035000E+2
3.16799988E+2 1.01812500E+0 3.16799988E+2 2.93035000E+2
3.17799988E+2 1.01825000E+0 3.17799988E+2 2.93035000E+2
3.18799988E+2 1.01818750E+0 3.18799988E+2 2.93035000E+2
3.19799988E+2 1.01818750E+0 3.19799988E+2 2.93035000E+2
3.20799988E+2 1.01818750E+0 3.20799988E+2 2.93035000E+2
3.21799988E+2 1.01825000E+0 3.21799988E+2 2.93035000E+2
3.22799988E+2 1.01818750E+0 3.22799988E+2 2.93035000E+2
3.23799988E+2 1.01825000E+0 3.23799988E+2 2.93035000E+2
3.24799988E+2 1.01818750E+0 3.24799988E+2 2.93035000E+2
3.25799988E+2 1.01825000E+0 3.25799988E+2 2.93035000E+2
3.26799988E+2 1.01818750E+0 3.26799988E+2 2.93035000E+2
3.27799988E+2 1.01825000E+0 3.27799988E+2 2.93035000E+2
3.28799988E+2 1.01818750E+0 3.28799988E+2 2.93035000E+2
3.29799988E+2 1.01825000E+0 3.29799988E+2 2.93035000E+2
3.30799988E+2 1.01818750E+0 3.30799988E+2 2.93035000E+2
3.31799988E+2 1.01818750E+0 3.31799988E+2 2.93035000E+2
3.32700012E+2 1.01818750E+0 3.32799988E+2 2.93035000E+2
3.33799988E+2 1.01818750E+0 3.33799988E+2 2.93035000E+2
3.34799988E+2 1.01818750E+0 3.34799988E+2 2.93035000E+2
3.35799988E+2 1.01825000E+0 3.35799988E+2 2.93035000E+2
3.36799988E+2 1.01818750E+0 3.36799988E+2 2.92972500E+2
3.37799988E+2 1.01825000E+0 3.37799988E+2 2.93035000E+2
3.38799988E+2 1.01818750E+0 3.38799988E+2 2.93035000E+2
3.39799988E+2 1.01818750E+0 3.39799988E+2 2.93035000E+2
3.40799988E+2 1.01818750E+0 3.40799988E+2 2.93035000E+2
3.41799988E+2 1.01825000E+0 3.41799988E+2 2.93035000E+2
3.42799988E+2 1.01818750E+0 3.42799988E+2 2.93035000E+2
3.43799988E+2 1.01818750E+0 3.43799988E+2 2.92972500E+2
3.44799988E+2 1.01825000E+0 3.44799988E+2 2.93035000E+2
3.45799988E+2 1.01825000E+0 3.45799988E+2 2.93035000E+2
3.46799988E+2 1.01818750E+0 3.46799988E+2 2.93035000E+2
3.47799988E+2 1.01825000E+0 3.47799988E+2 2.93035000E+2
3.48799988E+2 1.01818750E+0 3.48799988E+2 2.92972500E+2
3.49799988E+2 1.01825000E+0 3.49799988E+2 2.93035000E+2
3.50799988E+2 1.01818750E+0 3.50799988E+2 2.93035000E+2
3.51799988E+2 1.01825000E+0 3.51799988E+2 2.93035000E+2
3.52799988E+2 1.01818750E+0 3.52799988E+2 2.93035000E+2
3.53799988E+2 1.01818750E+0 3.53799988E+2 2.93035000E+2
3.54799988E+2 1.01818750E+0 3.54799988E+2 2.92972500E+2
3.55799988E+2 1.01818750E+0 3.55799988E+2 2.93035000E+2
3.56799988E+2 1.01825000E+0 3.56799988E+2 2.92972500E+2
3.57799988E+2 1.01825000E+0 3.57799988E+2 2.93035000E+2
3.58799988E+2 1.01825000E+0 3.58799988E+2 2.92972500E+2
3.59799988E+2 1.01818750E+0 3.59799988E+2 2.93035000E+2
3.60799988E+2 1.01818750E+0 3.60799988E+2 2.92972500E+2
3.61799988E+2 1.01818750E+0 3.61799988E+2 2.92972500E+2
3.62799988E+2 1.01825000E+0 3.62799988E+2 2.93035000E+2
3.63799988E+2 1.01818750E+0 3.63799988E+2 2.93035000E+2
3.64799988E+2 1.01818750E+0 3.64799988E+2 2.93035000E+2
3.65799988E+2 1.01818750E+0 3.65799988E+2 2.93035000E+2
3.66799988E+2 1.01818750E+0 3.66799988E+2 2.92972500E+2
3.67700012E+2 1.01818750E+0 3.67799988E+2 2.93035000E+2
3.68799988E+2 1.01818750E+0 3.68799988E+2 2.93035000E+2
3.69799988E+2 1.01818750E+0 3.69799988E+2 2.93035000E+2
3.70799988E+2 1.01818750E+0 3.70799988E+2 2.93035000E+2
3.71799988E+2 1.01825000E+0 3.71799988E+2 2.93035000E+2
3.72799988E+2 1.01825000E+0 3.72799988E+2 2.93035000E+2
3.73799988E+2 1.01818750E+0 3.73799988E+2 2.93035000E+2
3.74799988E+2 1.01812500E+0 3.74799988E+2 2.93035000E+2
3.75799988E+2 1.01818750E+0 3.75799988E+2 2.92972500E+2
3.76799988E+2 1.01818750E+0 3.76799988E+2 2.93035000E+2
3.77799988E+2 1.01825000E+0 3.77799988E+2 2.93035000E+2
3.78799988E+2 1.01825000E+0 3.78799988E+2 2.93035000E+2
3.79799988E+2 1.01818750E+0 3.79799988E+2 2.92972500E+2
3.80799988E+2 1.01818750E+0 3.80799988E+2 2.93035000E+2
3.81799988E+2 1.01825000E+0 3.81799988E+2 2.92972500E+2
3.82799988E+2 1.01825000E+0 3.82799988E+2 2.92972500E+2
3.83799988E+2 1.01818750E+0 3.83799988E+2 2.92972500E+2
3.84799988E+2 1.01818750E+0 3.84799988E+2 2.92972500E+2
3.85799988E+2 1.01818750E+0 3.85799988E+2 2.92972500E+2
3.86799988E+2 1.01818750E+0 3.86799988E+2 2.93035000E+2
3.87799988E+2 1.01818750E+0 3.87799988E+2 2.92972500E+2
3.88799988E+2 1.01818750E+0 3.88799988E+2 2.93035000E+2
3.89799988E+2 1.01825000E+0 3.89799988E+2 2.92972500E+2
3.90799988E+2 1.01818750E+0 3.90799988E+2 2.93035000E+2
3.91799988E+2 1.01818750E+0 3.91799988E+2 2.93035000E+2
3.92799988E+2 1.01825000E+0 3.92799988E+2 2.93035000E+2
3.93799988E+2 1.01818750E+0 3.93799988E+2 2.93035000E+2
3.94799988E+2 1.01825000E+0 3.94799988E+2 2.92972500E+2
3.95799988E+2 1.01818750E+0 3.95799988E+2 2.93035000E+2
3.96799988E+2 1.01818750E+0 3.96799988E+2 2.93035000E+2
3.97799988E+2 1.01818750E+0 3.97799988E+2 2.92972500E+2
3.98799988E+2 1.01818750E+0 3.98799988E+2 2.92972500E+2
3.99799988E+2 1.01818750E+0 3.99799988E+2 2.92972500E+2
4.00799988E+2 1.01818750E+0 4.00799988E+2 2.93035000E+2
4.01799988E+2 1.01818750E+0 4.01799988E+2 2.93035000E+2
4.02799988E+2 1.01818750E+0 4.02799988E+2 2.92972500E+2
4.03799988E+2 1.01818750E+0 4.03799988E+2 2.92972500E+2
4.04799988E+2 1.01818750E+0 4.04799988E+2 2.93035000E+2
4.05799988E+2 1.01818750E+0 4.05799988E+2 2.92972500E+2
4.06799988E+2 1.01818750E+0 4.06799988E+2 2.92972500E+2
4.07799988E+2 1.01812500E+0 4.07799988E+2 2.92972500E+2
4.08799988E+2 1.01818750E+0 4.08799988E+2 2.93035000E+2
4.09799988E+2 1.01825000E+0 4.09799988E+2 2.93035000E+2
4.10700012E+2 1.01825000E+0 4.10799988E+2 2.92972500E+2
4.11799988E+2 1.01825000E+0 4.11799988E+2 2.93035000E+2
4.12799988E+2 1.01825000E+0 4.12799988E+2 2.92972500E+2
4.13799988E+2 1.01825000E+0 4.13799988E+2 2.92972500E+2
4.14799988E+2 1.01818750E+0 4.14799988E+2 2.93035000E+2
4.15799988E+2 1.01825000E+0 4.15799988E+2 2.92972500E+2
4.16799988E+2 1.01818750E+0 4.16799988E+2 2.92972500E+2
4.17799988E+2 1.01818750E+0 4.17799988E+2 2.93035000E+2
4.18799988E+2 1.01818750E+0 4.18799988E+2 2.92972500E+2
4.19799988E+2 1.01825000E+0 4.19799988E+2 2.92972500E+2
4.20799988E+2 1.01825000E+0 4.20799988E+2 2.92972500E+2
4.21799988E+2 1.01818750E+0 4.21799988E+2 2.92972500E+2
4.22799988E+2 1.01825000E+0 4.22799988E+2 2.92972500E+2
4.23799988E+2 1.01831250E+0 4.23799988E+2 2.92972500E+2
4.24799988E+2 1.01818750E+0 4.24799988E+2 2.92972500E+2
4.25799988E+2 1.01818750E+0 4.25799988E+2 2.92972500E+2
4.26799988E+2 1.01825000E+0 4.26799988E+2 2.92972500E+2
4.27799988E+2 1.01818750E+0 4.27799988E+2 2.93035000E+2
4.28799988E+2 1.01825000E+0 4.28799988E+2 2.92972500E+2
4.29799988E+2 1.01818750E+0 4.29799988E+2 2.92972500E+2
4.30799988E+2 1.01818750E+0 4.30799988E+2 2.92972500E+2
4.31799988E+2 1.01818750E+0 4.31799988E+2 2.93035000E+2
4.32799988E+2 1.01818750E+0 4.32799988E+2 2.92972500E+2
4.33799988E+2 1.01818750E+0 4.33799988E+2 2.92972500E+2
4.34799988E+2 1.01825000E+0 4.34799988E+2 2.92972500E+2
4.35799988E+2 1.01825000E+0 4.35799988E+2 2.92972500E+2
4.36799988E+2 1.01818750E+0 4.36799988E+2 2.92972500E+2
4.37799988E+2 1.01825000E+0 4.37799988E+2 2.92972500E+2
4.38799988E+2 1.01825000E+0 4.38799988E+2 2.92972500E+2
4.39799988E+2 1.01818750E+0 4.39799988E+2 2.92972500E+2
4.40799988E+2 1.01825000E+0 4.40799988E+2 2.92972500E+2
4.41799988E+2 1.01818750E+0 4.41799988E+2 2.92972500E+2
4.42799988E+2 1.01818750E+0 4.42799988E+2 2.92972500E+2
4.43799988E+2 1.01818750E+0 4.43799988E+2 2.92972500E+2
4.44799988E+2 1.01818750E+0 4.44799988E+2 2.92972500E+2
4.45799988E+2 1.01818750E+0 4.45799988E+2 2.92972500E+2
4.46799988E+2 1.01818750E+0 4.46799988E+2 2.92972500E+2
4.47799988E+2 1.01818750E+0 4.47799988E+2 2.92972500E+2
4.48799988E+2 1.01818750E+0 4.48799988E+2 2.92972500E+2
4.49799988E+2 1.01818750E+0 4.49799988E+2 2.92972500E+2
4.50799988E+2 1.01825000E+0 4.50799988E+2 2.92972500E+2
4.51799988E+2 1.01818750E+0 4.51799988E+2 2.92972500E+2
4.52799988E+2 1.01818750E+0 4.52799988E+2 2.92972500E+2
4.53799988E+2 1.01818750E+0 4.53799988E+2 2.92972500E+2
4.54799988E+2 1.01825000E+0 4.54799988E+2 2.92972500E+2
4.55799988E+2 1.01825000E+0 4.55799988E+2 2.92972500E+2
4.56799988E+2 1.01818750E+0 4.56799988E+2 2.92972500E+2
4.57799988E+2 1.01825000E+0 4.57799988E+2 2.92972500E+2
4.58799988E+2 1.01818750E+0 4.58799988E+2 2.92972500E+2
4.59799988E+2 1.01818750E+0 4.59899994E+2 2.92972500E+2
4.60799988E+2 1.01818750E+0 4.60899994E+2 2.92972500E+2
4.61799988E+2 1.01818750E+0 4.61899994E+2 2.92972500E+2
4.62799988E+2 1.01818750E+0 4.62899994E+2 2.92972500E+2
4.63799988E+2 1.01818750E+0 4.63899994E+2 2.92972500E+2
4.64799988E+2 1.01818750E+0 4.64899994E+2 2.92972500E+2
4.65899994E+2 1.01818750E+0 4.65899994E+2 2.92972500E+2
4.66899994E+2 1.01818750E+0 4.66899994E+2 2.92972500E+2
4.67899994E+2 1.01812500E+0 4.68000000E+2 2.92972500E+2
4.68899994E+2 1.01818750E+0 4.69000000E+2 2.92972500E+2
4.69899994E+2 1.01818750E+0 4.69899994E+2 2.92972500E+2
4.70899994E+2 1.01812500E+0 4.71000000E+2 2.92972500E+2
4.71899994E+2 1.01818750E+0 4.71899994E+2 2.92972500E+2
4.72899994E+2 1.01825000E+0 4.73000000E+2 2.92972500E+2
4.73899994E+2 1.01825000E+0 4.73899994E+2 2.92972500E+2
4.74899994E+2 1.01818750E+0 4.74899994E+2 2.92972500E+2
4.75899994E+2 1.01818750E+0 4.76000000E+2 2.92972500E+2
4.76899994E+2 1.01818750E+0 4.76899994E+2 2.92972500E+2
4.77899994E+2 1.01818750E+0 4.77899994E+2 2.92972500E+2
4.78899994E+2 1.01825000E+0 4.79000000E+2 2.92972500E+2
4.79899994E+2 1.01818750E+0 4.80000000E+2 2.92972500E+2
4.80899994E+2 1.01818750E+0 4.81000000E+2 2.92972500E+2
4.81899994E+2 1.01818750E+0 4.82000000E+2 2.92972500E+2
4.82899994E+2 1.01818750E+0 4.82899994E+2 2.92972500E+2
