0.00000000E+0 1.01812500E+0
1.20000005E+0 1.01806250E+0
2.09999990E+0 1.01812500E+0
3.20000005E+0 1.01806250E+0
4.09999990E+0 1.01806250E+0
5.09999990E+0 1.01806250E+0
6.09999990E+0 1.01806250E+0
7.19999981E+0 1.01806250E+0
8.19999981E+0 1.01806250E+0
9.19999981E+0 1.01806250E+0
1.01999998E+1 1.01806250E+0
1.11999998E+1 1.01812500E+0
1.21999998E+1 1.01812500E+0
1.31000004E+1 1.01806250E+0
1.41000004E+1 1.01806250E+0
1.51000004E+1 1.01806250E+0
1.61000004E+1 1.01806250E+0
1.71000004E+1 1.01806250E+0
1.81000004E+1 1.01806250E+0
1.92000008E+1 1.01806250E+0
2.01000004E+1 1.01806250E+0
2.12000008E+1 1.01812500E+0
2.22000008E+1 1.01806250E+0
2.32000008E+1 1.01806250E+0
2.41000004E+1 1.01806250E+0
2.51000004E+1 1.01806250E+0
2.61000004E+1 1.01806250E+0
2.71000004E+1 1.01806250E+0
2.81000004E+1 1.01806250E+0
2.92000008E+1 1.01806250E+0
3.02000008E+1 1.01812500E+0
3.12000008E+1 1.01806250E+0
3.20999985E+1 1.01806250E+0
3.30999985E+1 1.01806250E+0
3.40999985E+1 1.01806250E+0
3.52000008E+1 1.01806250E+0
3.60999985E+1 1.01812500E+0
3.70999985E+1 1.01806250E+0
3.82000008E+1 1.01806250E+0
3.92000008E+1 1.01806250E+0
4.02000008E+1 1.01812500E+0
4.12000008E+1 1.01806250E+0
4.20999985E+1 1.01806250E+0
4.30999985E+1 1.01812500E+0
4.40999985E+1 1.01806250E+0
4.50999985E+1 1.01806250E+0
4.60999985E+1 1.01806250E+0
4.72000008E+1 1.01806250E+0
4.82000008E+1 1.01806250E+0
4.90999985E+1 1.01806250E+0
5.00999985E+1 1.01806250E+0
5.10999985E+1 1.01806250E+0
5.20999985E+1 1.01806250E+0
5.32000008E+1 1.01812500E+0
5.40999985E+1 1.01806250E+0
5.52000008E+1 1.01806250E+0
5.62000008E+1 1.01806250E+0
5.72000008E+1 1.01812500E+0
5.80999985E+1 1.01806250E+0
5.90999985E+1 1.01806250E+0
6.00999985E+1 1.01806250E+0
6.10999985E+1 1.01806250E+0
6.20999985E+1 1.01806250E+0
6.32000008E+1 1.01806250E+0
6.41999969E+1 1.01806250E+0
6.50999985E+1 1.01806250E+0
6.60999985E+1 1.01812500E+0
6.70999985E+1 1.01806250E+0
6.80999985E+1 1.01806250E+0
6.90999985E+1 1.01806250E+0
7.01999969E+1 1.01812500E+0
7.11999969E+1 1.01812500E+0
7.21999969E+1 1.01806250E+0
7.30999985E+1 1.01806250E+0
7.40999985E+1 1.01806250E+0
7.50999985E+1 1.01812500E+0
7.60999985E+1 1.01812500E+0
7.70999985E+1 1.01806250E+0
7.81999969E+1 1.01806250E+0
7.91999969E+1 1.01806250E+0
8.01999969E+1 1.01806250E+0
8.10999985E+1 1.01812500E+0
8.20999985E+1 1.01806250E+0
8.30999985E+1 1.01806250E+0
8.40999985E+1 1.01806250E+0
8.50999985E+1 1.01806250E+0
8.61999969E+1 1.01806250E+0
8.71999969E+1 1.01812500E+0
8.80999985E+1 1.01812500E+0
8.90999985E+1 1.01806250E+0
9.00999985E+1 1.01806250E+0
9.10999985E+1 1.01806250E+0
9.20999985E+1 1.01812500E+0
9.31999969E+1 1.01812500E+0
9.41999969E+1 1.01812500E+0
9.51999969E+1 1.01806250E+0
9.60999985E+1 1.01806250E+0
9.70999985E+1 1.01812500E+0
9.80999985E+1 1.01806250E+0
9.90999985E+1 1.01806250E+0
1.00099998E+2 1.01806250E+0
1.01199997E+2 1.01812500E+0
1.02199997E+2 1.01806250E+0
1.03099998E+2 1.01806250E+0
1.04099998E+2 1.01806250E+0
1.05099998E+2 1.01806250E+0
1.06099998E+2 1.01806250E+0
1.07099998E+2 1.01812500E+0
1.08199997E+2 1.01806250E+0
1.09199997E+2 1.01806250E+0
1.10099998E+2 1.01812500E+0
1.11099998E+2 1.01806250E+0
1.12099998E+2 1.01806250E+0
1.13099998E+2 1.01812500E+0
1.14099998E+2 1.01806250E+0
1.15199997E+2 1.01812500E+0
1.16199997E+2 1.01812500E+0
1.17199997E+2 1.01806250E+0
1.18099998E+2 1.01806250E+0
1.19199997E+2 1.01812500E+0
1.20099998E+2 1.01806250E+0
1.21099998E+2 1.01806250E+0
1.22199997E+2 1.01806250E+0
1.23199997E+2 1.01812500E+0
1.24199997E+2 1.01806250E+0
1.25199997E+2 1.01806250E+0
1.26099998E+2 1.01806250E+0
1.27099998E+2 1.01812500E+0
1.28100006E+2 1.01806250E+0
1.29100006E+2 1.01806250E+0
1.30100006E+2 1.01806250E+0
1.31199997E+2 1.01806250E+0
1.32199997E+2 1.01806250E+0
1.33199997E+2 1.01806250E+0
1.34100006E+2 1.01806250E+0
1.35100006E+2 1.01806250E+0
1.36100006E+2 1.01806250E+0
1.37100006E+2 1.01806250E+0
1.38100006E+2 1.01806250E+0
1.39199997E+2 1.01806250E+0
1.40199997E+2 1.01812500E+0
1.41100006E+2 1.01812500E+0
1.42100006E+2 1.01806250E+0
1.43100006E+2 1.01812500E+0
1.44100006E+2 1.01806250E+0
1.45100006E+2 1.01806250E+0
1.46199997E+2 1.01806250E+0
1.47199997E+2 1.01806250E+0
1.48100006E+2 1.01806250E+0
1.49100006E+2 1.01812500E+0
1.50100006E+2 1.01812500E+0
1.51100006E+2 1.01806250E+0
1.52100006E+2 1.01806250E+0
1.53199997E+2 1.01806250E+0
1.54199997E+2 1.01806250E+0
1.55199997E+2 1.01806250E+0
1.56100006E+2 1.01806250E+0
1.57100006E+2 1.01806250E+0
1.58100006E+2 1.01812500E+0
1.59100006E+2 1.01806250E+0
1.60100006E+2 1.01806250E+0
1.61199997E+2 1.01806250E+0
1.62199997E+2 1.01806250E+0
1.63199997E+2 1.01806250E+0
1.64100006E+2 1.01812500E+0
1.65199997E+2 1.01806250E+0
1.66100006E+2 1.01812500E+0
1.67100006E+2 1.01806250E+0
1.68100006E+2 1.01806250E+0
1.69199997E+2 1.01812500E+0
1.70199997E+2 1.01812500E+0
1.71100006E+2 1.01806250E+0
1.72100006E+2 1.01812500E+0
1.73199997E+2 1.01806250E+0
1.74100006E+2 1.01806250E+0
1.75100006E+2 1.01806250E+0
1.76199997E+2 1.01812500E+0
1.77199997E+2 1.01806250E+0
1.78100006E+2 1.01806250E+0
1.79100006E+2 1.01806250E+0
1.80100006E+2 1.01806250E+0
1.81100006E+2 1.01806250E+0
1.82100006E+2 1.01806250E+0
1.83199997E+2 1.01812500E+0
1.84199997E+2 1.01806250E+0
1.85100006E+2 1.01806250E+0
1.86100006E+2 1.01806250E+0
1.87100006E+2 1.01806250E+0
1.88100006E+2 1.01806250E+0
1.89199997E+2 1.01806250E+0
1.90199997E+2 1.01806250E+0
1.91199997E+2 1.01806250E+0
1.92100006E+2 1.01806250E+0
1.93199997E+2 1.01812500E+0
1.94100006E+2 1.01806250E+0
1.95100006E+2 1.01806250E+0
1.96100006E+2 1.01806250E+0
1.97199997E+2 1.01806250E+0
1.98199997E+2 1.01806250E+0
1.99100006E+2 1.01806250E+0
2.00199997E+2 1.01806250E+0
2.01100006E+2 1.01806250E+0
2.02100006E+2 1.01806250E+0
2.03199997E+2 1.01806250E+0
2.04199997E+2 1.01806250E+0
2.05199997E+2 1.01806250E+0
2.06100006E+2 1.01812500E+0
2.07199997E+2 1.01812500E+0
2.08100006E+2 1.01812500E+0
2.09100006E+2 1.01806250E+0
2.10199997E+2 1.01806250E+0
2.11199997E+2 1.01806250E+0
2.12199997E+2 1.01806250E+0
2.13100006E+2 1.01806250E+0
2.14199997E+2 1.01806250E+0
2.15100006E+2 1.01806250E+0
2.16100006E+2 1.01806250E+0
2.17100006E+2 1.01806250E+0
2.18199997E+2 1.01806250E+0
2.19199997E+2 1.01806250E+0
2.20100006E+2 1.01812500E+0
2.21100006E+2 1.01806250E+0
2.22100006E+2 1.01806250E+0
2.23100006E+2 1.01806250E+0
2.24100006E+2 1.01812500E+0
2.25199997E+2 1.01806250E+0
2.26199997E+2 1.01806250E+0
2.27100006E+2 1.01812500E+0
2.28100006E+2 1.01812500E+0
2.29100006E+2 1.01812500E+0
2.30100006E+2 1.01806250E+0
2.31100006E+2 1.01806250E+0
2.32199997E+2 1.01806250E+0
2.33199997E+2 1.01806250E+0
2.34100006E+2 1.01806250E+0
2.35100006E+2 1.01812500E+0
2.36100006E+2 1.01812500E+0
2.37100006E+2 1.01806250E+0
2.38199997E+2 1.01806250E+0
2.39100006E+2 1.01806250E+0
2.40199997E+2 1.01806250E+0
2.41199997E+2 1.01812500E+0
2.42100006E+2 1.01812500E+0
2.43100006E+2 1.01812500E+0
2.44100006E+2 1.01812500E+0
2.45100006E+2 1.01806250E+0
2.46100006E+2 1.01806250E+0
2.47199997E+2 1.01812500E+0
2.48199997E+2 1.01812500E+0
2.49100006E+2 1.01806250E+0
2.50100006E+2 1.01806250E+0
2.51199997E+2 1.01806250E+0
2.52199997E+2 1.01806250E+0
2.53100006E+2 1.01806250E+0
2.54199997E+2 1.01812500E+0
2.55199997E+2 1.01806250E+0
2.56200012E+2 1.01812500E+0
2.57100006E+2 1.01806250E+0
2.58100006E+2 1.01812500E+0
2.59200012E+2 1.01812500E+0
2.60200012E+2 1.01806250E+0
2.61100006E+2 1.01806250E+0
2.62200012E+2 1.01806250E+0
2.63200012E+2 1.01812500E+0
2.64200012E+2 1.01806250E+0
2.65200012E+2 1.01806250E+0
2.66100006E+2 1.01806250E+0
2.67200012E+2 1.01806250E+0
2.68200012E+2 1.01806250E+0
2.69100006E+2 1.01806250E+0
2.70100006E+2 1.01806250E+0
2.71200012E+2 1.01806250E+0
2.72200012E+2 1.01806250E+0
2.73200012E+2 1.01812500E+0
2.74100006E+2 1.01806250E+0
2.75100006E+2 1.01806250E+0
2.76100006E+2 1.01806250E+0
2.77100006E+2 1.01806250E+0
2.78200012E+2 1.01806250E+0
2.79200012E+2 1.01812500E+0
2.80200012E+2 1.01806250E+0
2.81100006E+2 1.01806250E+0
2.82100006E+2 1.01806250E+0
2.83100006E+2 1.01812500E+0
2.84100006E+2 1.01806250E+0
2.85100006E+2 1.01806250E+0
2.86200012E+2 1.01806250E+0
2.87200012E+2 1.01806250E+0
2.88100006E+2 1.01806250E+0
2.89100006E+2 1.01806250E+0
2.90200012E+2 1.01806250E+0
2.91200012E+2 1.01806250E+0
2.92100006E+2 1.01812500E+0
2.93100006E+2 1.01806250E+0
2.94100006E+2 1.01806250E+0
