0.00000000E+0 1.00824177E+0 1.00000001E-1 2.93347500E+2
1.20000005E+0 1.00763127E+0 1.29999995E+0 2.93347500E+2
2.20000005E+0 1.00824177E+0 2.20000005E+0 2.93347500E+2
3.20000005E+0 1.00763127E+0 3.29999995E+0 2.93347500E+2
4.19999981E+0 1.00732601E+0 4.30000019E+0 2.93347500E+2
5.19999981E+0 1.00763127E+0 5.30000019E+0 2.93347500E+2
6.19999981E+0 1.00824177E+0 6.30000019E+0 2.93285000E+2
7.19999981E+0 1.00763127E+0 7.30000019E+0 2.93347500E+2
8.19999981E+0 1.00824177E+0 8.30000019E+0 2.93347500E+2
9.19999981E+0 1.00824177E+0 9.30000019E+0 2.93347500E+2
1.01999998E+1 1.00824177E+0 1.03000002E+1 2.93285000E+2
1.11999998E+1 1.00732601E+0 1.13000002E+1 2.93347500E+2
1.21999998E+1 1.00732601E+0 1.23000002E+1 2.93347500E+2
1.31999998E+1 1.00732601E+0 1.33000002E+1 2.93347500E+2
1.41999998E+1 1.00763127E+0 1.43000002E+1 2.93347500E+2
1.51999998E+1 1.00763127E+0 1.53000002E+1 2.93285000E+2
1.62000008E+1 1.00763127E+0 1.62999992E+1 2.93285000E+2
1.72000008E+1 1.00763127E+0 1.72999992E+1 2.93347500E+2
1.82000008E+1 1.00824177E+0 1.82999992E+1 2.93285000E+2
1.92000008E+1 1.00763127E+0 1.92999992E+1 2.93347500E+2
2.02000008E+1 1.00732601E+0 2.02999992E+1 2.93347500E+2
2.12000008E+1 1.00763127E+0 2.12999992E+1 2.93347500E+2
2.22000008E+1 1.00793651E+0 2.22999992E+1 2.93347500E+2
2.32000008E+1 1.00732601E+0 2.32999992E+1 2.93347500E+2
2.42000008E+1 1.00824177E+0 2.42999992E+1 2.93347500E+2
2.52000008E+1 1.00732601E+0 2.52999992E+1 2.93285000E+2
2.62000008E+1 1.00824177E+0 2.62999992E+1 2.93347500E+2
2.72000008E+1 1.00763127E+0 2.72999992E+1 2.93347500E+2
2.82000008E+1 1.00763127E+0 2.82999992E+1 2.93347500E+2
2.92000008E+1 1.00732601E+0 2.92999992E+1 2.93347500E+2
3.02000008E+1 1.00732601E+0 3.02999992E+1 2.93347500E+2
3.12000008E+1 1.00763127E+0 3.12999992E+1 2.93347500E+2
3.22000008E+1 1.00763127E+0 3.22999992E+1 2.93347500E+2
3.32000008E+1 1.00732601E+0 3.32999992E+1 2.93347500E+2
3.42000008E+1 1.00732601E+0 3.42999992E+1 2.93347500E+2
3.52000008E+1 1.00763127E+0 3.52999992E+1 2.93347500E+2
3.62000008E+1 1.00763127E+0 3.62999992E+1 2.93347500E+2
3.72000008E+1 1.00793651E+0 3.72999992E+1 2.93285000E+2
3.82000008E+1 1.00732601E+0 3.82000008E+1 2.93347500E+2
3.92000008E+1 1.00702077E+0 3.92999992E+1 2.93347500E+2
4.02000008E+1 1.00824177E+0 4.02999992E+1 2.93285000E+2
4.12000008E+1 1.00763127E+0 4.12999992E+1 2.93347500E+2
4.22000008E+1 1.00732601E+0 4.22999992E+1 2.93347500E+2
4.32000008E+1 1.00732601E+0 4.32999992E+1 2.93347500E+2
4.42000008E+1 1.00732601E+0 4.42999992E+1 2.93347500E+2
4.52000008E+1 1.00732601E+0 4.52999992E+1 2.93347500E+2
4.62000008E+1 1.00824177E+0 4.62999992E+1 2.93347500E+2
4.72000008E+1 1.00824177E+0 4.72999992E+1 2.93347500E+2
4.82000008E+1 1.00763127E+0 4.82999992E+1 2.93285000E+2
4.92000008E+1 1.00732601E+0 4.92999992E+1 2.93347500E+2
5.02000008E+1 1.00763127E+0 5.02999992E+1 2.93285000E+2
5.12000008E+1 1.00702077E+0 5.12999992E+1 2.93285000E+2
5.22000008E+1 1.00793651E+0 5.22999992E+1 2.93285000E+2
5.32000008E+1 1.00824177E+0 5.32999992E+1 2.93347500E+2
5.42000008E+1 1.00824177E+0 5.42999992E+1 2.93347500E+2
5.52000008E+1 1.00824177E+0 5.52999992E+1 2.93347500E+2
5.62000008E+1 1.00824177E+0 5.62999992E+1 2.93347500E+2
5.72000008E+1 1.00763127E+0 5.72999992E+1 2.93347500E+2
5.82000008E+1 1.00763127E+0 5.82999992E+1 2.93347500E+2
5.92000008E+1 1.00763127E+0 5.92999992E+1 2.93285000E+2
6.02000008E+1 1.00824177E+0 6.02999992E+1 2.93347500E+2
6.12000008E+1 1.00763127E+0 6.12999992E+1 2.93285000E+2
6.22000008E+1 1.00763127E+0 6.22999992E+1 2.93285000E+2
6.32000008E+1 1.00732601E+0 6.32999992E+1 2.93347500E+2
6.41999969E+1 1.00763127E+0 6.43000031E+1 2.93347500E+2
6.51999969E+1 1.00824177E+0 6.53000031E+1 2.93347500E+2
6.61999969E+1 1.00824177E+0 6.63000031E+1 2.93347500E+2
6.71999969E+1 1.00763127E+0 6.73000031E+1 2.93347500E+2
6.81999969E+1 1.00732601E+0 6.83000031E+1 2.93347500E+2
6.91999969E+1 1.00793651E+0 6.93000031E+1 2.93347500E+2
7.01999969E+1 1.00732601E+0 7.03000031E+1 2.93347500E+2
7.11999969E+1 1.00732601E+0 7.13000031E+1 2.93285000E+2
7.21999969E+1 1.00824177E+0 7.23000031E+1 2.93347500E+2
7.31999969E+1 1.00732601E+0 7.33000031E+1 2.93347500E+2
7.41999969E+1 1.00793651E+0 7.43000031E+1 2.93347500E+2
7.51999969E+1 1.00763127E+0 7.53000031E+1 2.93347500E+2
7.61999969E+1 1.00732601E+0 7.63000031E+1 2.93347500E+2
7.71999969E+1 1.00824177E+0 7.73000031E+1 2.93347500E+2
7.81999969E+1 1.00763127E+0 7.83000031E+1 2.93347500E+2
7.91999969E+1 1.00732601E+0 7.93000031E+1 2.93285000E+2
8.01999969E+1 1.00732601E+0 8.03000031E+1 2.93347500E+2
8.11999969E+1 1.00763127E+0 8.13000031E+1 2.93285000E+2
8.21999969E+1 1.00763127E+0 8.23000031E+1 2.93347500E+2
8.31999969E+1 1.00732601E+0 8.33000031E+1 2.93285000E+2
8.41999969E+1 1.00824177E+0 8.43000031E+1 2.93285000E+2
8.51999969E+1 1.00763127E+0 8.53000031E+1 2.93285000E+2
8.61999969E+1 1.00732601E+0 8.63000031E+1 2.93347500E+2
8.71999969E+1 1.00824177E+0 8.73000031E+1 2.93347500E+2
8.81999969E+1 1.00763127E+0 8.83000031E+1 2.93347500E+2
8.91999969E+1 1.00763127E+0 8.93000031E+1 2.93347500E+2
9.01999969E+1 1.00763127E+0 9.03000031E+1 2.93285000E+2
9.11999969E+1 1.00824177E+0 9.13000031E+1 2.93285000E+2
9.21999969E+1 1.00824177E+0 9.23000031E+1 2.93347500E+2
9.31999969E+1 1.00763127E+0 9.33000031E+1 2.93347500E+2
9.41999969E+1 1.00824177E+0 9.43000031E+1 2.93347500E+2
9.51999969E+1 1.00732601E+0 9.53000031E+1 2.93285000E+2
9.61999969E+1 1.00824177E+0 9.63000031E+1 2.93285000E+2
9.71999969E+1 1.00702077E+0 9.73000031E+1 2.93347500E+2
9.81999969E+1 1.00732601E+0 9.83000031E+1 2.93285000E+2
9.91999969E+1 1.00763127E+0 9.93000031E+1 2.93285000E+2
1.00199997E+2 1.00763127E+0 1.00300003E+2 2.93285000E+2
1.01199997E+2 1.00824177E+0 1.01300003E+2 2.93285000E+2
1.02199997E+2 1.00763127E+0 1.02300003E+2 2.93347500E+2
1.03199997E+2 1.00763127E+0 1.03300003E+2 2.93347500E+2
1.04199997E+2 1.00824177E+0 1.04300003E+2 2.93347500E+2
1.05199997E+2 1.00763127E+0 1.05300003E+2 2.93285000E+2
1.06199997E+2 1.00824177E+0 1.06300003E+2 2.93347500E+2
1.07199997E+2 1.00732601E+0 1.07300003E+2 2.93347500E+2
1.08199997E+2 1.00824177E+0 1.08300003E+2 2.93347500E+2
1.09199997E+2 1.00763127E+0 1.09300003E+2 2.93347500E+2
1.10199997E+2 1.00732601E+0 1.10300003E+2 2.93347500E+2
1.11199997E+2 1.00793651E+0 1.11300003E+2 2.93347500E+2
1.12199997E+2 1.00824177E+0 1.12300003E+2 2.93347500E+2
1.13199997E+2 1.00763127E+0 1.13300003E+2 2.93285000E+2
1.14199997E+2 1.00793651E+0 1.14300003E+2 2.93285000E+2
1.15199997E+2 1.00732601E+0 1.15300003E+2 2.93285000E+2
1.16199997E+2 1.00824177E+0 1.16300003E+2 2.93285000E+2
1.17199997E+2 1.00763127E+0 1.17300003E+2 2.93285000E+2
1.18199997E+2 1.00732601E+0 1.18300003E+2 2.93347500E+2
1.19199997E+2 1.00824177E+0 1.19300003E+2 2.93347500E+2
1.20199997E+2 1.00763127E+0 1.20300003E+2 2.93347500E+2
1.21199997E+2 1.00824177E+0 1.21300003E+2 2.93285000E+2
1.22199997E+2 1.00763127E+0 1.22300003E+2 2.93347500E+2
1.23199997E+2 1.00763127E+0 1.23300003E+2 2.93285000E+2
1.24199997E+2 1.00763127E+0 1.24300003E+2 2.93285000E+2
1.25199997E+2 1.00824177E+0 1.25300003E+2 2.93285000E+2
1.26199997E+2 1.00793651E+0 1.26300003E+2 2.93285000E+2
1.27199997E+2 1.00732601E+0 1.27300003E+2 2.93285000E+2
1.28199997E+2 1.00824177E+0 1.28300003E+2 2.93285000E+2
1.29199997E+2 1.00763127E+0 1.29300003E+2 2.93285000E+2
1.30199997E+2 1.00824177E+0 1.30300003E+2 2.93347500E+2
1.31199997E+2 1.00763127E+0 1.31300003E+2 2.93285000E+2
1.32199997E+2 1.00824177E+0 1.32300003E+2 2.93285000E+2
1.33199997E+2 1.00763127E+0 1.33300003E+2 2.93285000E+2
1.34199997E+2 1.00763127E+0 1.34300003E+2 2.93347500E+2
1.35199997E+2 1.00763127E+0 1.35300003E+2 2.93285000E+2
1.36199997E+2 1.00732601E+0 1.36300003E+2 2.93347500E+2
1.37199997E+2 1.00763127E+0 1.37300003E+2 2.93285000E+2
1.38199997E+2 1.00824177E+0 1.38300003E+2 2.93285000E+2
1.39199997E+2 1.00824177E+0 1.39300003E+2 2.93347500E+2
1.40199997E+2 1.00763127E+0 1.40300003E+2 2.93347500E+2
1.41199997E+2 1.00763127E+0 1.41300003E+2 2.93347500E+2
1.42199997E+2 1.00702077E+0 1.42300003E+2 2.93285000E+2
1.43199997E+2 1.00793651E+0 1.43300003E+2 2.93285000E+2
1.44199997E+2 1.00763127E+0 1.44300003E+2 2.93285000E+2
1.45199997E+2 1.00824177E+0 1.45300003E+2 2.93285000E+2
1.46199997E+2 1.00763127E+0 1.46300003E+2 2.93347500E+2
1.47199997E+2 1.00732601E+0 1.47300003E+2 2.93347500E+2
1.48199997E+2 1.00824177E+0 1.48300003E+2 2.93285000E+2
1.49199997E+2 1.00732601E+0 1.49300003E+2 2.93347500E+2
1.50199997E+2 1.00732601E+0 1.50300003E+2 2.93285000E+2
1.51199997E+2 1.00732601E+0 1.51300003E+2 2.93285000E+2
1.52199997E+2 1.00793651E+0 1.52300003E+2 2.93285000E+2
1.53199997E+2 1.00793651E+0 1.53300003E+2 2.93285000E+2
1.54199997E+2 1.00824177E+0 1.54300003E+2 2.93347500E+2
1.55199997E+2 1.00763127E+0 1.55300003E+2 2.93347500E+2
1.56199997E+2 1.00824177E+0 1.56300003E+2 2.93285000E+2
1.57199997E+2 1.00763127E+0 1.57300003E+2 2.93285000E+2
1.58199997E+2 1.00763127E+0 1.58300003E+2 2.93285000E+2
1.59199997E+2 1.00702077E+0 1.59300003E+2 2.93285000E+2
1.60199997E+2 1.00732601E+0 1.60300003E+2 2.93285000E+2
1.61199997E+2 1.00763127E+0 1.61300003E+2 2.93285000E+2
1.62199997E+2 1.00824177E+0 1.62300003E+2 2.93285000E+2
1.63199997E+2 1.00824177E+0 1.63300003E+2 2.93285000E+2
1.64199997E+2 1.00702077E+0 1.64300003E+2 2.93285000E+2
1.65199997E+2 1.00824177E+0 1.65300003E+2 2.93347500E+2
1.66199997E+2 1.00763127E+0 1.66300003E+2 2.93285000E+2
1.67199997E+2 1.00732601E+0 1.67300003E+2 2.93285000E+2
1.68199997E+2 1.00824177E+0 1.68300003E+2 2.93347500E+2
1.69199997E+2 1.00732601E+0 1.69300003E+2 2.93285000E+2
1.70199997E+2 1.00763127E+0 1.70300003E+2 2.93285000E+2
1.71199997E+2 1.00824177E+0 1.71300003E+2 2.93285000E+2
1.72199997E+2 1.00763127E+0 1.72300003E+2 2.93285000E+2
1.73300003E+2 1.00732601E+0 1.73300003E+2 2.93285000E+2
1.74300003E+2 1.00763127E+0 1.74300003E+2 2.93285000E+2
1.75300003E+2 1.00793651E+0 1.75300003E+2 2.93347500E+2
1.76300003E+2 1.00732601E+0 1.76399994E+2 2.93285000E+2
1.77300003E+2 1.00824177E+0 1.77399994E+2 2.93347500E+2
1.78300003E+2 1.00763127E+0 1.78399994E+2 2.93347500E+2
1.79300003E+2 1.00732601E+0 1.79399994E+2 2.93285000E+2
1.80300003E+2 1.00732601E+0 1.80399994E+2 2.93285000E+2
1.81300003E+2 1.00732601E+0 1.81399994E+2 2.93347500E+2
1.82300003E+2 1.00763127E+0 1.82399994E+2 2.93285000E+2
1.83300003E+2 1.00824177E+0 1.83399994E+2 2.93347500E+2
1.84300003E+2 1.00763127E+0 1.84399994E+2 2.93285000E+2
1.85300003E+2 1.00732601E+0 1.85399994E+2 2.93285000E+2
1.86300003E+2 1.00763127E+0 1.86399994E+2 2.93347500E+2
1.87300003E+2 1.00824177E+0 1.87399994E+2 2.93285000E+2
1.88300003E+2 1.00824177E+0 1.88399994E+2 2.93285000E+2
1.89300003E+2 1.00763127E+0 1.89399994E+2 2.93285000E+2
1.90300003E+2 1.00732601E+0 1.90399994E+2 2.93285000E+2
1.91300003E+2 1.00763127E+0 1.91399994E+2 2.93285000E+2
1.92300003E+2 1.00763127E+0 1.92399994E+2 2.93285000E+2
1.93300003E+2 1.00824177E+0 1.93399994E+2 2.93285000E+2
1.94300003E+2 1.00732601E+0 1.94399994E+2 2.93285000E+2
1.95300003E+2 1.00732601E+0 1.95399994E+2 2.93285000E+2
1.96300003E+2 1.00763127E+0 1.96399994E+2 2.93285000E+2
1.97300003E+2 1.00702077E+0 1.97399994E+2 2.93285000E+2
1.98300003E+2 1.00732601E+0 1.98399994E+2 2.93285000E+2
1.99300003E+2 1.00763127E+0 1.99399994E+2 2.93347500E+2
2.00300003E+2 1.00793651E+0 2.00399994E+2 2.93285000E+2
2.01300003E+2 1.00824177E+0 2.01399994E+2 2.93285000E+2
2.02300003E+2 1.00793651E+0 2.02399994E+2 2.93285000E+2
2.03300003E+2 1.00763127E+0 2.03399994E+2 2.93285000E+2
2.04300003E+2 1.00732601E+0 2.04399994E+2 2.93285000E+2
2.05300003E+2 1.00732601E+0 2.05399994E+2 2.93285000E+2
2.06300003E+2 1.00763127E+0 2.06399994E+2 2.93285000E+2
2.07300003E+2 1.00732601E+0 2.07399994E+2 2.93285000E+2
2.08300003E+2 1.00732601E+0 2.08399994E+2 2.93285000E+2
2.09300003E+2 1.00793651E+0 2.09399994E+2 2.93347500E+2
2.10300003E+2 1.00732601E+0 2.10399994E+2 2.93285000E+2
2.11300003E+2 1.00732601E+0 2.11399994E+2 2.93285000E+2
2.12300003E+2 1.00824177E+0 2.12399994E+2 2.93347500E+2
2.13300003E+2 1.00732601E+0 2.13399994E+2 2.93285000E+2
2.14300003E+2 1.00824177E+0 2.14399994E+2 2.93347500E+2
2.15300003E+2 1.00732601E+0 2.15399994E+2 2.93285000E+2
2.16300003E+2 1.00763127E+0 2.16399994E+2 2.93285000E+2
2.17300003E+2 1.00763127E+0 2.17399994E+2 2.93285000E+2
2.18300003E+2 1.00763127E+0 2.18399994E+2 2.93285000E+2
2.19300003E+2 1.00793651E+0 2.19399994E+2 2.93285000E+2
2.20300003E+2 1.00732601E+0 2.20399994E+2 2.93285000E+2
2.21300003E+2 1.00732601E+0 2.21399994E+2 2.93285000E+2
2.22300003E+2 1.00763127E+0 2.22399994E+2 2.93285000E+2
2.23300003E+2 1.00732601E+0 2.23399994E+2 2.93285000E+2
2.24300003E+2 1.00763127E+0 2.24399994E+2 2.93285000E+2
2.25300003E+2 1.00763127E+0 2.25399994E+2 2.93285000E+2
2.26300003E+2 1.00732601E+0 2.26399994E+2 2.93285000E+2
2.27399994E+2 1.00763127E+0 2.27399994E+2 2.93285000E+2
2.28399994E+2 1.00763127E+0 2.28399994E+2 2.93285000E+2
2.29399994E+2 1.00824177E+0 2.29500000E+2 2.93347500E+2
2.30399994E+2 1.00732601E+0 2.30500000E+2 2.93285000E+2
2.31399994E+2 1.00763127E+0 2.31500000E+2 2.93285000E+2
2.32399994E+2 1.00824177E+0 2.32500000E+2 2.93285000E+2
2.33399994E+2 1.00763127E+0 2.33500000E+2 2.93285000E+2
2.34399994E+2 1.00732601E+0 2.34500000E+2 2.93285000E+2
2.35500000E+2 1.00763127E+0 2.35500000E+2 2.93285000E+2
2.36500000E+2 1.00763127E+0 2.36500000E+2 2.93285000E+2
2.37500000E+2 1.00793651E+0 2.37500000E+2 2.93347500E+2
2.38500000E+2 1.00702077E+0 2.38500000E+2 2.93285000E+2
2.39500000E+2 1.00763127E+0 2.39500000E+2 2.93347500E+2
2.40500000E+2 1.00732601E+0 2.40500000E+2 2.93285000E+2
2.41500000E+2 1.00763127E+0 2.41500000E+2 2.93285000E+2
2.42500000E+2 1.00824177E+0 2.42500000E+2 2.93347500E+2
2.43500000E+2 1.00763127E+0 2.43500000E+2 2.93285000E+2
2.44500000E+2 1.00732601E+0 2.44500000E+2 2.93285000E+2
2.45500000E+2 1.00763127E+0 2.45500000E+2 2.93285000E+2
2.46500000E+2 1.00824177E+0 2.46500000E+2 2.93285000E+2
2.47500000E+2 1.00732601E+0 2.47500000E+2 2.93285000E+2
2.48500000E+2 1.00763127E+0 2.48500000E+2 2.93285000E+2
2.49500000E+2 1.00763127E+0 2.49500000E+2 2.93285000E+2
2.50500000E+2 1.00763127E+0 2.50500000E+2 2.93285000E+2
2.51500000E+2 1.00793651E+0 2.51500000E+2 2.93285000E+2
2.52500000E+2 1.00702077E+0 2.52500000E+2 2.93285000E+2
2.53500000E+2 1.00763127E+0 2.53500000E+2 2.93347500E+2
2.54500000E+2 1.00793651E+0 2.54500000E+2 2.93285000E+2
2.55500000E+2 1.00763127E+0 2.55500000E+2 2.93285000E+2
2.56500000E+2 1.00732601E+0 2.56500000E+2 2.93285000E+2
2.57500000E+2 1.00824177E+0 2.57500000E+2 2.93285000E+2
2.58500000E+2 1.00763127E+0 2.58500000E+2 2.93285000E+2
2.59500000E+2 1.00732601E+0 2.59500000E+2 2.93285000E+2
2.60500000E+2 1.00824177E+0 2.60500000E+2 2.93285000E+2
2.61500000E+2 1.00732601E+0 2.61500000E+2 2.93285000E+2
2.62500000E+2 1.00763127E+0 2.62500000E+2 2.93285000E+2
2.63500000E+2 1.00702077E+0 2.63500000E+2 2.93285000E+2
2.64500000E+2 1.00763127E+0 2.64500000E+2 2.93285000E+2
2.65500000E+2 1.00824177E+0 2.65500000E+2 2.93285000E+2
2.66500000E+2 1.00824177E+0 2.66500000E+2 2.93285000E+2
2.67500000E+2 1.00824177E+0 2.67500000E+2 2.93285000E+2
2.68500000E+2 1.00732601E+0 2.68500000E+2 2.93285000E+2
2.69500000E+2 1.00824177E+0 2.69500000E+2 2.93285000E+2
2.70500000E+2 1.00732601E+0 2.70500000E+2 2.93347500E+2
2.71500000E+2 1.00763127E+0 2.71500000E+2 2.93285000E+2
2.72500000E+2 1.01037851E+0 2.72500000E+2 2.93285000E+2
2.73500000E+2 1.00824177E+0 2.73500000E+2 2.93285000E+2
2.74500000E+2 1.00763127E+0 2.74500000E+2 2.93285000E+2
2.75500000E+2 1.00732601E+0 2.75500000E+2 2.93285000E+2
2.76500000E+2 1.00702077E+0 2.76500000E+2 2.93285000E+2
2.77500000E+2 1.00763127E+0 2.77500000E+2 2.93285000E+2
2.78500000E+2 1.00793651E+0 2.78500000E+2 2.93285000E+2
2.79500000E+2 1.00793651E+0 2.79500000E+2 2.93285000E+2
2.80500000E+2 1.00824177E+0 2.80500000E+2 2.93285000E+2
2.81500000E+2 1.00702077E+0 2.81500000E+2 2.93285000E+2
2.82500000E+2 1.00824177E+0 2.82500000E+2 2.93347500E+2
2.83500000E+2 1.00732601E+0 2.83500000E+2 2.93285000E+2
2.84500000E+2 1.00732601E+0 2.84500000E+2 2.93285000E+2
2.85500000E+2 1.00732601E+0 2.85500000E+2 2.93285000E+2
2.86500000E+2 1.00824177E+0 2.86500000E+2 2.93285000E+2
2.87500000E+2 1.00763127E+0 2.87500000E+2 2.93285000E+2
2.88500000E+2 1.00763127E+0 2.88500000E+2 2.93285000E+2
2.89500000E+2 1.00763127E+0 2.89500000E+2 2.93285000E+2
2.90500000E+2 1.00824177E+0 2.90500000E+2 2.93285000E+2
2.91500000E+2 1.00702077E+0 2.91500000E+2 2.93285000E+2
2.92500000E+2 1.00763127E+0 2.92500000E+2 2.93285000E+2
2.93500000E+2 1.00763127E+0 2.93500000E+2 2.93285000E+2
2.94500000E+2 1.00732601E+0 2.94500000E+2 2.93347500E+2
2.95500000E+2 1.00793651E+0 2.95500000E+2 2.93285000E+2
2.96500000E+2 1.00793651E+0 2.96500000E+2 2.93347500E+2
2.97500000E+2 1.00763127E+0 2.97500000E+2 2.93285000E+2
2.98500000E+2 1.00732601E+0 2.98500000E+2 2.93285000E+2
2.99500000E+2 1.00732601E+0 2.99500000E+2 2.93285000E+2
3.00500000E+2 1.00824177E+0 3.00500000E+2 2.93285000E+2
3.01500000E+2 1.00763127E+0 3.01500000E+2 2.93285000E+2
3.02500000E+2 1.00763127E+0 3.02500000E+2 2.93285000E+2
3.03500000E+2 1.00763127E+0 3.03500000E+2 2.93285000E+2
3.04500000E+2 1.00824177E+0 3.04500000E+2 2.93285000E+2
3.05500000E+2 1.00763127E+0 3.05500000E+2 2.93285000E+2
3.06500000E+2 1.00793651E+0 3.06500000E+2 2.93285000E+2
3.07500000E+2 1.00763127E+0 3.07500000E+2 2.93285000E+2
3.08500000E+2 1.00824177E+0 3.08500000E+2 2.93285000E+2
3.09500000E+2 1.00824177E+0 3.09500000E+2 2.93285000E+2
3.10500000E+2 1.00763127E+0 3.10500000E+2 2.93285000E+2
3.11500000E+2 1.00793651E+0 3.11500000E+2 2.93285000E+2
3.12500000E+2 1.00763127E+0 3.12500000E+2 2.93285000E+2
3.13500000E+2 1.00763127E+0 3.13500000E+2 2.93285000E+2
3.14500000E+2 1.00763127E+0 3.14500000E+2 2.93285000E+2
3.15500000E+2 1.00732601E+0 3.15500000E+2 2.93285000E+2
3.16500000E+2 1.00824177E+0 3.16500000E+2 2.93285000E+2
3.17500000E+2 1.00824177E+0 3.17500000E+2 2.93285000E+2
3.18500000E+2 1.00763127E+0 3.18500000E+2 2.93285000E+2
3.19500000E+2 1.00763127E+0 3.19500000E+2 2.93285000E+2
3.20500000E+2 1.00732601E+0 3.20500000E+2 2.93285000E+2
3.21500000E+2 1.00824177E+0 3.21500000E+2 2.93285000E+2
3.22500000E+2 1.00763127E+0 3.22500000E+2 2.93347500E+2
3.23500000E+2 1.00793651E+0 3.23500000E+2 2.93285000E+2
3.24500000E+2 1.00763127E+0 3.24500000E+2 2.93285000E+2
3.25500000E+2 1.00763127E+0 3.25500000E+2 2.93285000E+2
3.26500000E+2 1.00763127E+0 3.26500000E+2 2.93285000E+2
3.27500000E+2 1.00824177E+0 3.27500000E+2 2.93347500E+2
3.28500000E+2 1.00793651E+0 3.28500000E+2 2.93285000E+2
3.29500000E+2 1.00763127E+0 3.29500000E+2 2.93285000E+2
3.30500000E+2 1.00763127E+0 3.30500000E+2 2.93285000E+2
3.31500000E+2 1.00763127E+0 3.31600006E+2 2.93347500E+2
3.32500000E+2 1.00702077E+0 3.32600006E+2 2.93285000E+2
3.33500000E+2 1.00763127E+0 3.33600006E+2 2.93285000E+2
3.34500000E+2 1.00824177E+0 3.34600006E+2 2.93285000E+2
3.35500000E+2 1.00763127E+0 3.35600006E+2 2.93285000E+2
3.36500000E+2 1.00763127E+0 3.36600006E+2 2.93285000E+2
3.37500000E+2 1.00763127E+0 3.37600006E+2 2.93285000E+2
3.38500000E+2 1.00824177E+0 3.38600006E+2 2.93285000E+2
3.39500000E+2 1.00824177E+0 3.39600006E+2 2.93285000E+2
3.40500000E+2 1.00763127E+0 3.40600006E+2 2.93285000E+2
3.41500000E+2 1.00824177E+0 3.41600006E+2 2.93285000E+2
3.42500000E+2 1.00824177E+0 3.42600006E+2 2.93285000E+2
3.43600006E+2 1.00763127E+0 3.43600006E+2 2.93285000E+2
3.44600006E+2 1.00763127E+0 3.44600006E+2 2.93285000E+2
3.45600006E+2 1.00732601E+0 3.45600006E+2 2.93285000E+2
3.46600006E+2 1.01068377E+0 3.46700012E+2 2.93285000E+2
3.47600006E+2 1.00824177E+0 3.47600006E+2 2.93285000E+2
3.48600006E+2 1.00763127E+0 3.48600006E+2 2.93285000E+2
3.49600006E+2 1.00824177E+0 3.49600006E+2 2.93285000E+2
3.50600006E+2 1.00763127E+0 3.50600006E+2 2.93285000E+2
3.51600006E+2 1.00763127E+0 3.51600006E+2 2.93285000E+2
3.52600006E+2 1.00824177E+0 3.52600006E+2 2.93285000E+2
3.53600006E+2 1.00732601E+0 3.53600006E+2 2.93285000E+2
3.54600006E+2 1.00824177E+0 3.54700012E+2 2.93285000E+2
3.55600006E+2 1.00763127E+0 3.55600006E+2 2.93285000E+2
3.56600006E+2 1.00763127E+0 3.56600006E+2 2.93285000E+2
3.57600006E+2 1.00763127E+0 3.57600006E+2 2.93285000E+2
3.58600006E+2 1.00763127E+0 3.58600006E+2 2.93285000E+2
3.59600006E+2 1.00732601E+0 3.59700012E+2 2.93285000E+2
3.60600006E+2 1.00824177E+0 3.60600006E+2 2.93285000E+2
3.61600006E+2 1.00824177E+0 3.61700012E+2 2.93285000E+2
3.62600006E+2 1.00824177E+0 3.62700012E+2 2.93285000E+2
3.63600006E+2 1.00763127E+0 3.63600006E+2 2.93285000E+2
3.64600006E+2 1.00732601E+0 3.64700012E+2 2.93285000E+2
3.65600006E+2 1.00732601E+0 3.65700012E+2 2.93285000E+2
3.66600006E+2 1.00824177E+0 3.66700012E+2 2.93285000E+2
3.67600006E+2 1.00763127E+0 3.67700012E+2 2.93285000E+2
3.68600006E+2 1.00732601E+0 3.68700012E+2 2.93285000E+2
3.69600006E+2 1.00763127E+0 3.69700012E+2 2.93285000E+2
3.70600006E+2 1.00824177E+0 3.70700012E+2 2.93285000E+2
3.71700012E+2 1.00763127E+0 3.71700012E+2 2.93285000E+2
3.72700012E+2 1.00824177E+0 3.72700012E+2 2.93285000E+2
3.73700012E+2 1.00763127E+0 3.73799988E+2 2.93285000E+2
3.74700012E+2 1.00824177E+0 3.74700012E+2 2.93285000E+2
3.75700012E+2 1.00824177E+0 3.75799988E+2 2.93285000E+2
3.76700012E+2 1.00732601E+0 3.76799988E+2 2.93285000E+2
3.77700012E+2 1.00763127E+0 3.77799988E+2 2.93285000E+2
3.78700012E+2 1.00824177E+0 3.78799988E+2 2.93285000E+2
3.79700012E+2 1.00793651E+0 3.79799988E+2 2.93285000E+2
3.80700012E+2 1.00824177E+0 3.80799988E+2 2.93285000E+2
3.81700012E+2 1.00732601E+0 3.81799988E+2 2.93285000E+2
3.82700012E+2 1.00824177E+0 3.82799988E+2 2.93285000E+2
3.83700012E+2 1.00824177E+0 3.83799988E+2 2.93285000E+2
3.84700012E+2 1.00763127E+0 3.84799988E+2 2.93285000E+2
3.85700012E+2 1.00763127E+0 3.85799988E+2 2.93285000E+2
3.86700012E+2 1.00824177E+0 3.86799988E+2 2.93285000E+2
3.87700012E+2 1.00732601E+0 3.87700012E+2 2.93285000E+2
3.88700012E+2 1.00732601E+0 3.88799988E+2 2.93285000E+2
3.89700012E+2 1.00824177E+0 3.89799988E+2 2.93285000E+2
3.90700012E+2 1.00732601E+0 3.90799988E+2 2.93285000E+2
3.91700012E+2 1.00732601E+0 3.91799988E+2 2.93285000E+2
3.92700012E+2 1.00763127E+0 3.92799988E+2 2.93347500E+2
3.93700012E+2 1.00763127E+0 3.93799988E+2 2.93285000E+2
3.94700012E+2 1.00763127E+0 3.94799988E+2 2.93285000E+2
3.95700012E+2 1.00824177E+0 3.95799988E+2 2.93285000E+2
3.96700012E+2 1.00763127E+0 3.96799988E+2 2.93285000E+2
3.97700012E+2 1.00824177E+0 3.97799988E+2 2.93285000E+2
3.98700012E+2 1.00763127E+0 3.98799988E+2 2.93285000E+2
3.99700012E+2 1.00732601E+0 3.99799988E+2 2.93285000E+2
4.00700012E+2 1.00732601E+0 4.00799988E+2 2.93285000E+2
4.01700012E+2 1.00732601E+0 4.01799988E+2 2.93285000E+2
4.02700012E+2 1.00824177E+0 4.02799988E+2 2.93285000E+2
4.03700012E+2 1.00732601E+0 4.03799988E+2 2.93285000E+2
4.04700012E+2 1.00824177E+0 4.04799988E+2 2.93285000E+2
4.05700012E+2 1.00763127E+0 4.05799988E+2 2.93285000E+2
4.06700012E+2 1.00824177E+0 4.06799988E+2 2.93285000E+2
4.07700012E+2 1.00732601E+0 4.07799988E+2 2.93285000E+2
4.08700012E+2 1.00763127E+0 4.08799988E+2 2.93285000E+2
4.09700012E+2 1.00824177E+0 4.09799988E+2 2.93285000E+2
4.10700012E+2 1.00763127E+0 4.10799988E+2 2.93285000E+2
4.11700012E+2 1.00763127E+0 4.11799988E+2 2.93285000E+2
4.12700012E+2 1.00702077E+0 4.12799988E+2 2.93285000E+2
4.13700012E+2 1.00824177E+0 4.13799988E+2 2.93285000E+2
4.14700012E+2 1.00763127E+0 4.14799988E+2 2.93285000E+2
4.15700012E+2 1.00702077E+0 4.15799988E+2 2.93285000E+2
4.16700012E+2 1.00732601E+0 4.16799988E+2 2.93285000E+2
4.17700012E+2 1.00763127E+0 4.17799988E+2 2.93285000E+2
4.18700012E+2 1.00732601E+0 4.18799988E+2 2.93285000E+2
4.19700012E+2 1.00763127E+0 4.19799988E+2 2.93285000E+2
4.20700012E+2 1.00702077E+0 4.20799988E+2 2.93285000E+2
4.21799988E+2 1.00732601E+0 4.21799988E+2 2.93285000E+2
4.22700012E+2 1.00763127E+0 4.22799988E+2 2.93285000E+2
4.23700012E+2 1.00732601E+0 4.23799988E+2 2.93285000E+2
4.24799988E+2 1.00824177E+0 4.24799988E+2 2.93285000E+2
4.25700012E+2 1.00732601E+0 4.25799988E+2 2.93285000E+2
4.26700012E+2 1.00763127E+0 4.26799988E+2 2.93285000E+2
4.27799988E+2 1.00732601E+0 4.27799988E+2 2.93285000E+2
4.28799988E+2 1.00763127E+0 4.28799988E+2 2.93285000E+2
4.29799988E+2 1.00763127E+0 4.29799988E+2 2.93285000E+2
4.30799988E+2 1.00793651E+0 4.30799988E+2 2.93285000E+2
4.31799988E+2 1.00763127E+0 4.31899994E+2 2.93285000E+2
4.32799988E+2 1.00732601E+0 4.32899994E+2 2.93285000E+2
4.33799988E+2 1.00732601E+0 4.33899994E+2 2.93285000E+2
4.34799988E+2 1.00824177E+0 4.34899994E+2 2.93285000E+2
4.35799988E+2 1.00732601E+0 4.35899994E+2 2.93285000E+2
4.36799988E+2 1.00763127E+0 4.36899994E+2 2.93285000E+2
4.37799988E+2 1.00793651E+0 4.37899994E+2 2.93285000E+2
4.38799988E+2 1.00824177E+0 4.38899994E+2 2.93285000E+2
4.39799988E+2 1.00763127E+0 4.39899994E+2 2.93285000E+2
4.40799988E+2 1.00732601E+0 4.40899994E+2 2.93285000E+2
4.41799988E+2 1.00824177E+0 4.41899994E+2 2.93285000E+2
4.42799988E+2 1.00732601E+0 4.42899994E+2 2.93285000E+2
4.43799988E+2 1.00702077E+0 4.43899994E+2 2.93285000E+2
4.44799988E+2 1.00763127E+0 4.44899994E+2 2.93285000E+2
4.45799988E+2 1.00732601E+0 4.45899994E+2 2.93285000E+2
4.46799988E+2 1.00763127E+0 4.46899994E+2 2.93285000E+2
4.47799988E+2 1.00763127E+0 4.47899994E+2 2.93285000E+2
4.48799988E+2 1.00824177E+0 4.48899994E+2 2.93285000E+2
4.49799988E+2 1.00824177E+0 4.49899994E+2 2.93285000E+2
4.50799988E+2 1.00824177E+0 4.50899994E+2 2.93285000E+2
4.51799988E+2 1.00763127E+0 4.51899994E+2 2.93285000E+2
4.52799988E+2 1.00763127E+0 4.52899994E+2 2.93285000E+2
4.53799988E+2 1.00763127E+0 4.53899994E+2 2.93285000E+2
4.54799988E+2 1.00732601E+0 4.54899994E+2 2.93285000E+2
4.55799988E+2 1.00763127E+0 4.55899994E+2 2.93285000E+2
4.56799988E+2 1.00763127E+0 4.56899994E+2 2.93285000E+2
4.57799988E+2 1.00763127E+0 4.57899994E+2 2.93285000E+2
4.58799988E+2 1.00732601E+0 4.58899994E+2 2.93285000E+2
4.59799988E+2 1.00824177E+0 4.59899994E+2 2.93285000E+2
4.60799988E+2 1.00732601E+0 4.60899994E+2 2.93285000E+2
4.61799988E+2 1.00824177E+0 4.61899994E+2 2.93285000E+2
4.62799988E+2 1.00824177E+0 4.62899994E+2 2.93285000E+2
4.63799988E+2 1.00732601E+0 4.63899994E+2 2.93285000E+2
4.64799988E+2 1.00763127E+0 4.64899994E+2 2.93285000E+2
4.65799988E+2 1.00732601E+0 4.65899994E+2 2.93285000E+2
4.66799988E+2 1.00732601E+0 4.66899994E+2 2.93285000E+2
4.67799988E+2 1.00732601E+0 4.67899994E+2 2.93285000E+2
4.68799988E+2 1.00824177E+0 4.68899994E+2 2.93285000E+2
4.69799988E+2 1.00732601E+0 4.69899994E+2 2.93285000E+2
4.70799988E+2 1.00824177E+0 4.70899994E+2 2.93285000E+2
4.71799988E+2 1.00763127E+0 4.71899994E+2 2.93285000E+2
4.72799988E+2 1.00732601E+0 4.72899994E+2 2.93285000E+2
4.73799988E+2 1.00793651E+0 4.73899994E+2 2.93285000E+2
4.74799988E+2 1.00763127E+0 4.74899994E+2 2.93285000E+2
4.75799988E+2 1.00763127E+0 4.75899994E+2 2.93285000E+2
4.76799988E+2 1.00793651E+0 4.76899994E+2 2.93285000E+2
4.77799988E+2 1.00824177E+0 4.77899994E+2 2.93285000E+2
4.78799988E+2 1.00763127E+0 4.78899994E+2 2.93285000E+2
4.79799988E+2 1.00763127E+0 4.79899994E+2 2.93285000E+2
4.80799988E+2 1.00732601E+0 4.80899994E+2 2.93285000E+2
4.81799988E+2 1.00732601E+0 4.81899994E+2 2.93285000E+2
4.82799988E+2 1.00763127E+0 4.82899994E+2 2.93285000E+2
4.83799988E+2 1.00763127E+0 4.83899994E+2 2.93285000E+2
4.84799988E+2 1.00763127E+0 4.84899994E+2 2.93285000E+2
4.85799988E+2 1.00763127E+0 4.85899994E+2 2.93285000E+2
4.86799988E+2 1.00824177E+0 4.86899994E+2 2.93285000E+2
4.87799988E+2 1.00732601E+0 4.87899994E+2 2.93285000E+2
4.88799988E+2 1.00732601E+0 4.88899994E+2 2.93285000E+2
4.89799988E+2 1.00824177E+0 4.89899994E+2 2.93285000E+2
4.90799988E+2 1.00732601E+0 4.90899994E+2 2.93285000E+2
4.91799988E+2 1.00732601E+0 4.91899994E+2 2.93285000E+2
4.92799988E+2 1.00763127E+0 4.92899994E+2 2.93285000E+2
4.93799988E+2 1.00824177E+0 4.93899994E+2 2.93285000E+2
4.94799988E+2 1.00763127E+0 4.94899994E+2 2.93285000E+2
4.95799988E+2 1.00824177E+0 4.95899994E+2 2.93285000E+2
4.96799988E+2 1.00763127E+0 4.96899994E+2 2.93285000E+2
4.97799988E+2 1.00763127E+0 4.97899994E+2 2.93285000E+2
4.98799988E+2 1.00732601E+0 4.98899994E+2 2.93285000E+2
4.99799988E+2 1.00732601E+0 4.99899994E+2 2.93285000E+2
5.00799988E+2 1.00763127E+0 5.00899994E+2 2.93285000E+2
5.01799988E+2 1.00763127E+0 5.01899994E+2 2.93285000E+2
5.02799988E+2 1.00763127E+0 5.02899994E+2 2.93285000E+2
5.03799988E+2 1.00824177E+0 5.03899994E+2 2.93285000E+2
5.04799988E+2 1.00763127E+0 5.04899994E+2 2.93285000E+2
5.05799988E+2 1.00824177E+0 5.05899994E+2 2.93285000E+2
5.06799988E+2 1.00793651E+0 5.06899994E+2 2.93285000E+2
5.07799988E+2 1.00824177E+0 5.07899994E+2 2.93285000E+2
5.08799988E+2 1.00732601E+0 5.08899994E+2 2.93285000E+2
5.09799988E+2 1.00763127E+0 5.09899994E+2 2.93285000E+2
5.10799988E+2 1.00732601E+0 5.10899994E+2 2.93285000E+2
5.11799988E+2 1.00763127E+0 5.11899994E+2 2.93285000E+2
5.12799988E+2 1.00824177E+0 5.12900024E+2 2.93285000E+2
5.13799988E+2 1.00763127E+0 5.13900024E+2 2.93285000E+2
5.14799988E+2 1.00763127E+0 5.14900024E+2 2.93285000E+2
5.15799988E+2 1.00732601E+0 5.15900024E+2 2.93285000E+2
5.16799988E+2 1.00732601E+0 5.16900024E+2 2.93285000E+2
5.17799988E+2 1.00793651E+0 5.17900024E+2 2.93285000E+2
5.18799988E+2 1.00824177E+0 5.18900024E+2 2.93285000E+2
5.19799988E+2 1.00763127E+0 5.19900024E+2 2.93285000E+2
5.20799988E+2 1.00824177E+0 5.20900024E+2 2.93285000E+2
5.21799988E+2 1.00763127E+0 5.21900024E+2 2.93285000E+2
5.22799988E+2 1.00793651E+0 5.22900024E+2 2.93285000E+2
5.23799988E+2 1.00763127E+0 5.23900024E+2 2.93285000E+2
5.24799988E+2 1.00763127E+0 5.24900024E+2 2.93285000E+2
5.25799988E+2 1.00732601E+0 5.25900024E+2 2.93285000E+2
5.26799988E+2 1.00763127E+0 5.26900024E+2 2.93285000E+2
5.27799988E+2 1.00763127E+0 5.27900024E+2 2.93285000E+2
5.28799988E+2 1.00763127E+0 5.28900024E+2 2.93285000E+2
5.29799988E+2 1.00763127E+0 5.29900024E+2 2.93285000E+2
5.30799988E+2 1.00763127E+0 5.30900024E+2 2.93285000E+2
5.31799988E+2 1.00763127E+0 5.31900024E+2 2.93285000E+2
5.32799988E+2 1.00824177E+0 5.32900024E+2 2.93285000E+2
5.33799988E+2 1.00763127E+0 5.33900024E+2 2.93285000E+2
5.34799988E+2 1.00824177E+0 5.34900024E+2 2.93285000E+2
5.35799988E+2 1.00763127E+0 5.35900024E+2 2.93285000E+2
5.36799988E+2 1.00824177E+0 5.36900024E+2 2.93285000E+2
5.37799988E+2 1.00763127E+0 5.37900024E+2 2.93285000E+2
5.38799988E+2 1.00824177E+0 5.38900024E+2 2.93285000E+2
5.39799988E+2 1.00702077E+0 5.39900024E+2 2.93285000E+2
5.40799988E+2 1.00824177E+0 5.40900024E+2 2.93285000E+2
5.41799988E+2 1.00732601E+0 5.41900024E+2 2.93285000E+2
5.42799988E+2 1.00732601E+0 5.42900024E+2 2.93285000E+2
5.43799988E+2 1.00763127E+0 5.43900024E+2 2.93285000E+2
5.44799988E+2 1.00763127E+0 5.44900024E+2 2.93285000E+2
5.45799988E+2 1.00824177E+0 5.45900024E+2 2.93285000E+2
5.46799988E+2 1.00793651E+0 5.46900024E+2 2.93285000E+2
5.47799988E+2 1.00763127E+0 5.47900024E+2 2.93285000E+2
5.48799988E+2 1.00732601E+0 5.48900024E+2 2.93285000E+2
5.49799988E+2 1.00824177E+0 5.49900024E+2 2.93285000E+2
5.50799988E+2 1.00763127E+0 5.50900024E+2 2.93285000E+2
5.51799988E+2 1.00763127E+0 5.51900024E+2 2.93285000E+2
5.52799988E+2 1.00824177E+0 5.52900024E+2 2.93285000E+2
5.53799988E+2 1.00824177E+0 5.53900024E+2 2.93285000E+2
5.54799988E+2 1.00793651E+0 5.54900024E+2 2.93285000E+2
5.55799988E+2 1.00763127E+0 5.55900024E+2 2.93285000E+2
5.56799988E+2 1.00763127E+0 5.56900024E+2 2.93285000E+2
5.57799988E+2 1.00763127E+0 5.57900024E+2 2.93285000E+2
5.58799988E+2 1.00763127E+0 5.58900024E+2 2.93285000E+2
5.59799988E+2 1.00824177E+0 5.59900024E+2 2.93285000E+2
5.60799988E+2 1.00763127E+0 5.60900024E+2 2.93285000E+2
5.61799988E+2 1.00763127E+0 5.61900024E+2 2.93285000E+2
5.62799988E+2 1.00732601E+0 5.62900024E+2 2.93285000E+2
5.63799988E+2 1.00824177E+0 5.63900024E+2 2.93285000E+2
5.64799988E+2 1.00732601E+0 5.64900024E+2 2.93285000E+2
5.65799988E+2 1.00763127E+0 5.65900024E+2 2.93285000E+2
5.66799988E+2 1.00702077E+0 5.66900024E+2 2.93285000E+2
5.67799988E+2 1.00732601E+0 5.67900024E+2 2.93285000E+2
5.68799988E+2 1.00763127E+0 5.68900024E+2 2.93285000E+2
5.69799988E+2 1.00732601E+0 5.69900024E+2 2.93285000E+2
5.70799988E+2 1.00824177E+0 5.70900024E+2 2.93285000E+2
5.71799988E+2 1.00763127E+0 5.71900024E+2 2.93285000E+2
5.72799988E+2 1.00824177E+0 5.72900024E+2 2.93285000E+2
5.73799988E+2 1.00763127E+0 5.73900024E+2 2.93285000E+2
5.74799988E+2 1.00763127E+0 5.74900024E+2 2.93285000E+2
5.75799988E+2 1.00702077E+0 5.75900024E+2 2.93285000E+2
5.76799988E+2 1.00763127E+0 5.76900024E+2 2.93285000E+2
5.77799988E+2 1.00824177E+0 5.77900024E+2 2.93285000E+2
5.78799988E+2 1.00732601E+0 5.78900024E+2 2.93285000E+2
5.79799988E+2 1.00732601E+0 5.79900024E+2 2.93285000E+2
5.80799988E+2 1.00732601E+0 5.80900024E+2 2.93285000E+2
5.81799988E+2 1.00824177E+0 5.81900024E+2 2.93285000E+2
5.82799988E+2 1.00824177E+0 5.82900024E+2 2.93285000E+2
5.83799988E+2 1.00763127E+0 5.83900024E+2 2.93285000E+2
5.84799988E+2 1.00763127E+0 5.84900024E+2 2.93285000E+2
5.85799988E+2 1.00824177E+0 5.85900024E+2 2.93285000E+2
5.86799988E+2 1.00763127E+0 5.86900024E+2 2.93285000E+2
5.87799988E+2 1.00793651E+0 5.87900024E+2 2.93285000E+2
5.88799988E+2 1.00732601E+0 5.88900024E+2 2.93285000E+2
5.89799988E+2 1.00732601E+0 5.89900024E+2 2.93285000E+2
5.90799988E+2 1.00763127E+0 5.90900024E+2 2.93285000E+2
5.91799988E+2 1.00763127E+0 5.91900024E+2 2.93285000E+2
5.92799988E+2 1.00824177E+0 5.92900024E+2 2.93285000E+2
5.93799988E+2 1.00824177E+0 5.93900024E+2 2.93285000E+2
5.94799988E+2 1.00763127E+0 5.94900024E+2 2.93285000E+2
5.95799988E+2 1.00732601E+0 5.95900024E+2 2.93285000E+2
5.96799988E+2 1.00763127E+0 5.96900024E+2 2.93285000E+2
5.97799988E+2 1.00763127E+0 5.97900024E+2 2.93285000E+2
5.98799988E+2 1.00763127E+0 5.98900024E+2 2.93285000E+2
5.99799988E+2 1.00763127E+0 5.99900024E+2 2.93285000E+2
6.00799988E+2 1.00732601E+0 6.00900024E+2 2.93285000E+2
6.01799988E+2 1.00763127E+0 6.01900024E+2 2.93285000E+2
6.02799988E+2 1.00732601E+0 6.02900024E+2 2.93285000E+2
6.03799988E+2 1.00763127E+0 6.03900024E+2 2.93285000E+2
6.04799988E+2 1.00732601E+0 6.04900024E+2 2.93285000E+2
6.05799988E+2 1.00824177E+0 6.05900024E+2 2.93285000E+2
6.06799988E+2 1.00793651E+0 6.06900024E+2 2.93285000E+2
6.07799988E+2 1.00732601E+0 6.07900024E+2 2.93285000E+2
6.08799988E+2 1.00824177E+0 6.08900024E+2 2.93285000E+2
6.09799988E+2 1.00763127E+0 6.09900024E+2 2.93285000E+2
6.10799988E+2 1.00763127E+0 6.10900024E+2 2.93285000E+2
6.11799988E+2 1.00763127E+0 6.11900024E+2 2.93285000E+2
6.12799988E+2 1.00732601E+0 6.12900024E+2 2.93285000E+2
6.13799988E+2 1.00763127E+0 6.13900024E+2 2.93285000E+2
6.14799988E+2 1.00824177E+0 6.14900024E+2 2.93285000E+2
6.15799988E+2 1.00824177E+0 6.15900024E+2 2.93285000E+2
6.16799988E+2 1.00763127E+0 6.16900024E+2 2.93285000E+2
6.17799988E+2 1.00763127E+0 6.17900024E+2 2.93285000E+2
6.18799988E+2 1.00763127E+0 6.18900024E+2 2.93285000E+2
6.19799988E+2 1.00671551E+0 6.19900024E+2 2.93285000E+2
6.20799988E+2 1.00763127E+0 6.20900024E+2 2.93285000E+2
6.21799988E+2 1.00763127E+0 6.21900024E+2 2.93285000E+2
6.22799988E+2 1.00824177E+0 6.22900024E+2 2.93285000E+2
6.23799988E+2 1.00824177E+0 6.23900024E+2 2.93285000E+2
6.24799988E+2 1.00732601E+0 6.24900024E+2 2.93285000E+2
6.25799988E+2 1.00824177E+0 6.25900024E+2 2.93285000E+2
6.26799988E+2 1.00824177E+0 6.26900024E+2 2.93285000E+2
6.27799988E+2 1.00763127E+0 6.27900024E+2 2.93285000E+2
6.28799988E+2 1.00732601E+0 6.28900024E+2 2.93285000E+2
6.29799988E+2 1.00824177E+0 6.29900024E+2 2.93285000E+2
6.30799988E+2 1.00702077E+0 6.30900024E+2 2.93285000E+2
6.31799988E+2 1.00824177E+0 6.31900024E+2 2.93285000E+2
6.32799988E+2 1.00763127E+0 6.32900024E+2 2.93285000E+2
6.33799988E+2 1.00732601E+0 6.33900024E+2 2.93285000E+2
6.34799988E+2 1.00763127E+0 6.34900024E+2 2.93285000E+2
6.35799988E+2 1.00824177E+0 6.35900024E+2 2.93285000E+2
6.36799988E+2 1.00763127E+0 6.36900024E+2 2.93285000E+2
6.37799988E+2 1.00732601E+0 6.37900024E+2 2.93285000E+2
6.38799988E+2 1.00763127E+0 6.38900024E+2 2.93285000E+2
6.39799988E+2 1.00824177E+0 6.39900024E+2 2.93285000E+2
6.40799988E+2 1.00732601E+0 6.40900024E+2 2.93285000E+2
6.41799988E+2 1.00824177E+0 6.41900024E+2 2.93285000E+2
6.42799988E+2 1.00793651E+0 6.42900024E+2 2.93285000E+2
6.43799988E+2 1.00763127E+0 6.43900024E+2 2.93285000E+2
6.44799988E+2 1.00702077E+0 6.44900024E+2 2.93285000E+2
6.45799988E+2 1.00824177E+0 6.45900024E+2 2.93285000E+2
6.46799988E+2 1.00763127E+0 6.46900024E+2 2.93285000E+2
6.47799988E+2 1.00793651E+0 6.47900024E+2 2.93285000E+2
6.48799988E+2 1.00763127E+0 6.48900024E+2 2.93285000E+2
6.49799988E+2 1.00824177E+0 6.49900024E+2 2.93285000E+2
6.50799988E+2 1.00824177E+0 6.50900024E+2 2.93285000E+2
6.51799988E+2 1.00824177E+0 6.51900024E+2 2.93285000E+2
6.52799988E+2 1.00763127E+0 6.52900024E+2 2.93285000E+2
6.53799988E+2 1.00793651E+0 6.53900024E+2 2.93285000E+2
6.54799988E+2 1.00732601E+0 6.54900024E+2 2.93285000E+2
6.55799988E+2 1.00763127E+0 6.55900024E+2 2.93285000E+2
6.56799988E+2 1.00763127E+0 6.56900024E+2 2.93285000E+2
6.57799988E+2 1.00702077E+0 6.57900024E+2 2.93285000E+2
6.58799988E+2 1.00763127E+0 6.58900024E+2 2.93285000E+2
6.59799988E+2 1.00824177E+0 6.59900024E+2 2.93285000E+2
6.60799988E+2 1.00824177E+0 6.60900024E+2 2.93285000E+2
6.61799988E+2 1.00763127E+0 6.61900024E+2 2.93285000E+2
6.62799988E+2 1.00702077E+0 6.62900024E+2 2.93285000E+2
6.63799988E+2 1.00732601E+0 6.63900024E+2 2.93285000E+2
6.64799988E+2 1.00763127E+0 6.64900024E+2 2.93285000E+2
6.65799988E+2 1.00763127E+0 6.65900024E+2 2.93285000E+2
6.66799988E+2 1.00824177E+0 6.66900024E+2 2.93285000E+2
6.67799988E+2 1.00824177E+0 6.67900024E+2 2.93285000E+2
6.68799988E+2 1.00732601E+0 6.68900024E+2 2.93285000E+2
6.69799988E+2 1.00763127E+0 6.69900024E+2 2.93285000E+2
6.70799988E+2 1.00732601E+0 6.70900024E+2 2.93285000E+2
6.71799988E+2 1.00763127E+0 6.71900024E+2 2.93285000E+2
6.72799988E+2 1.00824177E+0 6.72900024E+2 2.93285000E+2
6.73799988E+2 1.00732601E+0 6.73900024E+2 2.93285000E+2
6.74799988E+2 1.00763127E+0 6.74900024E+2 2.93285000E+2
6.75799988E+2 1.00763127E+0 6.75900024E+2 2.93285000E+2
6.76799988E+2 1.00732601E+0 6.76900024E+2 2.93285000E+2
6.77799988E+2 1.00763127E+0 6.77900024E+2 2.93285000E+2
6.78799988E+2 1.00763127E+0 6.78900024E+2 2.93285000E+2
6.79799988E+2 1.00732601E+0 6.79900024E+2 2.93285000E+2
6.80799988E+2 1.00763127E+0 6.80900024E+2 2.93285000E+2
6.81799988E+2 1.00732601E+0 6.81900024E+2 2.93285000E+2
6.82799988E+2 1.00763127E+0 6.82900024E+2 2.93285000E+2
6.83799988E+2 1.00824177E+0 6.83900024E+2 2.93285000E+2
6.84799988E+2 1.00763127E+0 6.84900024E+2 2.93285000E+2
6.85900024E+2 1.00763127E+0 6.85900024E+2 2.93285000E+2
6.86900024E+2 1.00763127E+0 6.87000000E+2 2.93285000E+2
6.87900024E+2 1.00763127E+0 6.87900024E+2 2.93285000E+2
6.88900024E+2 1.00763127E+0 6.89000000E+2 2.93285000E+2
6.89900024E+2 1.00732601E+0 6.89900024E+2 2.93285000E+2
6.90900024E+2 1.00824177E+0 6.90900024E+2 2.93285000E+2
6.91900024E+2 1.00793651E+0 6.91900024E+2 2.93285000E+2
6.92900024E+2 1.00824177E+0 6.93000000E+2 2.93285000E+2
6.93900024E+2 1.00824177E+0 6.93900024E+2 2.93285000E+2
6.94900024E+2 1.00732601E+0 6.95000000E+2 2.93285000E+2
6.95900024E+2 1.00763127E+0 6.96000000E+2 2.93285000E+2
6.96900024E+2 1.00763127E+0 6.97000000E+2 2.93285000E+2
6.97900024E+2 1.00763127E+0 6.98000000E+2 2.93285000E+2
6.98900024E+2 1.00763127E+0 6.99000000E+2 2.93285000E+2
7.00000000E+2 1.00824177E+0 7.00000000E+2 2.93285000E+2
7.01000000E+2 1.00732601E+0 7.01000000E+2 2.93285000E+2
7.02000000E+2 1.00763127E+0 7.02000000E+2 2.93285000E+2
7.03000000E+2 1.00824177E+0 7.03000000E+2 2.93285000E+2
7.04000000E+2 1.00793651E+0 7.04000000E+2 2.93285000E+2
7.05000000E+2 1.00732601E+0 7.05000000E+2 2.93285000E+2
7.06000000E+2 1.00793651E+0 7.06000000E+2 2.93285000E+2
7.07000000E+2 1.00732601E+0 7.07000000E+2 2.93285000E+2
7.08000000E+2 1.00763127E+0 7.08000000E+2 2.93285000E+2
7.09000000E+2 1.00793651E+0 7.09000000E+2 2.93285000E+2
7.10000000E+2 1.00763127E+0 7.10000000E+2 2.93285000E+2
7.11000000E+2 1.00824177E+0 7.11000000E+2 2.93285000E+2
7.12000000E+2 1.00763127E+0 7.12000000E+2 2.93285000E+2
7.13000000E+2 1.00824177E+0 7.13000000E+2 2.93285000E+2
7.14000000E+2 1.00824177E+0 7.14000000E+2 2.93285000E+2
7.15000000E+2 1.00824177E+0 7.15000000E+2 2.93285000E+2
7.16000000E+2 1.00763127E+0 7.16000000E+2 2.93285000E+2
7.17000000E+2 1.00763127E+0 7.17000000E+2 2.93285000E+2
7.18000000E+2 1.00763127E+0 7.18000000E+2 2.93285000E+2
7.19000000E+2 1.00763127E+0 7.19000000E+2 2.93285000E+2
7.20000000E+2 1.00732601E+0 7.20000000E+2 2.93285000E+2
7.21000000E+2 1.00763127E+0 7.21000000E+2 2.93285000E+2
7.22000000E+2 1.00793651E+0 7.22000000E+2 2.93285000E+2
7.23000000E+2 1.00824177E+0 7.23000000E+2 2.93285000E+2
7.24000000E+2 1.00793651E+0 7.24000000E+2 2.93285000E+2
7.25000000E+2 1.00763127E+0 7.25000000E+2 2.93285000E+2
7.26000000E+2 1.00732601E+0 7.26000000E+2 2.93285000E+2
7.27000000E+2 1.00763127E+0 7.27000000E+2 2.93285000E+2
7.28000000E+2 1.00763127E+0 7.28000000E+2 2.93285000E+2
7.29000000E+2 1.00763127E+0 7.29000000E+2 2.93285000E+2
7.30000000E+2 1.00824177E+0 7.30000000E+2 2.93285000E+2
7.31000000E+2 1.00732601E+0 7.31000000E+2 2.93285000E+2
7.32000000E+2 1.00763127E+0 7.32000000E+2 2.93285000E+2
7.33000000E+2 1.00824177E+0 7.33000000E+2 2.93285000E+2
7.34000000E+2 1.00824177E+0 7.34000000E+2 2.93285000E+2
7.35000000E+2 1.00732601E+0 7.35000000E+2 2.93285000E+2
7.36000000E+2 1.00824177E+0 7.36000000E+2 2.93285000E+2
7.37000000E+2 1.00763127E+0 7.37000000E+2 2.93285000E+2
7.38000000E+2 1.00824177E+0 7.38000000E+2 2.93285000E+2
7.39000000E+2 1.00824177E+0 7.39000000E+2 2.93285000E+2
7.40000000E+2 1.00763127E+0 7.40000000E+2 2.93285000E+2
7.41000000E+2 1.00824177E+0 7.41000000E+2 2.93285000E+2
7.42000000E+2 1.00702077E+0 7.42000000E+2 2.93285000E+2
7.43000000E+2 1.00763127E+0 7.43000000E+2 2.93285000E+2
7.44000000E+2 1.00763127E+0 7.44000000E+2 2.93285000E+2
7.45000000E+2 1.00763127E+0 7.45000000E+2 2.93285000E+2
7.46000000E+2 1.00763127E+0 7.46000000E+2 2.93285000E+2
7.47000000E+2 1.00732601E+0 7.47000000E+2 2.93285000E+2
7.48000000E+2 1.00732601E+0 7.48000000E+2 2.93285000E+2
7.49000000E+2 1.00732601E+0 7.49000000E+2 2.93285000E+2
7.50000000E+2 1.00763127E+0 7.50000000E+2 2.93285000E+2
7.51000000E+2 1.00793651E+0 7.51000000E+2 2.93285000E+2
7.52000000E+2 1.00732601E+0 7.52000000E+2 2.93285000E+2
7.53000000E+2 1.00763127E+0 7.53000000E+2 2.93285000E+2
7.54000000E+2 1.00763127E+0 7.54000000E+2 2.93285000E+2
7.55000000E+2 1.00824177E+0 7.55000000E+2 2.93285000E+2
7.56000000E+2 1.00763127E+0 7.56000000E+2 2.93285000E+2
7.57000000E+2 1.00732601E+0 7.57000000E+2 2.93285000E+2
7.58000000E+2 1.00763127E+0 7.58000000E+2 2.93285000E+2
7.59000000E+2 1.00763127E+0 7.59000000E+2 2.93285000E+2
7.60000000E+2 1.00763127E+0 7.60000000E+2 2.93285000E+2
7.61000000E+2 1.00824177E+0 7.61000000E+2 2.93285000E+2
7.62000000E+2 1.00793651E+0 7.62000000E+2 2.93285000E+2
7.63000000E+2 1.00732601E+0 7.63000000E+2 2.93285000E+2
7.64000000E+2 1.00763127E+0 7.64000000E+2 2.93285000E+2
7.65000000E+2 1.00763127E+0 7.65000000E+2 2.93285000E+2
7.66000000E+2 1.00732601E+0 7.66000000E+2 2.93285000E+2
7.67000000E+2 1.00763127E+0 7.67000000E+2 2.93285000E+2
7.68000000E+2 1.00763127E+0 7.68000000E+2 2.93285000E+2
7.69000000E+2 1.00763127E+0 7.69000000E+2 2.93285000E+2
7.70000000E+2 1.00824177E+0 7.70000000E+2 2.93285000E+2
7.71000000E+2 1.00824177E+0 7.71000000E+2 2.93285000E+2
7.72000000E+2 1.00793651E+0 7.72000000E+2 2.93285000E+2
7.73000000E+2 1.00824177E+0 7.73000000E+2 2.93285000E+2
7.74000000E+2 1.00763127E+0 7.74000000E+2 2.93285000E+2
7.75000000E+2 1.00732601E+0 7.75000000E+2 2.93285000E+2
7.76000000E+2 1.00702077E+0 7.76000000E+2 2.93285000E+2
7.77000000E+2 1.00824177E+0 7.77000000E+2 2.93285000E+2
7.78000000E+2 1.00732601E+0 7.78000000E+2 2.93285000E+2
7.79000000E+2 1.00732601E+0 7.79000000E+2 2.93285000E+2
7.80000000E+2 1.00793651E+0 7.80000000E+2 2.93285000E+2
7.81000000E+2 1.00763127E+0 7.81000000E+2 2.93285000E+2
7.82000000E+2 1.00702077E+0 7.82000000E+2 2.93285000E+2
7.83000000E+2 1.00763127E+0 7.83000000E+2 2.93285000E+2
7.84000000E+2 1.00732601E+0 7.84000000E+2 2.93285000E+2
7.85000000E+2 1.00763127E+0 7.85000000E+2 2.93285000E+2
7.86000000E+2 1.00793651E+0 7.86000000E+2 2.93285000E+2
7.87000000E+2 1.00763127E+0 7.87000000E+2 2.93285000E+2
7.88000000E+2 1.00763127E+0 7.88000000E+2 2.93285000E+2
7.89000000E+2 1.00793651E+0 7.89000000E+2 2.93285000E+2
7.90000000E+2 1.00763127E+0 7.90000000E+2 2.93285000E+2
7.91000000E+2 1.00732601E+0 7.91000000E+2 2.93285000E+2
7.92000000E+2 1.00763127E+0 7.92000000E+2 2.93285000E+2
7.93000000E+2 1.00732601E+0 7.93000000E+2 2.93285000E+2
7.94000000E+2 1.00824177E+0 7.94000000E+2 2.93285000E+2
7.95000000E+2 1.00824177E+0 7.95000000E+2 2.93285000E+2
7.96000000E+2 1.00824177E+0 7.96000000E+2 2.93285000E+2
7.97000000E+2 1.00763127E+0 7.97000000E+2 2.93285000E+2
7.98000000E+2 1.00763127E+0 7.98000000E+2 2.93285000E+2
7.99000000E+2 1.00763127E+0 7.99000000E+2 2.93285000E+2
8.00000000E+2 1.00763127E+0 8.00000000E+2 2.93285000E+2
8.01000000E+2 1.00732601E+0 8.01000000E+2 2.93285000E+2
8.02000000E+2 1.00824177E+0 8.02000000E+2 2.93285000E+2
8.03000000E+2 1.00763127E+0 8.03000000E+2 2.93285000E+2
8.04000000E+2 1.00763127E+0 8.04000000E+2 2.93285000E+2
8.05000000E+2 1.00702077E+0 8.05000000E+2 2.93285000E+2
8.06000000E+2 1.00763127E+0 8.06000000E+2 2.93285000E+2
8.07000000E+2 1.00732601E+0 8.07000000E+2 2.93285000E+2
8.08000000E+2 1.00763127E+0 8.08000000E+2 2.93285000E+2
8.09000000E+2 1.00732601E+0 8.09000000E+2 2.93285000E+2
8.10000000E+2 1.00763127E+0 8.10000000E+2 2.93285000E+2
8.11000000E+2 1.00763127E+0 8.11000000E+2 2.93285000E+2
8.12000000E+2 1.00824177E+0 8.12000000E+2 2.93285000E+2
8.13000000E+2 1.00732601E+0 8.13000000E+2 2.93285000E+2
8.14000000E+2 1.00763127E+0 8.14000000E+2 2.93285000E+2
8.15000000E+2 1.00763127E+0 8.15000000E+2 2.93285000E+2
8.16000000E+2 1.00763127E+0 8.16000000E+2 2.93285000E+2
8.17000000E+2 1.00763127E+0 8.17000000E+2 2.93285000E+2
8.18000000E+2 1.00824177E+0 8.18000000E+2 2.93285000E+2
8.19000000E+2 1.00793651E+0 8.19000000E+2 2.93285000E+2
8.20000000E+2 1.00824177E+0 8.20000000E+2 2.93285000E+2
8.21000000E+2 1.00702077E+0 8.21000000E+2 2.93285000E+2
8.22000000E+2 1.00702077E+0 8.22000000E+2 2.93285000E+2
8.23000000E+2 1.00732601E+0 8.23000000E+2 2.93285000E+2
8.24000000E+2 1.00793651E+0 8.24000000E+2 2.93285000E+2
8.25000000E+2 1.00763127E+0 8.25000000E+2 2.93285000E+2
8.26000000E+2 1.00824177E+0 8.26000000E+2 2.93285000E+2
8.27000000E+2 1.00763127E+0 8.27000000E+2 2.93285000E+2
8.28000000E+2 1.00824177E+0 8.28000000E+2 2.93285000E+2
8.29000000E+2 1.00702077E+0 8.29000000E+2 2.93285000E+2
8.30000000E+2 1.00732601E+0 8.30000000E+2 2.93285000E+2
8.31000000E+2 1.00732601E+0 8.31000000E+2 2.93285000E+2
8.32000000E+2 1.00824177E+0 8.32000000E+2 2.93285000E+2
8.33000000E+2 1.00793651E+0 8.33099976E+2 2.93285000E+2
8.34000000E+2 1.00824177E+0 8.34099976E+2 2.93285000E+2
8.35000000E+2 1.00763127E+0 8.35099976E+2 2.93285000E+2
8.36000000E+2 1.00763127E+0 8.36099976E+2 2.93285000E+2
8.37000000E+2 1.00763127E+0 8.37099976E+2 2.93285000E+2
8.38000000E+2 1.00732601E+0 8.38099976E+2 2.93285000E+2
8.39000000E+2 1.00732601E+0 8.39099976E+2 2.93285000E+2
8.40000000E+2 1.00732601E+0 8.40099976E+2 2.93285000E+2
8.41000000E+2 1.00763127E+0 8.41099976E+2 2.93285000E+2
8.42099976E+2 1.00763127E+0 8.42099976E+2 2.93285000E+2
8.43099976E+2 1.00763127E+0 8.43099976E+2 2.93285000E+2
8.44099976E+2 1.00702077E+0 8.44099976E+2 2.93285000E+2
8.45099976E+2 1.00732601E+0 8.45099976E+2 2.93285000E+2
8.46099976E+2 1.00763127E+0 8.46099976E+2 2.93285000E+2
8.47099976E+2 1.00763127E+0 8.47099976E+2 2.93285000E+2
8.48099976E+2 1.00732601E+0 8.48200012E+2 2.93285000E+2
8.49099976E+2 1.00824177E+0 8.49099976E+2 2.93285000E+2
8.50099976E+2 1.00732601E+0 8.50200012E+2 2.93285000E+2
8.51099976E+2 1.00824177E+0 8.51099976E+2 2.93285000E+2
8.52099976E+2 1.00824177E+0 8.52200012E+2 2.93285000E+2
8.53099976E+2 1.00824177E+0 8.53099976E+2 2.93285000E+2
8.54099976E+2 1.00763127E+0 8.54200012E+2 2.93285000E+2
8.55099976E+2 1.00763127E+0 8.55099976E+2 2.93285000E+2
8.56099976E+2 1.00763127E+0 8.56200012E+2 2.93285000E+2
8.57099976E+2 1.00793651E+0 8.57099976E+2 2.93285000E+2
8.58099976E+2 1.00763127E+0 8.58200012E+2 2.93285000E+2
8.59099976E+2 1.00732601E+0 8.59099976E+2 2.93285000E+2
8.60099976E+2 1.00793651E+0 8.60200012E+2 2.93285000E+2
8.61099976E+2 1.00763127E+0 8.61099976E+2 2.93285000E+2
8.62099976E+2 1.00763127E+0 8.62099976E+2 2.93285000E+2
8.63099976E+2 1.00732601E+0 8.63099976E+2 2.93285000E+2
8.64099976E+2 1.00763127E+0 8.64099976E+2 2.93285000E+2
8.65099976E+2 1.00763127E+0 8.65200012E+2 2.93285000E+2
8.66099976E+2 1.00824177E+0 8.66200012E+2 2.93285000E+2
8.67099976E+2 1.00824177E+0 8.67099976E+2 2.93285000E+2
8.68099976E+2 1.00824177E+0 8.68099976E+2 2.93285000E+2
8.69099976E+2 1.00763127E+0 8.69099976E+2 2.93285000E+2
8.70099976E+2 1.00763127E+0 8.70200012E+2 2.93285000E+2
8.71099976E+2 1.00763127E+0 8.71099976E+2 2.93285000E+2
8.72099976E+2 1.00732601E+0 8.72099976E+2 2.93285000E+2
8.73099976E+2 1.00763127E+0 8.73200012E+2 2.93285000E+2
8.74099976E+2 1.00763127E+0 8.74099976E+2 2.93285000E+2
8.75099976E+2 1.00824177E+0 8.75099976E+2 2.93285000E+2
8.76099976E+2 1.00763127E+0 8.76200012E+2 2.93285000E+2
8.77099976E+2 1.00793651E+0 8.77200012E+2 2.93285000E+2
8.78099976E+2 1.00763127E+0 8.78200012E+2 2.93285000E+2
8.79099976E+2 1.00763127E+0 8.79200012E+2 2.93285000E+2
8.80099976E+2 1.00793651E+0 8.80200012E+2 2.93285000E+2
8.81099976E+2 1.00763127E+0 8.81099976E+2 2.93285000E+2
8.82099976E+2 1.00824177E+0 8.82099976E+2 2.93285000E+2
8.83099976E+2 1.00702077E+0 8.83099976E+2 2.93285000E+2
8.84099976E+2 1.00824177E+0 8.84099976E+2 2.93285000E+2
8.85099976E+2 1.00763127E+0 8.85099976E+2 2.93285000E+2
8.86099976E+2 1.00824177E+0 8.86099976E+2 2.93285000E+2
8.87099976E+2 1.00763127E+0 8.87099976E+2 2.93285000E+2
8.88099976E+2 1.00763127E+0 8.88200012E+2 2.93285000E+2
8.89099976E+2 1.00824177E+0 8.89099976E+2 2.93285000E+2
8.90099976E+2 1.00824177E+0 8.90099976E+2 2.93285000E+2
8.91099976E+2 1.00763127E+0 8.91200012E+2 2.93285000E+2
8.92099976E+2 1.00824177E+0 8.92099976E+2 2.93285000E+2
8.93099976E+2 1.00732601E+0 8.93099976E+2 2.93285000E+2
8.94099976E+2 1.00763127E+0 8.94099976E+2 2.93285000E+2
8.95099976E+2 1.00732601E+0 8.95099976E+2 2.93285000E+2
8.96099976E+2 1.00824177E+0 8.96099976E+2 2.93285000E+2
8.97099976E+2 1.00763127E+0 8.97099976E+2 2.93285000E+2
8.98099976E+2 1.00732601E+0 8.98099976E+2 2.93285000E+2
8.99099976E+2 1.00763127E+0 8.99099976E+2 2.93285000E+2
9.00099976E+2 1.00824177E+0 9.00200012E+2 2.93285000E+2
9.01099976E+2 1.00824177E+0 9.01099976E+2 2.93285000E+2
9.02099976E+2 1.00824177E+0 9.02099976E+2 2.93285000E+2
9.03099976E+2 1.00763127E+0 9.03200012E+2 2.93285000E+2
9.04099976E+2 1.00824177E+0 9.04099976E+2 2.93285000E+2
9.05099976E+2 1.00732601E+0 9.05099976E+2 2.93285000E+2
9.06099976E+2 1.00824177E+0 9.06099976E+2 2.93285000E+2
9.07099976E+2 1.00763127E+0 9.07200012E+2 2.93285000E+2
9.08099976E+2 1.00824177E+0 9.08099976E+2 2.93285000E+2
9.09099976E+2 1.00732601E+0 9.09200012E+2 2.93285000E+2
9.10099976E+2 1.00824177E+0 9.10099976E+2 2.93285000E+2
9.11099976E+2 1.00732601E+0 9.11099976E+2 2.93285000E+2
9.12099976E+2 1.00824177E+0 9.12200012E+2 2.93285000E+2
9.13099976E+2 1.00763127E+0 9.13099976E+2 2.93285000E+2
9.14099976E+2 1.00824177E+0 9.14099976E+2 2.93285000E+2
9.15099976E+2 1.00793651E+0 9.15099976E+2 2.93285000E+2
9.16099976E+2 1.00824177E+0 9.16200012E+2 2.93285000E+2
9.17099976E+2 1.00824177E+0 9.17099976E+2 2.93285000E+2
9.18099976E+2 1.00732601E+0 9.18099976E+2 2.93285000E+2
9.19099976E+2 1.00763127E+0 9.19099976E+2 2.93285000E+2
9.20099976E+2 1.00763127E+0 9.20200012E+2 2.93285000E+2
9.21099976E+2 1.00763127E+0 9.21099976E+2 2.93285000E+2
9.22099976E+2 1.00732601E+0 9.22099976E+2 2.93285000E+2
