0.00000000E+0 1.00657036E+0 1.00000001E-1 2.88785000E+2
1.20000005E+0 1.00659441E+0 1.29999995E+0 2.88785000E+2
2.20000005E+0 1.00655874E+0 2.20000005E+0 2.88785000E+2
3.20000005E+0 1.00665288E+0 3.29999995E+0 2.88785000E+2
4.19999981E+0 1.00662875E+0 4.30000019E+0 2.88785000E+2
5.19999981E+0 1.00657043E+0 5.30000019E+0 2.88785000E+2
6.19999981E+0 1.00658425E+0 6.30000019E+0 2.88785000E+2
7.19999981E+0 1.00660414E+0 7.19999981E+0 2.88785000E+2
8.19999981E+0 1.00658940E+0 8.19999981E+0 2.88785000E+2
9.19999981E+0 1.00660341E+0 9.30000019E+0 2.88785000E+2
1.01999998E+1 1.00660456E+0 1.01999998E+1 2.88785000E+2
1.11999998E+1 1.00664413E+0 1.13000002E+1 2.88785000E+2
1.21999998E+1 1.00660547E+0 1.21999998E+1 2.88785000E+2
1.31999998E+1 1.00657555E+0 1.33000002E+1 2.88785000E+2
1.41999998E+1 1.00657269E+0 1.43000002E+1 2.88785000E+2
1.51999998E+1 1.00658463E+0 1.53000002E+1 2.88785000E+2
1.62000008E+1 1.00661870E+0 1.62000008E+1 2.88785000E+2
1.72000008E+1 1.00658896E+0 1.72999992E+1 2.88785000E+2
1.82000008E+1 1.00661585E+0 1.82000008E+1 2.88785000E+2
1.92000008E+1 1.00658275E+0 1.92999992E+1 2.88785000E+2
2.02000008E+1 1.00657642E+0 2.02999992E+1 2.88785000E+2
2.12000008E+1 1.00660174E+0 2.12999992E+1 2.88785000E+2
2.22000008E+1 1.00662959E+0 2.22999992E+1 2.88785000E+2
2.32000008E+1 1.00656146E+0 2.32000008E+1 2.88785000E+2
2.42000008E+1 1.00657421E+0 2.42000008E+1 2.88785000E+2
2.52000008E+1 1.00659185E+0 2.52999992E+1 2.88785000E+2
2.62000008E+1 1.00655544E+0 2.62000008E+1 2.88785000E+2
2.72000008E+1 1.00660072E+0 2.72000008E+1 2.88785000E+2
2.82000008E+1 1.00660302E+0 2.82999992E+1 2.88785000E+2
2.92000008E+1 1.00660762E+0 2.92000008E+1 2.88785000E+2
3.02000008E+1 1.00658515E+0 3.02999992E+1 2.88785000E+2
3.12000008E+1 1.00657088E+0 3.12000008E+1 2.88785000E+2
3.22000008E+1 1.00661217E+0 3.22999992E+1 2.88785000E+2
3.32000008E+1 1.00656486E+0 3.32999992E+1 2.88785000E+2
3.42000008E+1 1.00660541E+0 3.42000008E+1 2.88785000E+2
3.52000008E+1 1.00654648E+0 3.52000008E+1 2.88785000E+2
3.62000008E+1 1.00660040E+0 3.62999992E+1 2.88785000E+2
3.72000008E+1 1.00657483E+0 3.72000008E+1 2.88785000E+2
3.82000008E+1 1.00659709E+0 3.82000008E+1 2.88785000E+2
3.92000008E+1 1.00658586E+0 3.92000008E+1 2.88785000E+2
4.02000008E+1 1.00657681E+0 4.02999992E+1 2.88785000E+2
4.12000008E+1 1.00660326E+0 4.12999992E+1 2.88785000E+2
4.22000008E+1 1.00652883E+0 4.22000008E+1 2.88785000E+2
4.32000008E+1 1.00657831E+0 4.32000008E+1 2.88785000E+2
4.42000008E+1 1.00657574E+0 4.42999992E+1 2.88785000E+2
4.52000008E+1 1.00661498E+0 4.52999992E+1 2.88785000E+2
4.62000008E+1 1.00655224E+0 4.62000008E+1 2.88785000E+2
4.72000008E+1 1.00658347E+0 4.72000008E+1 2.88785000E+2
4.82000008E+1 1.00659324E+0 4.82000008E+1 2.88785000E+2
4.92000008E+1 1.00660877E+0 4.92999992E+1 2.88785000E+2
5.02000008E+1 1.00657876E+0 5.02999992E+1 2.88785000E+2
5.12000008E+1 1.00658799E+0 5.12999992E+1 2.88785000E+2
5.22000008E+1 1.00660250E+0 5.22999992E+1 2.88785000E+2
5.32000008E+1 1.00666543E+0 5.32000008E+1 2.88785000E+2
5.42000008E+1 1.00660112E+0 5.42000008E+1 2.88785000E+2
5.52000008E+1 1.00661973E+0 5.52000008E+1 2.88785000E+2
5.62000008E+1 1.00653984E+0 5.62999992E+1 2.88785000E+2
5.72000008E+1 1.00656710E+0 5.72999992E+1 2.88785000E+2
5.82000008E+1 1.00664753E+0 5.82999992E+1 2.88785000E+2
5.92000008E+1 1.00658624E+0 5.92000008E+1 2.88785000E+2
6.02000008E+1 1.00660501E+0 6.02999992E+1 2.88785000E+2
6.12000008E+1 1.00662197E+0 6.12000008E+1 2.88785000E+2
6.22000008E+1 1.00660036E+0 6.22000008E+1 2.88785000E+2
6.32000008E+1 1.00661365E+0 6.32999992E+1 2.88785000E+2
6.41999969E+1 1.00664898E+0 6.41999969E+1 2.88785000E+2
6.51999969E+1 1.00664298E+0 6.53000031E+1 2.88785000E+2
6.61999969E+1 1.00663319E+0 6.63000031E+1 2.88785000E+2
6.71999969E+1 1.00659469E+0 6.71999969E+1 2.88785000E+2
6.81999969E+1 1.00661745E+0 6.83000031E+1 2.88785000E+2
6.91999969E+1 1.00660290E+0 6.91999969E+1 2.88785000E+2
7.01999969E+1 1.00659922E+0 7.01999969E+1 2.88785000E+2
7.11999969E+1 1.00658470E+0 7.11999969E+1 2.88785000E+2
7.21999969E+1 1.00658494E+0 7.21999969E+1 2.88785000E+2
7.31999969E+1 1.00664146E+0 7.33000031E+1 2.88785000E+2
7.41999969E+1 1.00663681E+0 7.43000031E+1 2.88785000E+2
7.51999969E+1 1.00662581E+0 7.51999969E+1 2.88785000E+2
7.61999969E+1 1.00665248E+0 7.63000031E+1 2.88785000E+2
7.71999969E+1 1.00661330E+0 7.73000031E+1 2.88785000E+2
7.81999969E+1 1.00665907E+0 7.81999969E+1 2.88785000E+2
7.91999969E+1 1.00662082E+0 7.93000031E+1 2.88785000E+2
8.01999969E+1 1.00660309E+0 8.03000031E+1 2.88785000E+2
8.11999969E+1 1.00662869E+0 8.11999969E+1 2.88785000E+2
8.21999969E+1 1.00660330E+0 8.23000031E+1 2.88785000E+2
8.31999969E+1 1.00665708E+0 8.33000031E+1 2.88785000E+2
8.41999969E+1 1.00665644E+0 8.43000031E+1 2.88785000E+2
8.51999969E+1 1.00661722E+0 8.51999969E+1 2.88785000E+2
8.61999969E+1 1.00659964E+0 8.61999969E+1 2.88785000E+2
8.71999969E+1 1.00662335E+0 8.73000031E+1 2.88785000E+2
8.81999969E+1 1.00657738E+0 8.81999969E+1 2.88785000E+2
8.91999969E+1 1.00663317E+0 8.93000031E+1 2.88785000E+2
9.01999969E+1 1.00660260E+0 9.01999969E+1 2.88785000E+2
9.11999969E+1 1.00662493E+0 9.11999969E+1 2.88785000E+2
9.21999969E+1 1.00663779E+0 9.23000031E+1 2.88785000E+2
9.31999969E+1 1.00659419E+0 9.31999969E+1 2.88785000E+2
9.41999969E+1 1.00660018E+0 9.43000031E+1 2.88785000E+2
9.51999969E+1 1.00657559E+0 9.53000031E+1 2.88785000E+2
9.61999969E+1 1.00664249E+0 9.63000031E+1 2.88785000E+2
9.71999969E+1 1.00658607E+0 9.71999969E+1 2.88785000E+2
9.81999969E+1 1.00657874E+0 9.81999969E+1 2.88785000E+2
9.91999969E+1 1.00662229E+0 9.93000031E+1 2.88785000E+2
1.00199997E+2 1.00665594E+0 1.00300003E+2 2.88785000E+2
1.01199997E+2 1.00659652E+0 1.01199997E+2 2.88785000E+2
1.02199997E+2 1.00661230E+0 1.02199997E+2 2.88785000E+2
1.03199997E+2 1.00664907E+0 1.03300003E+2 2.88785000E+2
1.04199997E+2 1.00661332E+0 1.04199997E+2 2.88785000E+2
1.05199997E+2 1.00660087E+0 1.05199997E+2 2.88785000E+2
1.06199997E+2 1.00661142E+0 1.06300003E+2 2.88847500E+2
1.07199997E+2 1.00659663E+0 1.07300003E+2 2.88785000E+2
1.08199997E+2 1.00661906E+0 1.08300003E+2 2.88785000E+2
1.09199997E+2 1.00658675E+0 1.09199997E+2 2.88785000E+2
1.10199997E+2 1.00662961E+0 1.10199997E+2 2.88785000E+2
1.11199997E+2 1.00661798E+0 1.11300003E+2 2.88785000E+2
1.12199997E+2 1.00659964E+0 1.12199997E+2 2.88785000E+2
1.13199997E+2 1.00661453E+0 1.13199997E+2 2.88785000E+2
1.14199997E+2 1.00666652E+0 1.14300003E+2 2.88785000E+2
1.15199997E+2 1.00655678E+0 1.15199997E+2 2.88785000E+2
1.16199997E+2 1.00660726E+0 1.16199997E+2 2.88785000E+2
1.17199997E+2 1.00664906E+0 1.17300003E+2 2.88785000E+2
1.18199997E+2 1.00657406E+0 1.18199997E+2 2.88785000E+2
1.19199997E+2 1.00659657E+0 1.19300003E+2 2.88785000E+2
1.20199997E+2 1.00662754E+0 1.20300003E+2 2.88847500E+2
1.21199997E+2 1.00658348E+0 1.21199997E+2 2.88785000E+2
1.22199997E+2 1.00661914E+0 1.22300003E+2 2.88847500E+2
1.23199997E+2 1.00659514E+0 1.23199997E+2 2.88785000E+2
1.24199997E+2 1.00658251E+0 1.24199997E+2 2.88785000E+2
1.25199997E+2 1.00660228E+0 1.25300003E+2 2.88785000E+2
1.26199997E+2 1.00656158E+0 1.26199997E+2 2.88785000E+2
1.27199997E+2 1.00657994E+0 1.27300003E+2 2.88785000E+2
1.28199997E+2 1.00651361E+0 1.28199997E+2 2.88785000E+2
1.29199997E+2 1.00660795E+0 1.29199997E+2 2.88785000E+2
1.30199997E+2 1.00660427E+0 1.30300003E+2 2.88785000E+2
1.31199997E+2 1.00662806E+0 1.31300003E+2 2.88785000E+2
1.32199997E+2 1.00664454E+0 1.32199997E+2 2.88785000E+2
1.33199997E+2 1.00654698E+0 1.33199997E+2 2.88847500E+2
1.34199997E+2 1.00658809E+0 1.34199997E+2 2.88785000E+2
1.35199997E+2 1.00659050E+0 1.35300003E+2 2.88785000E+2
1.36199997E+2 1.00658216E+0 1.36199997E+2 2.88785000E+2
1.37199997E+2 1.00659536E+0 1.37199997E+2 2.88847500E+2
1.38199997E+2 1.00661640E+0 1.38300003E+2 2.88785000E+2
1.39199997E+2 1.00662348E+0 1.39300003E+2 2.88785000E+2
1.40199997E+2 1.00659140E+0 1.40300003E+2 2.88785000E+2
1.41199997E+2 1.00654715E+0 1.41300003E+2 2.88785000E+2
1.42199997E+2 1.00660025E+0 1.42300003E+2 2.88847500E+2
1.43199997E+2 1.00661054E+0 1.43300003E+2 2.88847500E+2
1.44199997E+2 1.00664542E+0 1.44199997E+2 2.88785000E+2
1.45199997E+2 1.00661647E+0 1.45199997E+2 2.88847500E+2
1.46199997E+2 1.00653898E+0 1.46300003E+2 2.88847500E+2
1.47199997E+2 1.00664294E+0 1.47199997E+2 2.88785000E+2
1.48199997E+2 1.00655501E+0 1.48300003E+2 2.88847500E+2
1.49199997E+2 1.00654063E+0 1.49300003E+2 2.88785000E+2
1.50199997E+2 1.00655405E+0 1.50199997E+2 2.88847500E+2
1.51199997E+2 1.00659007E+0 1.51199997E+2 2.88847500E+2
1.52199997E+2 1.00656750E+0 1.52300003E+2 2.88847500E+2
1.53199997E+2 1.00657960E+0 1.53199997E+2 2.88785000E+2
1.54199997E+2 1.00663196E+0 1.54300003E+2 2.88847500E+2
1.55199997E+2 1.00658363E+0 1.55199997E+2 2.88785000E+2
1.56199997E+2 1.00657863E+0 1.56199997E+2 2.88785000E+2
1.57199997E+2 1.00660664E+0 1.57300003E+2 2.88785000E+2
1.58199997E+2 1.00661537E+0 1.58199997E+2 2.88847500E+2
1.59199997E+2 1.00658799E+0 1.59300003E+2 2.88847500E+2
1.60199997E+2 1.00659921E+0 1.60300003E+2 2.88847500E+2
1.61199997E+2 1.00658683E+0 1.61199997E+2 2.88847500E+2
1.62199997E+2 1.00654704E+0 1.62300003E+2 2.88847500E+2
1.63199997E+2 1.00659375E+0 1.63199997E+2 2.88785000E+2
1.64199997E+2 1.00654870E+0 1.64199997E+2 2.88847500E+2
1.65199997E+2 1.00658850E+0 1.65300003E+2 2.88847500E+2
1.66199997E+2 1.00661148E+0 1.66199997E+2 2.88847500E+2
1.67199997E+2 1.00655063E+0 1.67300003E+2 2.88847500E+2
1.68199997E+2 1.00661960E+0 1.68199997E+2 2.88847500E+2
1.69199997E+2 1.00662769E+0 1.69199997E+2 2.88847500E+2
1.70199997E+2 1.00659028E+0 1.70300003E+2 2.88847500E+2
1.71199997E+2 1.00658969E+0 1.71199997E+2 2.88847500E+2
1.72199997E+2 1.00660627E+0 1.72300003E+2 2.88785000E+2
1.73199997E+2 1.00659164E+0 1.73300003E+2 2.88847500E+2
1.74199997E+2 1.00658047E+0 1.74199997E+2 2.88847500E+2
1.75199997E+2 1.00655743E+0 1.75300003E+2 2.88847500E+2
1.76199997E+2 1.00656785E+0 1.76199997E+2 2.88847500E+2
1.77199997E+2 1.00658114E+0 1.77300003E+2 2.88847500E+2
1.78199997E+2 1.00666214E+0 1.78300003E+2 2.88785000E+2
1.79199997E+2 1.00658521E+0 1.79199997E+2 2.88847500E+2
1.80199997E+2 1.00662026E+0 1.80300003E+2 2.88785000E+2
1.81199997E+2 1.00661557E+0 1.81300003E+2 2.88847500E+2
1.82199997E+2 1.00661136E+0 1.82199997E+2 2.88847500E+2
1.83199997E+2 1.00655087E+0 1.83199997E+2 2.88847500E+2
1.84199997E+2 1.00662347E+0 1.84300003E+2 2.88847500E+2
1.85199997E+2 1.00661447E+0 1.85199997E+2 2.88847500E+2
1.86199997E+2 1.00663841E+0 1.86300003E+2 2.88847500E+2
1.87199997E+2 1.00654184E+0 1.87199997E+2 2.88847500E+2
1.88199997E+2 1.00661889E+0 1.88199997E+2 2.88847500E+2
1.89199997E+2 1.00664063E+0 1.89300003E+2 2.88847500E+2
1.90199997E+2 1.00662156E+0 1.90199997E+2 2.88847500E+2
1.91199997E+2 1.00670694E+0 1.91199997E+2 2.88847500E+2
1.92199997E+2 1.00662003E+0 1.92300003E+2 2.88847500E+2
1.93199997E+2 1.00662385E+0 1.93199997E+2 2.88847500E+2
1.94199997E+2 1.00662320E+0 1.94300003E+2 2.88847500E+2
1.95199997E+2 1.00661212E+0 1.95199997E+2 2.88847500E+2
1.96199997E+2 1.00662604E+0 1.96199997E+2 2.88847500E+2
1.97199997E+2 1.00662112E+0 1.97300003E+2 2.88847500E+2
1.98199997E+2 1.00657165E+0 1.98199997E+2 2.88847500E+2
1.99199997E+2 1.00662206E+0 1.99199997E+2 2.88847500E+2
2.00199997E+2 1.00661893E+0 2.00300003E+2 2.88847500E+2
2.01199997E+2 1.00655526E+0 2.01199997E+2 2.88847500E+2
2.02199997E+2 1.00658502E+0 2.02199997E+2 2.88847500E+2
2.03199997E+2 1.00656968E+0 2.03199997E+2 2.88847500E+2
2.04199997E+2 1.00662245E+0 2.04199997E+2 2.88847500E+2
2.05199997E+2 1.00663175E+0 2.05300003E+2 2.88847500E+2
2.06199997E+2 1.00656366E+0 2.06300003E+2 2.88847500E+2
2.07199997E+2 1.00660905E+0 2.07199997E+2 2.88847500E+2
2.08199997E+2 1.00663458E+0 2.08300003E+2 2.88847500E+2
2.09199997E+2 1.00663035E+0 2.09199997E+2 2.88847500E+2
2.10199997E+2 1.00661060E+0 2.10199997E+2 2.88847500E+2
2.11199997E+2 1.00662763E+0 2.11199997E+2 2.88847500E+2
2.12199997E+2 1.00658109E+0 2.12300003E+2 2.88847500E+2
2.13199997E+2 1.00667450E+0 2.13300003E+2 2.88847500E+2
2.14199997E+2 1.00657631E+0 2.14300003E+2 2.88847500E+2
2.15199997E+2 1.00662132E+0 2.15199997E+2 2.88847500E+2
2.16199997E+2 1.00661758E+0 2.16300003E+2 2.88847500E+2
2.17199997E+2 1.00659437E+0 2.17300003E+2 2.88847500E+2
2.18199997E+2 1.00665517E+0 2.18199997E+2 2.88847500E+2
2.19199997E+2 1.00667643E+0 2.19300003E+2 2.88847500E+2
2.20199997E+2 1.00659479E+0 2.20199997E+2 2.88847500E+2
2.21199997E+2 1.00663423E+0 2.21300003E+2 2.88847500E+2
2.22199997E+2 1.00665342E+0 2.22199997E+2 2.88847500E+2
2.23199997E+2 1.00664567E+0 2.23199997E+2 2.88847500E+2
2.24199997E+2 1.00665989E+0 2.24300003E+2 2.88847500E+2
2.25199997E+2 1.00660722E+0 2.25300003E+2 2.88847500E+2
2.26199997E+2 1.00663774E+0 2.26199997E+2 2.88847500E+2
2.27199997E+2 1.00663702E+0 2.27300003E+2 2.88847500E+2
2.28199997E+2 1.00659838E+0 2.28199997E+2 2.88847500E+2
2.29199997E+2 1.00662335E+0 2.29199997E+2 2.88847500E+2
2.30199997E+2 1.00668686E+0 2.30300003E+2 2.88847500E+2
2.31199997E+2 1.00662934E+0 2.31199997E+2 2.88847500E+2
2.32199997E+2 1.00661364E+0 2.32300003E+2 2.88847500E+2
2.33199997E+2 1.00660671E+0 2.33199997E+2 2.88847500E+2
2.34199997E+2 1.00657040E+0 2.34300003E+2 2.88847500E+2
2.35199997E+2 1.00662557E+0 2.35300003E+2 2.88847500E+2
2.36199997E+2 1.00661190E+0 2.36199997E+2 2.88847500E+2
2.37199997E+2 1.00665903E+0 2.37199997E+2 2.88847500E+2
2.38199997E+2 1.00664837E+0 2.38199997E+2 2.88847500E+2
2.39199997E+2 1.00662047E+0 2.39300003E+2 2.88847500E+2
2.40199997E+2 1.00660806E+0 2.40300003E+2 2.88847500E+2
2.41199997E+2 1.00659521E+0 2.41300003E+2 2.88847500E+2
2.42199997E+2 1.00663075E+0 2.42300003E+2 2.88847500E+2
2.43199997E+2 1.00661470E+0 2.43300003E+2 2.88847500E+2
2.44199997E+2 1.00665505E+0 2.44300003E+2 2.88847500E+2
2.45199997E+2 1.00660960E+0 2.45300003E+2 2.88847500E+2
2.46199997E+2 1.00667486E+0 2.46199997E+2 2.88847500E+2
2.47199997E+2 1.00663999E+0 2.47199997E+2 2.88847500E+2
2.48199997E+2 1.00664455E+0 2.48300003E+2 2.88847500E+2
2.49199997E+2 1.00665950E+0 2.49199997E+2 2.88847500E+2
2.50199997E+2 1.00661169E+0 2.50300003E+2 2.88847500E+2
2.51199997E+2 1.00666931E+0 2.51300003E+2 2.88847500E+2
2.52199997E+2 1.00660015E+0 2.52199997E+2 2.88847500E+2
2.53199997E+2 1.00663682E+0 2.53300003E+2 2.88847500E+2
2.54199997E+2 1.00662352E+0 2.54300003E+2 2.88847500E+2
2.55199997E+2 1.00660684E+0 2.55199997E+2 2.88847500E+2
2.56200012E+2 1.00668494E+0 2.56299988E+2 2.88847500E+2
2.57200012E+2 1.00660565E+0 2.57200012E+2 2.88847500E+2
2.58200012E+2 1.00658229E+0 2.58200012E+2 2.88847500E+2
2.59200012E+2 1.00656958E+0 2.59299988E+2 2.88847500E+2
2.60200012E+2 1.00661132E+0 2.60200012E+2 2.88847500E+2
2.61200012E+2 1.00664191E+0 2.61299988E+2 2.88847500E+2
2.62200012E+2 1.00664227E+0 2.62299988E+2 2.88847500E+2
2.63200012E+2 1.00658742E+0 2.63299988E+2 2.88847500E+2
2.64200012E+2 1.00660221E+0 2.64299988E+2 2.88847500E+2
2.65200012E+2 1.00660018E+0 2.65200012E+2 2.88847500E+2
2.66200012E+2 1.00660074E+0 2.66200012E+2 2.88847500E+2
2.67200012E+2 1.00659115E+0 2.67299988E+2 2.88847500E+2
2.68200012E+2 1.00663647E+0 2.68200012E+2 2.88847500E+2
2.69200012E+2 1.00656114E+0 2.69200012E+2 2.88847500E+2
2.70200012E+2 1.00663442E+0 2.70299988E+2 2.88847500E+2
2.71200012E+2 1.00660629E+0 2.71200012E+2 2.88847500E+2
2.72200012E+2 1.00653742E+0 2.72200012E+2 2.88847500E+2
2.73200012E+2 1.00661215E+0 2.73200012E+2 2.88847500E+2
2.74200012E+2 1.00654180E+0 2.74200012E+2 2.88847500E+2
2.75200012E+2 1.00659544E+0 2.75299988E+2 2.88847500E+2
2.76200012E+2 1.00661376E+0 2.76200012E+2 2.88847500E+2
2.77200012E+2 1.00663786E+0 2.77299988E+2 2.88847500E+2
2.78200012E+2 1.00662226E+0 2.78299988E+2 2.88847500E+2
2.79200012E+2 1.00666947E+0 2.79299988E+2 2.88847500E+2
2.80200012E+2 1.00658757E+0 2.80200012E+2 2.88847500E+2
2.81200012E+2 1.00663550E+0 2.81299988E+2 2.88847500E+2
2.82200012E+2 1.00659728E+0 2.82200012E+2 2.88847500E+2
2.83200012E+2 1.00664357E+0 2.83299988E+2 2.88847500E+2
2.84200012E+2 1.00660056E+0 2.84200012E+2 2.88847500E+2
2.85200012E+2 1.00658061E+0 2.85200012E+2 2.88847500E+2
2.86200012E+2 1.00659189E+0 2.86299988E+2 2.88847500E+2
2.87200012E+2 1.00660999E+0 2.87299988E+2 2.88847500E+2
2.88200012E+2 1.00658525E+0 2.88200012E+2 2.88847500E+2
2.89200012E+2 1.00660345E+0 2.89299988E+2 2.88847500E+2
2.90200012E+2 1.00654783E+0 2.90200012E+2 2.88847500E+2
2.91200012E+2 1.00657551E+0 2.91299988E+2 2.88847500E+2
2.92200012E+2 1.00660234E+0 2.92200012E+2 2.88847500E+2
2.93200012E+2 1.00662141E+0 2.93299988E+2 2.88847500E+2
2.94200012E+2 1.00663223E+0 2.94299988E+2 2.88847500E+2
2.95200012E+2 1.00660279E+0 2.95200012E+2 2.88847500E+2
2.96200012E+2 1.00665195E+0 2.96299988E+2 2.88847500E+2
2.97200012E+2 1.00665797E+0 2.97200012E+2 2.88847500E+2
2.98200012E+2 1.00662165E+0 2.98299988E+2 2.88847500E+2
2.99200012E+2 1.00656680E+0 2.99299988E+2 2.88910000E+2
3.00200012E+2 1.00663800E+0 3.00299988E+2 2.88847500E+2
3.01200012E+2 1.00664458E+0 3.01299988E+2 2.88847500E+2
3.02200012E+2 1.00661992E+0 3.02299988E+2 2.88847500E+2
3.03200012E+2 1.00662384E+0 3.03200012E+2 2.88847500E+2
3.04200012E+2 1.00659435E+0 3.04200012E+2 2.88847500E+2
3.05200012E+2 1.00659229E+0 3.05299988E+2 2.88847500E+2
3.06200012E+2 1.00661998E+0 3.06200012E+2 2.88847500E+2
3.07200012E+2 1.00660288E+0 3.07299988E+2 2.88847500E+2
3.08200012E+2 1.00655320E+0 3.08299988E+2 2.88847500E+2
3.09200012E+2 1.00657874E+0 3.09200012E+2 2.88847500E+2
3.10200012E+2 1.00660343E+0 3.10299988E+2 2.88847500E+2
3.11200012E+2 1.00660326E+0 3.11200012E+2 2.88847500E+2
3.12200012E+2 1.00666743E+0 3.12200012E+2 2.88847500E+2
3.13200012E+2 1.00660501E+0 3.13299988E+2 2.88847500E+2
3.14200012E+2 1.00659788E+0 3.14299988E+2 2.88847500E+2
3.15200012E+2 1.00658424E+0 3.15299988E+2 2.88847500E+2
3.16200012E+2 1.00656453E+0 3.16200012E+2 2.88847500E+2
3.17200012E+2 1.00657382E+0 3.17299988E+2 2.88847500E+2
3.18200012E+2 1.00664428E+0 3.18299988E+2 2.88910000E+2
3.19200012E+2 1.00659217E+0 3.19200012E+2 2.88847500E+2
3.20200012E+2 1.00655501E+0 3.20200012E+2 2.88847500E+2
3.21200012E+2 1.00658595E+0 3.21299988E+2 2.88847500E+2
3.22200012E+2 1.00661964E+0 3.22299988E+2 2.88847500E+2
3.23200012E+2 1.00656968E+0 3.23200012E+2 2.88847500E+2
3.24200012E+2 1.00661879E+0 3.24200012E+2 2.88847500E+2
3.25200012E+2 1.00662445E+0 3.25299988E+2 2.88847500E+2
3.26200012E+2 1.00659975E+0 3.26299988E+2 2.88847500E+2
3.27200012E+2 1.00658293E+0 3.27299988E+2 2.88847500E+2
3.28200012E+2 1.00659009E+0 3.28299988E+2 2.88910000E+2
3.29200012E+2 1.00657925E+0 3.29299988E+2 2.88847500E+2
3.30200012E+2 1.00660859E+0 3.30200012E+2 2.88847500E+2
3.31200012E+2 1.00659819E+0 3.31200012E+2 2.88847500E+2
3.32200012E+2 1.00660698E+0 3.32200012E+2 2.88847500E+2
3.33200012E+2 1.00656984E+0 3.33299988E+2 2.88847500E+2
3.34200012E+2 1.00657760E+0 3.34299988E+2 2.88847500E+2
3.35200012E+2 1.00660069E+0 3.35299988E+2 2.88847500E+2
3.36200012E+2 1.00661491E+0 3.36200012E+2 2.88847500E+2
3.37200012E+2 1.00661520E+0 3.37299988E+2 2.88910000E+2
3.38200012E+2 1.00659382E+0 3.38200012E+2 2.88847500E+2
3.39200012E+2 1.00662939E+0 3.39299988E+2 2.88847500E+2
3.40200012E+2 1.00667953E+0 3.40299988E+2 2.88910000E+2
3.41200012E+2 1.00662170E+0 3.41200012E+2 2.88910000E+2
3.42200012E+2 1.00662284E+0 3.42299988E+2 2.88847500E+2
3.43200012E+2 1.00662067E+0 3.43200012E+2 2.88847500E+2
3.44200012E+2 1.00657693E+0 3.44299988E+2 2.88847500E+2
3.45200012E+2 1.00662845E+0 3.45299988E+2 2.88910000E+2
3.46200012E+2 1.00655237E+0 3.46299988E+2 2.88847500E+2
3.47200012E+2 1.00658295E+0 3.47299988E+2 2.88910000E+2
3.48200012E+2 1.00661873E+0 3.48299988E+2 2.88847500E+2
3.49200012E+2 1.00661815E+0 3.49299988E+2 2.88847500E+2
3.50200012E+2 1.00659871E+0 3.50299988E+2 2.88847500E+2
3.51200012E+2 1.00662852E+0 3.51200012E+2 2.88847500E+2
3.52200012E+2 1.00663335E+0 3.52299988E+2 2.88847500E+2
3.53200012E+2 1.00662862E+0 3.53299988E+2 2.88847500E+2
3.54200012E+2 1.00669573E+0 3.54299988E+2 2.88910000E+2
3.55200012E+2 1.00664343E+0 3.55299988E+2 2.88910000E+2
3.56200012E+2 1.00662169E+0 3.56299988E+2 2.88847500E+2
3.57200012E+2 1.00663383E+0 3.57200012E+2 2.88847500E+2
3.58200012E+2 1.00662620E+0 3.58200012E+2 2.88910000E+2
3.59200012E+2 1.00664543E+0 3.59200012E+2 2.88910000E+2
3.60200012E+2 1.00663526E+0 3.60200012E+2 2.88910000E+2
3.61200012E+2 1.00665453E+0 3.61299988E+2 2.88847500E+2
3.62200012E+2 1.00663768E+0 3.62200012E+2 2.88847500E+2
3.63200012E+2 1.00662133E+0 3.63200012E+2 2.88910000E+2
3.64200012E+2 1.00661700E+0 3.64299988E+2 2.88910000E+2
3.65200012E+2 1.00663935E+0 3.65200012E+2 2.88910000E+2
3.66200012E+2 1.00669035E+0 3.66200012E+2 2.88910000E+2
3.67200012E+2 1.00667391E+0 3.67200012E+2 2.88910000E+2
3.68200012E+2 1.00662574E+0 3.68200012E+2 2.88847500E+2
3.69200012E+2 1.00666167E+0 3.69299988E+2 2.88910000E+2
3.70200012E+2 1.00669687E+0 3.70299988E+2 2.88847500E+2
3.71200012E+2 1.00661475E+0 3.71200012E+2 2.88910000E+2
3.72200012E+2 1.00665236E+0 3.72299988E+2 2.88910000E+2
3.73200012E+2 1.00663887E+0 3.73200012E+2 2.88910000E+2
3.74200012E+2 1.00666571E+0 3.74200012E+2 2.88910000E+2
3.75200012E+2 1.00656018E+0 3.75200012E+2 2.88910000E+2
3.76200012E+2 1.00665574E+0 3.76299988E+2 2.88847500E+2
3.77200012E+2 1.00665008E+0 3.77299988E+2 2.88910000E+2
3.78200012E+2 1.00663679E+0 3.78200012E+2 2.88847500E+2
3.79200012E+2 1.00665287E+0 3.79200012E+2 2.88847500E+2
3.80200012E+2 1.00665231E+0 3.80299988E+2 2.88910000E+2
3.81200012E+2 1.00666464E+0 3.81299988E+2 2.88910000E+2
3.82200012E+2 1.00665479E+0 3.82200012E+2 2.88910000E+2
3.83200012E+2 1.00666027E+0 3.83299988E+2 2.88910000E+2
3.84200012E+2 1.00659466E+0 3.84200012E+2 2.88910000E+2
3.85200012E+2 1.00659713E+0 3.85299988E+2 2.88910000E+2
3.86200012E+2 1.00661544E+0 3.86299988E+2 2.88910000E+2
3.87200012E+2 1.00660395E+0 3.87200012E+2 2.88910000E+2
3.88200012E+2 1.00670390E+0 3.88299988E+2 2.88910000E+2
3.89200012E+2 1.00659237E+0 3.89200012E+2 2.88910000E+2
3.90200012E+2 1.00666768E+0 3.90200012E+2 2.88910000E+2
3.91200012E+2 1.00660806E+0 3.91299988E+2 2.88847500E+2
3.92200012E+2 1.00662588E+0 3.92299988E+2 2.88910000E+2
3.93200012E+2 1.00659883E+0 3.93200012E+2 2.88910000E+2
3.94200012E+2 1.00664977E+0 3.94299988E+2 2.88910000E+2
3.95200012E+2 1.00667169E+0 3.95299988E+2 2.88910000E+2
3.96200012E+2 1.00665816E+0 3.96299988E+2 2.88910000E+2
3.97200012E+2 1.00656682E+0 3.97200012E+2 2.88910000E+2
3.98200012E+2 1.00668877E+0 3.98299988E+2 2.88910000E+2
3.99200012E+2 1.00664834E+0 3.99299988E+2 2.88910000E+2
4.00200012E+2 1.00664157E+0 4.00200012E+2 2.88910000E+2
4.01200012E+2 1.00657443E+0 4.01200012E+2 2.88910000E+2
4.02200012E+2 1.00663961E+0 4.02200012E+2 2.88910000E+2
4.03200012E+2 1.00664017E+0 4.03299988E+2 2.88910000E+2
4.04200012E+2 1.00663515E+0 4.04299988E+2 2.88910000E+2
4.05200012E+2 1.00665423E+0 4.05200012E+2 2.88910000E+2
4.06200012E+2 1.00661608E+0 4.06200012E+2 2.88910000E+2
4.07200012E+2 1.00663199E+0 4.07299988E+2 2.88910000E+2
4.08200012E+2 1.00661271E+0 4.08200012E+2 2.88910000E+2
4.09200012E+2 1.00665471E+0 4.09200012E+2 2.88910000E+2
4.10200012E+2 1.00654770E+0 4.10200012E+2 2.88910000E+2
4.11200012E+2 1.00663092E+0 4.11200012E+2 2.88910000E+2
4.12200012E+2 1.00662515E+0 4.12299988E+2 2.88910000E+2
4.13200012E+2 1.00666099E+0 4.13200012E+2 2.88910000E+2
4.14200012E+2 1.00660414E+0 4.14299988E+2 2.88910000E+2
4.15200012E+2 1.00660559E+0 4.15299988E+2 2.88910000E+2
4.16200012E+2 1.00663268E+0 4.16200012E+2 2.88910000E+2
4.17200012E+2 1.00662824E+0 4.17299988E+2 2.88910000E+2
4.18200012E+2 1.00664959E+0 4.18299988E+2 2.88910000E+2
4.19200012E+2 1.00660321E+0 4.19200012E+2 2.88910000E+2
4.20200012E+2 1.00658984E+0 4.20299988E+2 2.88910000E+2
4.21200012E+2 1.00661738E+0 4.21299988E+2 2.88910000E+2
4.22200012E+2 1.00665896E+0 4.22200012E+2 2.88910000E+2
4.23200012E+2 1.00660014E+0 4.23299988E+2 2.88910000E+2
4.24200012E+2 1.00662913E+0 4.24200012E+2 2.88910000E+2
4.25200012E+2 1.00663227E+0 4.25200012E+2 2.88910000E+2
4.26200012E+2 1.00660860E+0 4.26299988E+2 2.88910000E+2
4.27200012E+2 1.00664025E+0 4.27299988E+2 2.88910000E+2
4.28200012E+2 1.00660262E+0 4.28200012E+2 2.88910000E+2
4.29200012E+2 1.00661622E+0 4.29200012E+2 2.88910000E+2
4.30200012E+2 1.00661744E+0 4.30200012E+2 2.88910000E+2
4.31200012E+2 1.00655623E+0 4.31299988E+2 2.88910000E+2
4.32200012E+2 1.00663334E+0 4.32299988E+2 2.88910000E+2
4.33200012E+2 1.00661981E+0 4.33299988E+2 2.88910000E+2
4.34200012E+2 1.00666537E+0 4.34299988E+2 2.88910000E+2
4.35200012E+2 1.00658293E+0 4.35200012E+2 2.88910000E+2
4.36200012E+2 1.00660034E+0 4.36200012E+2 2.88910000E+2
4.37200012E+2 1.00653716E+0 4.37200012E+2 2.88910000E+2
4.38200012E+2 1.00663260E+0 4.38200012E+2 2.88910000E+2
4.39200012E+2 1.00663167E+0 4.39299988E+2 2.88910000E+2
4.40200012E+2 1.00657440E+0 4.40299988E+2 2.88910000E+2
4.41200012E+2 1.00657871E+0 4.41299988E+2 2.88910000E+2
4.42200012E+2 1.00666737E+0 4.42299988E+2 2.88910000E+2
4.43200012E+2 1.00659668E+0 4.43200012E+2 2.88910000E+2
4.44200012E+2 1.00664351E+0 4.44200012E+2 2.88910000E+2
4.45200012E+2 1.00662788E+0 4.45299988E+2 2.88910000E+2
4.46200012E+2 1.00657688E+0 4.46299988E+2 2.88910000E+2
4.47200012E+2 1.00663604E+0 4.47299988E+2 2.88910000E+2
4.48200012E+2 1.00660126E+0 4.48200012E+2 2.88910000E+2
4.49200012E+2 1.00664724E+0 4.49299988E+2 2.88910000E+2
4.50200012E+2 1.00662692E+0 4.50299988E+2 2.88910000E+2
4.51200012E+2 1.00658605E+0 4.51200012E+2 2.88910000E+2
4.52200012E+2 1.00657846E+0 4.52299988E+2 2.88910000E+2
4.53200012E+2 1.00660152E+0 4.53299988E+2 2.88910000E+2
4.54200012E+2 1.00661465E+0 4.54299988E+2 2.88910000E+2
4.55200012E+2 1.00659051E+0 4.55299988E+2 2.88910000E+2
4.56200012E+2 1.00664885E+0 4.56200012E+2 2.88910000E+2
4.57200012E+2 1.00657221E+0 4.57299988E+2 2.88910000E+2
4.58200012E+2 1.00665408E+0 4.58299988E+2 2.88910000E+2
4.59200012E+2 1.00660455E+0 4.59200012E+2 2.88910000E+2
4.60200012E+2 1.00653007E+0 4.60299988E+2 2.88910000E+2
4.61200012E+2 1.00660162E+0 4.61299988E+2 2.88910000E+2
4.62200012E+2 1.00659648E+0 4.62299988E+2 2.88910000E+2
4.63200012E+2 1.00663534E+0 4.63299988E+2 2.88910000E+2
4.64200012E+2 1.00660006E+0 4.64200012E+2 2.88910000E+2
4.65200012E+2 1.00662117E+0 4.65200012E+2 2.88910000E+2
4.66200012E+2 1.00659194E+0 4.66299988E+2 2.88910000E+2
4.67200012E+2 1.00663401E+0 4.67299988E+2 2.88910000E+2
4.68200012E+2 1.00665155E+0 4.68299988E+2 2.88910000E+2
4.69200012E+2 1.00660401E+0 4.69299988E+2 2.88910000E+2
4.70200012E+2 1.00663734E+0 4.70299988E+2 2.88910000E+2
4.71200012E+2 1.00667393E+0 4.71200012E+2 2.88910000E+2
4.72200012E+2 1.00660682E+0 4.72299988E+2 2.88910000E+2
4.73200012E+2 1.00659048E+0 4.73200012E+2 2.88910000E+2
4.74200012E+2 1.00661312E+0 4.74299988E+2 2.88910000E+2
4.75200012E+2 1.00659873E+0 4.75200012E+2 2.88910000E+2
4.76200012E+2 1.00664795E+0 4.76299988E+2 2.88910000E+2
4.77200012E+2 1.00663655E+0 4.77299988E+2 2.88910000E+2
4.78200012E+2 1.00664119E+0 4.78200012E+2 2.88910000E+2
4.79200012E+2 1.00665637E+0 4.79299988E+2 2.88910000E+2
4.80200012E+2 1.00660629E+0 4.80200012E+2 2.88910000E+2
4.81200012E+2 1.00656499E+0 4.81200012E+2 2.88910000E+2
4.82200012E+2 1.00655217E+0 4.82299988E+2 2.88910000E+2
4.83200012E+2 1.00663846E+0 4.83200012E+2 2.88910000E+2
4.84200012E+2 1.00661091E+0 4.84200012E+2 2.88910000E+2
4.85200012E+2 1.00659496E+0 4.85299988E+2 2.88910000E+2
4.86200012E+2 1.00659654E+0 4.86200012E+2 2.88910000E+2
4.87200012E+2 1.00663701E+0 4.87299988E+2 2.88910000E+2
4.88200012E+2 1.00662610E+0 4.88299988E+2 2.88910000E+2
4.89200012E+2 1.00660409E+0 4.89299988E+2 2.88910000E+2
4.90200012E+2 1.00661843E+0 4.90299988E+2 2.88910000E+2
4.91200012E+2 1.00660983E+0 4.91200012E+2 2.88910000E+2
4.92200012E+2 1.00661753E+0 4.92299988E+2 2.88910000E+2
4.93200012E+2 1.00659613E+0 4.93299988E+2 2.88910000E+2
4.94200012E+2 1.00663806E+0 4.94299988E+2 2.88910000E+2
4.95200012E+2 1.00663943E+0 4.95299988E+2 2.88910000E+2
4.96200012E+2 1.00660970E+0 4.96299988E+2 2.88910000E+2
4.97200012E+2 1.00663415E+0 4.97299988E+2 2.88910000E+2
4.98200012E+2 1.00660477E+0 4.98299988E+2 2.88910000E+2
4.99200012E+2 1.00656941E+0 4.99200012E+2 2.88910000E+2
5.00200012E+2 1.00658618E+0 5.00200012E+2 2.88910000E+2
5.01200012E+2 1.00661673E+0 5.01299988E+2 2.88910000E+2
5.02200012E+2 1.00658777E+0 5.02200012E+2 2.88910000E+2
5.03200012E+2 1.00661979E+0 5.03200012E+2 2.88910000E+2
5.04200012E+2 1.00661052E+0 5.04299988E+2 2.88910000E+2
5.05200012E+2 1.00659390E+0 5.05200012E+2 2.88910000E+2
5.06200012E+2 1.00661408E+0 5.06299988E+2 2.88910000E+2
5.07200012E+2 1.00664648E+0 5.07200012E+2 2.88910000E+2
5.08200012E+2 1.00663011E+0 5.08299988E+2 2.88910000E+2
5.09200012E+2 1.00664173E+0 5.09299988E+2 2.88910000E+2
5.10200012E+2 1.00663805E+0 5.10200012E+2 2.88910000E+2
5.11200012E+2 1.00659328E+0 5.11299988E+2 2.88910000E+2
5.12200012E+2 1.00660552E+0 5.12299988E+2 2.88910000E+2
5.13200012E+2 1.00661307E+0 5.13200012E+2 2.88910000E+2
5.14200012E+2 1.00661122E+0 5.14200012E+2 2.88910000E+2
5.15200012E+2 1.00665331E+0 5.15299988E+2 2.88910000E+2
5.16200012E+2 1.00664644E+0 5.16200012E+2 2.88910000E+2
5.17200012E+2 1.00657770E+0 5.17299988E+2 2.88910000E+2
5.18200012E+2 1.00660563E+0 5.18200012E+2 2.88910000E+2
5.19200012E+2 1.00659797E+0 5.19200012E+2 2.88910000E+2
5.20200012E+2 1.00663284E+0 5.20299988E+2 2.88910000E+2
5.21200012E+2 1.00659909E+0 5.21200012E+2 2.88910000E+2
5.22200012E+2 1.00660408E+0 5.22200012E+2 2.88910000E+2
5.23200012E+2 1.00659011E+0 5.23200012E+2 2.88910000E+2
5.24200012E+2 1.00665637E+0 5.24200012E+2 2.88910000E+2
5.25200012E+2 1.00661309E+0 5.25299988E+2 2.88910000E+2
5.26200012E+2 1.00661010E+0 5.26299988E+2 2.88910000E+2
5.27200012E+2 1.00661885E+0 5.27299988E+2 2.88910000E+2
5.28200012E+2 1.00661314E+0 5.28299988E+2 2.88910000E+2
5.29200012E+2 1.00656125E+0 5.29200012E+2 2.88910000E+2
5.30200012E+2 1.00664548E+0 5.30200012E+2 2.88910000E+2
5.31200012E+2 1.00663501E+0 5.31200012E+2 2.88910000E+2
5.32200012E+2 1.00663413E+0 5.32200012E+2 2.88910000E+2
5.33200012E+2 1.00661510E+0 5.33299988E+2 2.88910000E+2
5.34200012E+2 1.00661115E+0 5.34299988E+2 2.88910000E+2
5.35200012E+2 1.00663953E+0 5.35200012E+2 2.88910000E+2
5.36200012E+2 1.00666629E+0 5.36299988E+2 2.88910000E+2
5.37200012E+2 1.00666407E+0 5.37200012E+2 2.88910000E+2
5.38200012E+2 1.00660097E+0 5.38299988E+2 2.88910000E+2
5.39200012E+2 1.00665290E+0 5.39299988E+2 2.88910000E+2
5.40200012E+2 1.00662693E+0 5.40200012E+2 2.88910000E+2
5.41200012E+2 1.00665010E+0 5.41299988E+2 2.88910000E+2
5.42200012E+2 1.00661477E+0 5.42299988E+2 2.88910000E+2
5.43200012E+2 1.00664124E+0 5.43200012E+2 2.88910000E+2
5.44200012E+2 1.00659605E+0 5.44299988E+2 2.88910000E+2
5.45200012E+2 1.00653848E+0 5.45299988E+2 2.88910000E+2
5.46200012E+2 1.00662292E+0 5.46200012E+2 2.88910000E+2
5.47200012E+2 1.00662472E+0 5.47299988E+2 2.88910000E+2
5.48200012E+2 1.00664511E+0 5.48200012E+2 2.88910000E+2
5.49200012E+2 1.00668809E+0 5.49200012E+2 2.88910000E+2
5.50200012E+2 1.00663826E+0 5.50299988E+2 2.88910000E+2
5.51200012E+2 1.00664205E+0 5.51299988E+2 2.88910000E+2
5.52200012E+2 1.00664307E+0 5.52299988E+2 2.88910000E+2
5.53200012E+2 1.00666449E+0 5.53299988E+2 2.88910000E+2
5.54200012E+2 1.00660837E+0 5.54200012E+2 2.88910000E+2
5.55200012E+2 1.00663037E+0 5.55299988E+2 2.88910000E+2
5.56200012E+2 1.00666880E+0 5.56200012E+2 2.88910000E+2
5.57200012E+2 1.00662035E+0 5.57299988E+2 2.88910000E+2
5.58200012E+2 1.00661092E+0 5.58299988E+2 2.88910000E+2
5.59200012E+2 1.00663269E+0 5.59200012E+2 2.88910000E+2
5.60200012E+2 1.00663729E+0 5.60299988E+2 2.88910000E+2
5.61200012E+2 1.00663165E+0 5.61200012E+2 2.88910000E+2
5.62200012E+2 1.00661269E+0 5.62200012E+2 2.88910000E+2
5.63200012E+2 1.00658365E+0 5.63299988E+2 2.88910000E+2
5.64200012E+2 1.00668970E+0 5.64200012E+2 2.88910000E+2
5.65200012E+2 1.00666563E+0 5.65299988E+2 2.88910000E+2
5.66200012E+2 1.00662611E+0 5.66200012E+2 2.88910000E+2
5.67200012E+2 1.00664080E+0 5.67200012E+2 2.88910000E+2
5.68200012E+2 1.00667866E+0 5.68299988E+2 2.88910000E+2
5.69200012E+2 1.00662726E+0 5.69200012E+2 2.88910000E+2
5.70200012E+2 1.00664811E+0 5.70200012E+2 2.88910000E+2
5.71200012E+2 1.00662805E+0 5.71299988E+2 2.88972500E+2
5.72200012E+2 1.00659935E+0 5.72299988E+2 2.88910000E+2
5.73200012E+2 1.00666724E+0 5.73200012E+2 2.88910000E+2
5.74200012E+2 1.00658778E+0 5.74299988E+2 2.88910000E+2
5.75200012E+2 1.00662744E+0 5.75200012E+2 2.88910000E+2
5.76200012E+2 1.00665599E+0 5.76299988E+2 2.88910000E+2
5.77200012E+2 1.00660698E+0 5.77200012E+2 2.88910000E+2
5.78200012E+2 1.00662377E+0 5.78200012E+2 2.88972500E+2
5.79200012E+2 1.00663741E+0 5.79299988E+2 2.88910000E+2
5.80200012E+2 1.00659847E+0 5.80299988E+2 2.88972500E+2
5.81200012E+2 1.00662380E+0 5.81200012E+2 2.88972500E+2
5.82200012E+2 1.00663279E+0 5.82299988E+2 2.88972500E+2
5.83200012E+2 1.00662504E+0 5.83299988E+2 2.88972500E+2
5.84200012E+2 1.00664923E+0 5.84299988E+2 2.88910000E+2
5.85200012E+2 1.00668987E+0 5.85299988E+2 2.88972500E+2
5.86200012E+2 1.00661425E+0 5.86299988E+2 2.88910000E+2
5.87200012E+2 1.00663999E+0 5.87299988E+2 2.88972500E+2
5.88200012E+2 1.00659906E+0 5.88200012E+2 2.88910000E+2
5.89200012E+2 1.00668721E+0 5.89299988E+2 2.88972500E+2
5.90200012E+2 1.00664153E+0 5.90299988E+2 2.88910000E+2
5.91200012E+2 1.00662948E+0 5.91200012E+2 2.88972500E+2
5.92200012E+2 1.00663358E+0 5.92200012E+2 2.88910000E+2
5.93200012E+2 1.00661193E+0 5.93200012E+2 2.88972500E+2
