0.00000000E+0 1.00857800E+0 1.00000001E-1 2.93160000E+2
1.20000005E+0 1.00836421E+0 1.20000005E+0 2.93160000E+2
2.20000005E+0 1.00845586E+0 2.20000005E+0 2.93160000E+2
3.20000005E+0 1.00842982E+0 3.20000005E+0 2.93160000E+2
4.19999981E+0 1.00844343E+0 4.19999981E+0 2.93160000E+2
5.19999981E+0 1.00841568E+0 5.30000019E+0 2.93160000E+2
6.19999981E+0 1.00836430E+0 6.30000019E+0 2.93160000E+2
7.19999981E+0 1.00838551E+0 7.30000019E+0 2.93160000E+2
8.19999981E+0 1.00838411E+0 8.30000019E+0 2.93160000E+2
9.30000019E+0 1.00845443E+0 9.30000019E+0 2.93160000E+2
1.01999998E+1 1.00838224E+0 1.03000002E+1 2.93160000E+2
1.11999998E+1 1.00836143E+0 1.13000002E+1 2.93160000E+2
1.23000002E+1 1.00829220E+0 1.23000002E+1 2.93160000E+2
1.33000002E+1 1.00827389E+0 1.33000002E+1 2.93160000E+2
1.43000002E+1 1.00838249E+0 1.43000002E+1 2.93160000E+2
1.51999998E+1 1.00842083E+0 1.53000002E+1 2.93160000E+2
1.62000008E+1 1.00838106E+0 1.62999992E+1 2.93160000E+2
1.72999992E+1 1.00839089E+0 1.72999992E+1 2.93160000E+2
1.82999992E+1 1.00836896E+0 1.82999992E+1 2.93160000E+2
1.92999992E+1 1.00836154E+0 1.92999992E+1 2.93160000E+2
2.02999992E+1 1.00844710E+0 2.02999992E+1 2.93160000E+2
2.12999992E+1 1.00833874E+0 2.13999996E+1 2.93160000E+2
2.22999992E+1 1.00842666E+0 2.23999996E+1 2.93160000E+2
2.32999992E+1 1.00838315E+0 2.33999996E+1 2.93160000E+2
2.42999992E+1 1.00844837E+0 2.43999996E+1 2.93160000E+2
2.52999992E+1 1.00829252E+0 2.53999996E+1 2.93160000E+2
2.62999992E+1 1.00836999E+0 2.63999996E+1 2.93160000E+2
2.73999996E+1 1.00833330E+0 2.75000000E+1 2.93160000E+2
2.82999992E+1 1.00826850E+0 2.83999996E+1 2.93160000E+2
2.92999992E+1 1.00830178E+0 2.93999996E+1 2.93160000E+2
3.03999996E+1 1.00829252E+0 3.05000000E+1 2.93160000E+2
3.13999996E+1 1.00837883E+0 3.15000000E+1 2.93160000E+2
3.24000015E+1 1.00834802E+0 3.25000000E+1 2.93160000E+2
3.34000015E+1 1.00829659E+0 3.35000000E+1 2.93160000E+2
3.44000015E+1 1.00832242E+0 3.45000000E+1 2.93160000E+2
3.55000000E+1 1.00813474E+0 3.55000000E+1 2.93160000E+2
3.64000015E+1 1.00837315E+0 3.65000000E+1 2.93160000E+2
3.74000015E+1 1.00830727E+0 3.75000000E+1 2.93160000E+2
3.85000000E+1 1.00829958E+0 3.85000000E+1 2.93160000E+2
3.95000000E+1 1.00836712E+0 3.95000000E+1 2.93160000E+2
4.05000000E+1 1.00844434E+0 4.05000000E+1 2.93160000E+2
4.15000000E+1 1.00835808E+0 4.15000000E+1 2.93160000E+2
4.25000000E+1 1.00834042E+0 4.25999985E+1 2.93160000E+2
4.35000000E+1 1.00848158E+0 4.35999985E+1 2.93160000E+2
4.45000000E+1 1.00842777E+0 4.45000000E+1 2.93160000E+2
4.55000000E+1 1.00832564E+0 4.55000000E+1 2.93160000E+2
4.65000000E+1 1.00836595E+0 4.65000000E+1 2.93160000E+2
4.75000000E+1 1.00843213E+0 4.75000000E+1 2.93160000E+2
4.85000000E+1 1.00835345E+0 4.85000000E+1 2.93160000E+2
4.95000000E+1 1.00839651E+0 4.95000000E+1 2.93160000E+2
5.05000000E+1 1.00845938E+0 5.05000000E+1 2.93160000E+2
5.15000000E+1 1.00828143E+0 5.15000000E+1 2.93160000E+2
5.25000000E+1 1.00839144E+0 5.25000000E+1 2.93160000E+2
5.35000000E+1 1.00826286E+0 5.35000000E+1 2.93160000E+2
5.45000000E+1 1.00846222E+0 5.45000000E+1 2.93160000E+2
5.55000000E+1 1.00830743E+0 5.55000000E+1 2.93160000E+2
5.65000000E+1 1.00833642E+0 5.65000000E+1 2.93160000E+2
5.75000000E+1 1.00834528E+0 5.75000000E+1 2.93160000E+2
5.85000000E+1 1.00840146E+0 5.85000000E+1 2.93160000E+2
5.95000000E+1 1.00844469E+0 5.95000000E+1 2.93160000E+2
6.05000000E+1 1.00840379E+0 6.05000000E+1 2.93160000E+2
6.15000000E+1 1.00833340E+0 6.15000000E+1 2.93160000E+2
6.25000000E+1 1.00841521E+0 6.25000000E+1 2.93160000E+2
6.35000000E+1 1.00847477E+0 6.35000000E+1 2.93160000E+2
6.45000000E+1 1.00828844E+0 6.45000000E+1 2.93160000E+2
6.55000000E+1 1.00842214E+0 6.55000000E+1 2.93160000E+2
6.65000000E+1 1.00838675E+0 6.65000000E+1 2.93160000E+2
6.75000000E+1 1.00827534E+0 6.75000000E+1 2.93160000E+2
6.85000000E+1 1.00837764E+0 6.85000000E+1 2.93160000E+2
6.95000000E+1 1.00823101E+0 6.95000000E+1 2.93160000E+2
7.05000000E+1 1.00837679E+0 7.05000000E+1 2.93160000E+2
7.15000000E+1 1.00836191E+0 7.15000000E+1 2.93160000E+2
7.25000000E+1 1.00824898E+0 7.25000000E+1 2.93160000E+2
7.35000000E+1 1.00828398E+0 7.35000000E+1 2.93160000E+2
7.45000000E+1 1.00825939E+0 7.45000000E+1 2.93160000E+2
7.55000000E+1 1.00830139E+0 7.55000000E+1 2.93160000E+2
7.65000000E+1 1.00831906E+0 7.65000000E+1 2.93160000E+2
7.75000000E+1 1.00852879E+0 7.75000000E+1 2.93160000E+2
7.85000000E+1 1.00839392E+0 7.85000000E+1 2.93160000E+2
7.95000000E+1 1.00833592E+0 7.95000000E+1 2.93160000E+2
8.05000000E+1 1.00827784E+0 8.05000000E+1 2.93160000E+2
8.15000000E+1 1.00832512E+0 8.15000000E+1 2.93160000E+2
8.25000000E+1 1.00846797E+0 8.25000000E+1 2.93160000E+2
8.35000000E+1 1.00836861E+0 8.35000000E+1 2.93160000E+2
8.45000000E+1 1.00845536E+0 8.45000000E+1 2.93160000E+2
8.55000000E+1 1.00845602E+0 8.55000000E+1 2.93160000E+2
8.65000000E+1 1.00839963E+0 8.65000000E+1 2.93160000E+2
8.75000000E+1 1.00840209E+0 8.75000000E+1 2.93160000E+2
8.85000000E+1 1.00842007E+0 8.85000000E+1 2.93160000E+2
8.95000000E+1 1.00839208E+0 8.95000000E+1 2.93160000E+2
9.05000000E+1 1.00836900E+0 9.05000000E+1 2.93160000E+2
9.15000000E+1 1.00840032E+0 9.15000000E+1 2.93160000E+2
9.25000000E+1 1.00836664E+0 9.25000000E+1 2.93160000E+2
9.35000000E+1 1.00848788E+0 9.35000000E+1 2.93160000E+2
9.45000000E+1 1.00833272E+0 9.45000000E+1 2.93160000E+2
9.55000000E+1 1.00841776E+0 9.55000000E+1 2.93160000E+2
9.65000000E+1 1.00835684E+0 9.65000000E+1 2.93160000E+2
9.75000000E+1 1.00833223E+0 9.75000000E+1 2.93160000E+2
9.85000000E+1 1.00841933E+0 9.85000000E+1 2.93160000E+2
9.95000000E+1 1.00822739E+0 9.95000000E+1 2.93160000E+2
1.00500000E+2 1.00838811E+0 1.00500000E+2 2.93160000E+2
1.01500000E+2 1.00842172E+0 1.01500000E+2 2.93160000E+2
1.02500000E+2 1.00834657E+0 1.02500000E+2 2.93160000E+2
1.03500000E+2 1.00828512E+0 1.03500000E+2 2.93160000E+2
1.04500000E+2 1.00840867E+0 1.04500000E+2 2.93160000E+2
1.05500000E+2 1.00834644E+0 1.05500000E+2 2.93160000E+2
1.06500000E+2 1.00847095E+0 1.06500000E+2 2.93160000E+2
1.07500000E+2 1.00838739E+0 1.07500000E+2 2.93160000E+2
1.08500000E+2 1.00841278E+0 1.08500000E+2 2.93160000E+2
1.09500000E+2 1.00828555E+0 1.09599998E+2 2.93160000E+2
1.10500000E+2 1.00847668E+0 1.10599998E+2 2.93160000E+2
1.11500000E+2 1.00838805E+0 1.11599998E+2 2.93160000E+2
1.12500000E+2 1.00840038E+0 1.12599998E+2 2.93160000E+2
1.13500000E+2 1.00830675E+0 1.13599998E+2 2.93160000E+2
1.14500000E+2 1.00846286E+0 1.14599998E+2 2.93160000E+2
1.15599998E+2 1.00839953E+0 1.15599998E+2 2.93160000E+2
1.16599998E+2 1.00827254E+0 1.16599998E+2 2.93160000E+2
1.17599998E+2 1.00834075E+0 1.17599998E+2 2.93160000E+2
1.18599998E+2 1.00845305E+0 1.18699997E+2 2.93160000E+2
1.19599998E+2 1.00840178E+0 1.19599998E+2 2.93160000E+2
1.20599998E+2 1.00835538E+0 1.20599998E+2 2.93160000E+2
1.21599998E+2 1.00839095E+0 1.21699997E+2 2.93160000E+2
1.22599998E+2 1.00840645E+0 1.22599998E+2 2.93160000E+2
1.23599998E+2 1.00831430E+0 1.23599998E+2 2.93160000E+2
1.24599998E+2 1.00829028E+0 1.24699997E+2 2.93160000E+2
1.25599998E+2 1.00842945E+0 1.25599998E+2 2.93160000E+2
1.26599998E+2 1.00846004E+0 1.26599998E+2 2.93160000E+2
1.27599998E+2 1.00833039E+0 1.27699997E+2 2.93160000E+2
1.28600006E+2 1.00842943E+0 1.28699997E+2 2.93160000E+2
1.29600006E+2 1.00825405E+0 1.29600006E+2 2.93160000E+2
1.30600006E+2 1.00826950E+0 1.30600006E+2 2.93160000E+2
1.31600006E+2 1.00828083E+0 1.31600006E+2 2.93160000E+2
1.32600006E+2 1.00826836E+0 1.32699997E+2 2.93160000E+2
1.33600006E+2 1.00833123E+0 1.33600006E+2 2.93160000E+2
1.34600006E+2 1.00832157E+0 1.34600006E+2 2.93160000E+2
1.35600006E+2 1.00835939E+0 1.35600006E+2 2.93160000E+2
1.36600006E+2 1.00842662E+0 1.36600006E+2 2.93160000E+2
1.37600006E+2 1.00830429E+0 1.37600006E+2 2.93160000E+2
1.38600006E+2 1.00841095E+0 1.38699997E+2 2.93160000E+2
1.39600006E+2 1.00835618E+0 1.39600006E+2 2.93160000E+2
1.40600006E+2 1.00840106E+0 1.40600006E+2 2.93160000E+2
1.41600006E+2 1.00837016E+0 1.41600006E+2 2.93160000E+2
1.42600006E+2 1.00838926E+0 1.42699997E+2 2.93160000E+2
1.43600006E+2 1.00835008E+0 1.43699997E+2 2.93160000E+2
1.44600006E+2 1.00849137E+0 1.44600006E+2 2.93160000E+2
1.45600006E+2 1.00836678E+0 1.45600006E+2 2.93160000E+2
1.46600006E+2 1.00839892E+0 1.46600006E+2 2.93160000E+2
1.47600006E+2 1.00836945E+0 1.47600006E+2 2.93160000E+2
1.48600006E+2 1.00845106E+0 1.48600006E+2 2.93160000E+2
1.49600006E+2 1.00820965E+0 1.49699997E+2 2.93160000E+2
1.50600006E+2 1.00833849E+0 1.50600006E+2 2.93160000E+2
1.51600006E+2 1.00826157E+0 1.51699997E+2 2.93160000E+2
1.52600006E+2 1.00840748E+0 1.52600006E+2 2.93160000E+2
1.53600006E+2 1.00842369E+0 1.53600006E+2 2.93160000E+2
1.54600006E+2 1.00842069E+0 1.54600006E+2 2.93160000E+2
1.55600006E+2 1.00836551E+0 1.55600006E+2 2.93160000E+2
1.56600006E+2 1.00831308E+0 1.56600006E+2 2.93160000E+2
1.57600006E+2 1.00833038E+0 1.57600006E+2 2.93160000E+2
1.58600006E+2 1.00844641E+0 1.58600006E+2 2.93160000E+2
1.59600006E+2 1.00847920E+0 1.59600006E+2 2.93160000E+2
1.60600006E+2 1.00829409E+0 1.60600006E+2 2.93160000E+2
1.61600006E+2 1.00825626E+0 1.61699997E+2 2.93160000E+2
1.62600006E+2 1.00833602E+0 1.62600006E+2 2.93160000E+2
1.63600006E+2 1.00833289E+0 1.63699997E+2 2.93160000E+2
1.64600006E+2 1.00830340E+0 1.64600006E+2 2.93160000E+2
1.65600006E+2 1.00832008E+0 1.65699997E+2 2.93160000E+2
1.66600006E+2 1.00832337E+0 1.66699997E+2 2.93160000E+2
1.67600006E+2 1.00829208E+0 1.67699997E+2 2.93160000E+2
1.68600006E+2 1.00824729E+0 1.68699997E+2 2.93160000E+2
1.69600006E+2 1.00827899E+0 1.69600006E+2 2.93160000E+2
1.70600006E+2 1.00831736E+0 1.70600006E+2 2.93160000E+2
1.71600006E+2 1.00844085E+0 1.71699997E+2 2.93160000E+2
1.72600006E+2 1.00850708E+0 1.72699997E+2 2.93160000E+2
1.73600006E+2 1.00840420E+0 1.73600006E+2 2.93160000E+2
1.74600006E+2 1.00836521E+0 1.74699997E+2 2.93160000E+2
1.75600006E+2 1.00839209E+0 1.75600006E+2 2.93160000E+2
1.76600006E+2 1.00836763E+0 1.76699997E+2 2.93160000E+2
1.77600006E+2 1.00845813E+0 1.77600006E+2 2.93160000E+2
1.78600006E+2 1.00838945E+0 1.78600006E+2 2.93160000E+2
1.79600006E+2 1.00837491E+0 1.79699997E+2 2.93160000E+2
1.80600006E+2 1.00833505E+0 1.80600006E+2 2.93160000E+2
1.81600006E+2 1.00836694E+0 1.81600006E+2 2.93160000E+2
1.82600006E+2 1.00837140E+0 1.82699997E+2 2.93160000E+2
1.83600006E+2 1.00833250E+0 1.83699997E+2 2.93160000E+2
1.84600006E+2 1.00828653E+0 1.84600006E+2 2.93160000E+2
1.85600006E+2 1.00844008E+0 1.85699997E+2 2.93160000E+2
1.86600006E+2 1.00841482E+0 1.86600006E+2 2.93160000E+2
1.87600006E+2 1.00833205E+0 1.87699997E+2 2.93160000E+2
1.88600006E+2 1.00838092E+0 1.88699997E+2 2.93160000E+2
1.89600006E+2 1.00833004E+0 1.89600006E+2 2.93160000E+2
1.90600006E+2 1.00830752E+0 1.90600006E+2 2.93160000E+2
1.91600006E+2 1.00841402E+0 1.91600006E+2 2.93160000E+2
1.92600006E+2 1.00823894E+0 1.92699997E+2 2.93160000E+2
1.93600006E+2 1.00825295E+0 1.93600006E+2 2.93160000E+2
1.94600006E+2 1.00844034E+0 1.94600006E+2 2.93160000E+2
1.95600006E+2 1.00840122E+0 1.95600006E+2 2.93160000E+2
1.96600006E+2 1.00832904E+0 1.96699997E+2 2.93160000E+2
1.97600006E+2 1.00829994E+0 1.97699997E+2 2.93160000E+2
1.98600006E+2 1.00839995E+0 1.98600006E+2 2.93160000E+2
1.99600006E+2 1.00837890E+0 1.99600006E+2 2.93160000E+2
2.00600006E+2 1.00839681E+0 2.00699997E+2 2.93160000E+2
2.01600006E+2 1.00835154E+0 2.01699997E+2 2.93160000E+2
2.02600006E+2 1.00837764E+0 2.02699997E+2 2.93160000E+2
2.03600006E+2 1.00837799E+0 2.03600006E+2 2.93160000E+2
2.04600006E+2 1.00829465E+0 2.04600006E+2 2.93160000E+2
2.05600006E+2 1.00831835E+0 2.05600006E+2 2.93160000E+2
2.06600006E+2 1.00843787E+0 2.06699997E+2 2.93160000E+2
2.07600006E+2 1.00830811E+0 2.07600006E+2 2.93160000E+2
2.08600006E+2 1.00834066E+0 2.08600006E+2 2.93160000E+2
2.09600006E+2 1.00825956E+0 2.09600006E+2 2.93160000E+2
2.10600006E+2 1.00833919E+0 2.10600006E+2 2.93160000E+2
2.11600006E+2 1.00821605E+0 2.11600006E+2 2.93160000E+2
2.12600006E+2 1.00824331E+0 2.12600006E+2 2.93160000E+2
2.13600006E+2 1.00831915E+0 2.13699997E+2 2.93160000E+2
2.14600006E+2 1.00832915E+0 2.14600006E+2 2.93160000E+2
2.15600006E+2 1.00827260E+0 2.15699997E+2 2.93160000E+2
2.16600006E+2 1.00825654E+0 2.16600006E+2 2.93160000E+2
2.17600006E+2 1.00849471E+0 2.17699997E+2 2.93160000E+2
2.18600006E+2 1.00837950E+0 2.18600006E+2 2.93160000E+2
2.19600006E+2 1.00837316E+0 2.19699997E+2 2.93160000E+2
2.20600006E+2 1.00844925E+0 2.20600006E+2 2.93160000E+2
2.21600006E+2 1.00843900E+0 2.21600006E+2 2.93160000E+2
2.22600006E+2 1.00827348E+0 2.22600006E+2 2.93160000E+2
2.23600006E+2 1.00831458E+0 2.23600006E+2 2.93160000E+2
2.24600006E+2 1.00834988E+0 2.24600006E+2 2.93160000E+2
2.25600006E+2 1.00841990E+0 2.25600006E+2 2.93160000E+2
2.26600006E+2 1.00846115E+0 2.26600006E+2 2.93160000E+2
2.27600006E+2 1.00842968E+0 2.27699997E+2 2.93160000E+2
2.28600006E+2 1.00856356E+0 2.28699997E+2 2.93160000E+2
2.29600006E+2 1.00835364E+0 2.29600006E+2 2.93160000E+2
2.30600006E+2 1.00851911E+0 2.30600006E+2 2.93160000E+2
2.31600006E+2 1.00841472E+0 2.31699997E+2 2.93160000E+2
2.32600006E+2 1.00834299E+0 2.32600006E+2 2.93160000E+2
2.33600006E+2 1.00840731E+0 2.33699997E+2 2.93160000E+2
2.34600006E+2 1.00830876E+0 2.34600006E+2 2.93160000E+2
2.35600006E+2 1.00845426E+0 2.35699997E+2 2.93160000E+2
2.36600006E+2 1.00835003E+0 2.36699997E+2 2.93160000E+2
2.37600006E+2 1.00834838E+0 2.37600006E+2 2.93160000E+2
2.38600006E+2 1.00834427E+0 2.38600006E+2 2.93160000E+2
2.39600006E+2 1.00838318E+0 2.39600006E+2 2.93160000E+2
2.40600006E+2 1.00831888E+0 2.40600006E+2 2.93160000E+2
2.41600006E+2 1.00832808E+0 2.41699997E+2 2.93160000E+2
2.42600006E+2 1.00834623E+0 2.42699997E+2 2.93160000E+2
2.43600006E+2 1.00832887E+0 2.43699997E+2 2.93160000E+2
2.44600006E+2 1.00846613E+0 2.44699997E+2 2.93160000E+2
2.45600006E+2 1.00827982E+0 2.45699997E+2 2.93160000E+2
2.46600006E+2 1.00832934E+0 2.46600006E+2 2.93160000E+2
2.47600006E+2 1.00829976E+0 2.47600006E+2 2.93160000E+2
2.48600006E+2 1.00845998E+0 2.48699997E+2 2.93160000E+2
2.49600006E+2 1.00839596E+0 2.49699997E+2 2.93160000E+2
2.50600006E+2 1.00850673E+0 2.50600006E+2 2.93160000E+2
2.51600006E+2 1.00830296E+0 2.51699997E+2 2.93160000E+2
2.52600006E+2 1.00834726E+0 2.52699997E+2 2.93160000E+2
2.53600006E+2 1.00840686E+0 2.53600006E+2 2.93160000E+2
2.54600006E+2 1.00846467E+0 2.54600006E+2 2.93160000E+2
2.55600006E+2 1.00837764E+0 2.55600006E+2 2.93160000E+2
2.56600006E+2 1.00836231E+0 2.56700012E+2 2.93160000E+2
2.57600006E+2 1.00839409E+0 2.57600006E+2 2.93160000E+2
2.58600006E+2 1.00853350E+0 2.58600006E+2 2.93160000E+2
2.59600006E+2 1.00842478E+0 2.59600006E+2 2.93160000E+2
2.60600006E+2 1.00837039E+0 2.60600006E+2 2.93160000E+2
2.61600006E+2 1.00838298E+0 2.61600006E+2 2.93160000E+2
2.62600006E+2 1.00843707E+0 2.62700012E+2 2.93160000E+2
2.63600006E+2 1.00840997E+0 2.63700012E+2 2.93160000E+2
2.64600006E+2 1.00845934E+0 2.64600006E+2 2.93160000E+2
2.65600006E+2 1.00832666E+0 2.65600006E+2 2.93160000E+2
2.66600006E+2 1.00837766E+0 2.66600006E+2 2.93160000E+2
2.67600006E+2 1.00833231E+0 2.67600006E+2 2.93160000E+2
2.68600006E+2 1.00835455E+0 2.68700012E+2 2.93160000E+2
2.69600006E+2 1.00847295E+0 2.69700012E+2 2.93160000E+2
2.70600006E+2 1.00845455E+0 2.70700012E+2 2.93160000E+2
2.71600006E+2 1.00833061E+0 2.71700012E+2 2.93160000E+2
2.72600006E+2 1.00824068E+0 2.72600006E+2 2.93160000E+2
2.73600006E+2 1.00832065E+0 2.73600006E+2 2.93160000E+2
2.74600006E+2 1.00842405E+0 2.74700012E+2 2.93160000E+2
2.75600006E+2 1.00837518E+0 2.75700012E+2 2.93160000E+2
2.76600006E+2 1.00843679E+0 2.76700012E+2 2.93160000E+2
2.77600006E+2 1.00832078E+0 2.77600006E+2 2.93160000E+2
2.78600006E+2 1.00841477E+0 2.78600006E+2 2.93160000E+2
2.79600006E+2 1.00849848E+0 2.79600006E+2 2.93160000E+2
2.80600006E+2 1.00843498E+0 2.80600006E+2 2.93160000E+2
2.81600006E+2 1.00835842E+0 2.81700012E+2 2.93160000E+2
2.82600006E+2 1.00825689E+0 2.82700012E+2 2.93160000E+2
2.83600006E+2 1.00854875E+0 2.83600006E+2 2.93160000E+2
2.84600006E+2 1.00834694E+0 2.84600006E+2 2.93160000E+2
2.85600006E+2 1.00849506E+0 2.85700012E+2 2.93160000E+2
2.86600006E+2 1.00827037E+0 2.86700012E+2 2.93160000E+2
2.87600006E+2 1.00840555E+0 2.87700012E+2 2.93160000E+2
2.88600006E+2 1.00836260E+0 2.88700012E+2 2.93160000E+2
2.89600006E+2 1.00833066E+0 2.89600006E+2 2.93160000E+2
2.90600006E+2 1.00839316E+0 2.90600006E+2 2.93160000E+2
2.91600006E+2 1.00836623E+0 2.91700012E+2 2.93160000E+2
2.92600006E+2 1.00833416E+0 2.92600006E+2 2.93160000E+2
2.93600006E+2 1.00834056E+0 2.93700012E+2 2.93160000E+2
2.94600006E+2 1.00847746E+0 2.94700012E+2 2.93160000E+2
2.95600006E+2 1.00853642E+0 2.95600006E+2 2.93160000E+2
2.96600006E+2 1.00839286E+0 2.96600006E+2 2.93160000E+2
2.97600006E+2 1.00833383E+0 2.97600006E+2 2.93160000E+2
2.98600006E+2 1.00839156E+0 2.98700012E+2 2.93160000E+2
2.99600006E+2 1.00832168E+0 2.99600006E+2 2.93160000E+2
3.00600006E+2 1.00846120E+0 3.00700012E+2 2.93160000E+2
3.01600006E+2 1.00846887E+0 3.01600006E+2 2.93160000E+2
3.02600006E+2 1.00835063E+0 3.02700012E+2 2.93160000E+2
3.03600006E+2 1.00832808E+0 3.03700012E+2 2.93160000E+2
3.04600006E+2 1.00821813E+0 3.04700012E+2 2.93160000E+2
3.05600006E+2 1.00831154E+0 3.05700012E+2 2.93160000E+2
3.06600006E+2 1.00831845E+0 3.06700012E+2 2.93160000E+2
3.07600006E+2 1.00839270E+0 3.07700012E+2 2.93160000E+2
3.08600006E+2 1.00842049E+0 3.08700012E+2 2.93160000E+2
3.09600006E+2 1.00833783E+0 3.09700012E+2 2.93160000E+2
3.10600006E+2 1.00840369E+0 3.10700012E+2 2.93160000E+2
3.11700012E+2 1.00832646E+0 3.11700012E+2 2.93160000E+2
3.12600006E+2 1.00829957E+0 3.12700012E+2 2.93160000E+2
3.13700012E+2 1.00833209E+0 3.13700012E+2 2.93160000E+2
3.14700012E+2 1.00848899E+0 3.14799988E+2 2.93160000E+2
3.15700012E+2 1.00837931E+0 3.15700012E+2 2.93160000E+2
3.16700012E+2 1.00831158E+0 3.16799988E+2 2.93160000E+2
3.17700012E+2 1.00838572E+0 3.17799988E+2 2.93160000E+2
3.18700012E+2 1.00828529E+0 3.18799988E+2 2.93160000E+2
3.19700012E+2 1.00843491E+0 3.19799988E+2 2.93160000E+2
3.20700012E+2 1.00843969E+0 3.20799988E+2 2.93160000E+2
3.21700012E+2 1.00849838E+0 3.21799988E+2 2.93160000E+2
3.22700012E+2 1.00835611E+0 3.22799988E+2 2.93160000E+2
3.23700012E+2 1.00836146E+0 3.23700012E+2 2.93160000E+2
3.24700012E+2 1.00833737E+0 3.24799988E+2 2.93160000E+2
3.25700012E+2 1.00835217E+0 3.25799988E+2 2.93160000E+2
3.26700012E+2 1.00840763E+0 3.26799988E+2 2.93160000E+2
3.27700012E+2 1.00833682E+0 3.27799988E+2 2.93160000E+2
3.28700012E+2 1.00834117E+0 3.28799988E+2 2.93160000E+2
3.29700012E+2 1.00843754E+0 3.29799988E+2 2.93160000E+2
3.30700012E+2 1.00834058E+0 3.30799988E+2 2.93160000E+2
3.31700012E+2 1.00844271E+0 3.31799988E+2 2.93160000E+2
3.32700012E+2 1.00838558E+0 3.32799988E+2 2.93160000E+2
3.33700012E+2 1.00840695E+0 3.33799988E+2 2.93160000E+2
3.34700012E+2 1.00828507E+0 3.34799988E+2 2.93160000E+2
3.35700012E+2 1.00844442E+0 3.35799988E+2 2.93160000E+2
3.36700012E+2 1.00833221E+0 3.36799988E+2 2.93160000E+2
3.37700012E+2 1.00834877E+0 3.37799988E+2 2.93160000E+2
3.38700012E+2 1.00836189E+0 3.38799988E+2 2.93160000E+2
3.39700012E+2 1.00827228E+0 3.39799988E+2 2.93160000E+2
3.40700012E+2 1.00839235E+0 3.40799988E+2 2.93160000E+2
3.41700012E+2 1.00837815E+0 3.41799988E+2 2.93160000E+2
3.42700012E+2 1.00839710E+0 3.42799988E+2 2.93160000E+2
3.43700012E+2 1.00840218E+0 3.43799988E+2 2.93160000E+2
3.44700012E+2 1.00834568E+0 3.44799988E+2 2.93160000E+2
3.45700012E+2 1.00829577E+0 3.45799988E+2 2.93160000E+2
3.46700012E+2 1.00829919E+0 3.46799988E+2 2.93160000E+2
3.47700012E+2 1.00825461E+0 3.47799988E+2 2.93160000E+2
3.48700012E+2 1.00831702E+0 3.48799988E+2 2.93160000E+2
3.49700012E+2 1.00828504E+0 3.49799988E+2 2.93160000E+2
3.50700012E+2 1.00830182E+0 3.50799988E+2 2.93160000E+2
3.51700012E+2 1.00834300E+0 3.51799988E+2 2.93160000E+2
3.52700012E+2 1.00842281E+0 3.52799988E+2 2.93160000E+2
3.53700012E+2 1.00835504E+0 3.53799988E+2 2.93160000E+2
3.54700012E+2 1.00828982E+0 3.54799988E+2 2.93160000E+2
3.55700012E+2 1.00846703E+0 3.55799988E+2 2.93160000E+2
3.56700012E+2 1.00836879E+0 3.56799988E+2 2.93160000E+2
3.57700012E+2 1.00835372E+0 3.57799988E+2 2.93160000E+2
3.58700012E+2 1.00842579E+0 3.58799988E+2 2.93160000E+2
3.59700012E+2 1.00819791E+0 3.59799988E+2 2.93160000E+2
3.60700012E+2 1.00835599E+0 3.60799988E+2 2.93160000E+2
3.61700012E+2 1.00845256E+0 3.61799988E+2 2.93160000E+2
3.62700012E+2 1.00834101E+0 3.62799988E+2 2.93160000E+2
3.63700012E+2 1.00844613E+0 3.63799988E+2 2.93160000E+2
3.64700012E+2 1.00830941E+0 3.64799988E+2 2.93160000E+2
3.65700012E+2 1.00824579E+0 3.65799988E+2 2.93160000E+2
3.66700012E+2 1.00818484E+0 3.66799988E+2 2.93160000E+2
3.67700012E+2 1.00840837E+0 3.67799988E+2 2.93160000E+2
3.68700012E+2 1.00842533E+0 3.68799988E+2 2.93160000E+2
3.69700012E+2 1.00837845E+0 3.69799988E+2 2.93160000E+2
3.70700012E+2 1.00832739E+0 3.70799988E+2 2.93160000E+2
3.71700012E+2 1.00838677E+0 3.71799988E+2 2.93160000E+2
3.72700012E+2 1.00831866E+0 3.72799988E+2 2.93160000E+2
3.73700012E+2 1.00833076E+0 3.73799988E+2 2.93160000E+2
3.74700012E+2 1.00852150E+0 3.74700012E+2 2.93160000E+2
3.75700012E+2 1.00836811E+0 3.75700012E+2 2.93160000E+2
3.76700012E+2 1.00834899E+0 3.76799988E+2 2.93160000E+2
3.77700012E+2 1.00836452E+0 3.77799988E+2 2.93160000E+2
3.78700012E+2 1.00832141E+0 3.78799988E+2 2.93160000E+2
3.79700012E+2 1.00835248E+0 3.79799988E+2 2.93160000E+2
3.80700012E+2 1.00835116E+0 3.80799988E+2 2.93160000E+2
3.81700012E+2 1.00840651E+0 3.81799988E+2 2.93160000E+2
3.82700012E+2 1.00823539E+0 3.82799988E+2 2.93160000E+2
3.83700012E+2 1.00843307E+0 3.83799988E+2 2.93160000E+2
3.84700012E+2 1.00823337E+0 3.84799988E+2 2.93160000E+2
3.85700012E+2 1.00830878E+0 3.85799988E+2 2.93160000E+2
3.86700012E+2 1.00849768E+0 3.86799988E+2 2.93160000E+2
3.87700012E+2 1.00837079E+0 3.87799988E+2 2.93160000E+2
3.88700012E+2 1.00832332E+0 3.88799988E+2 2.93160000E+2
3.89700012E+2 1.00839943E+0 3.89799988E+2 2.93160000E+2
3.90700012E+2 1.00822096E+0 3.90799988E+2 2.93160000E+2
3.91700012E+2 1.00833263E+0 3.91799988E+2 2.93160000E+2
3.92700012E+2 1.00825476E+0 3.92799988E+2 2.93160000E+2
3.93700012E+2 1.00833151E+0 3.93799988E+2 2.93160000E+2
3.94700012E+2 1.00837758E+0 3.94799988E+2 2.93160000E+2
3.95700012E+2 1.00827334E+0 3.95799988E+2 2.93160000E+2
3.96700012E+2 1.00834642E+0 3.96799988E+2 2.93160000E+2
3.97700012E+2 1.00841869E+0 3.97799988E+2 2.93160000E+2
3.98700012E+2 1.00833137E+0 3.98799988E+2 2.93160000E+2
3.99700012E+2 1.00835836E+0 3.99799988E+2 2.93160000E+2
4.00700012E+2 1.00843103E+0 4.00799988E+2 2.93160000E+2
4.01700012E+2 1.00829389E+0 4.01799988E+2 2.93160000E+2
4.02700012E+2 1.00847183E+0 4.02799988E+2 2.93160000E+2
4.03700012E+2 1.00839371E+0 4.03799988E+2 2.93160000E+2
4.04700012E+2 1.00830569E+0 4.04799988E+2 2.93160000E+2
4.05700012E+2 1.00831781E+0 4.05799988E+2 2.93160000E+2
4.06700012E+2 1.00830587E+0 4.06799988E+2 2.93160000E+2
4.07700012E+2 1.00830035E+0 4.07799988E+2 2.93160000E+2
4.08700012E+2 1.00834038E+0 4.08799988E+2 2.93160000E+2
4.09700012E+2 1.00840219E+0 4.09799988E+2 2.93160000E+2
4.10700012E+2 1.00838163E+0 4.10799988E+2 2.93160000E+2
4.11700012E+2 1.00847709E+0 4.11799988E+2 2.93160000E+2
4.12700012E+2 1.00824404E+0 4.12799988E+2 2.93160000E+2
4.13700012E+2 1.00835938E+0 4.13799988E+2 2.93160000E+2
4.14700012E+2 1.00834735E+0 4.14799988E+2 2.93160000E+2
4.15700012E+2 1.00851358E+0 4.15799988E+2 2.93160000E+2
4.16700012E+2 1.00837483E+0 4.16799988E+2 2.93160000E+2
4.17700012E+2 1.00834260E+0 4.17799988E+2 2.93160000E+2
4.18700012E+2 1.00831209E+0 4.18799988E+2 2.93160000E+2
4.19700012E+2 1.00848986E+0 4.19799988E+2 2.93160000E+2
4.20700012E+2 1.00845265E+0 4.20799988E+2 2.93160000E+2
4.21700012E+2 1.00835161E+0 4.21799988E+2 2.93160000E+2
4.22700012E+2 1.00835215E+0 4.22799988E+2 2.93160000E+2
4.23700012E+2 1.00840699E+0 4.23799988E+2 2.93160000E+2
4.24700012E+2 1.00832001E+0 4.24799988E+2 2.93160000E+2
4.25700012E+2 1.00838128E+0 4.25799988E+2 2.93160000E+2
4.26700012E+2 1.00841031E+0 4.26799988E+2 2.93160000E+2
4.27700012E+2 1.00838033E+0 4.27799988E+2 2.93160000E+2
4.28700012E+2 1.00828993E+0 4.28799988E+2 2.93160000E+2
4.29700012E+2 1.00831752E+0 4.29799988E+2 2.93160000E+2
4.30700012E+2 1.00836773E+0 4.30799988E+2 2.93160000E+2
4.31700012E+2 1.00840727E+0 4.31799988E+2 2.93160000E+2
4.32700012E+2 1.00844032E+0 4.32799988E+2 2.93160000E+2
4.33700012E+2 1.00835196E+0 4.33799988E+2 2.93160000E+2
4.34700012E+2 1.00844942E+0 4.34799988E+2 2.93160000E+2
4.35700012E+2 1.00838028E+0 4.35799988E+2 2.93160000E+2
4.36700012E+2 1.00837616E+0 4.36799988E+2 2.93160000E+2
4.37700012E+2 1.00826647E+0 4.37799988E+2 2.93160000E+2
4.38700012E+2 1.00845700E+0 4.38799988E+2 2.93160000E+2
4.39700012E+2 1.00845661E+0 4.39799988E+2 2.93160000E+2
4.40700012E+2 1.00828357E+0 4.40799988E+2 2.93160000E+2
4.41700012E+2 1.00852259E+0 4.41799988E+2 2.93160000E+2
4.42700012E+2 1.00845311E+0 4.42799988E+2 2.93160000E+2
4.43700012E+2 1.00832824E+0 4.43799988E+2 2.93160000E+2
4.44700012E+2 1.00840521E+0 4.44799988E+2 2.93160000E+2
4.45700012E+2 1.00839190E+0 4.45799988E+2 2.93160000E+2
4.46700012E+2 1.00842343E+0 4.46799988E+2 2.93160000E+2
4.47700012E+2 1.00835670E+0 4.47799988E+2 2.93160000E+2
4.48700012E+2 1.00824078E+0 4.48799988E+2 2.93160000E+2
4.49700012E+2 1.00834452E+0 4.49799988E+2 2.93160000E+2
4.50700012E+2 1.00851190E+0 4.50799988E+2 2.93160000E+2
4.51700012E+2 1.00835043E+0 4.51799988E+2 2.93160000E+2
4.52700012E+2 1.00837974E+0 4.52799988E+2 2.93160000E+2
4.53700012E+2 1.00846535E+0 4.53799988E+2 2.93160000E+2
4.54700012E+2 1.00831130E+0 4.54799988E+2 2.93160000E+2
4.55700012E+2 1.00833869E+0 4.55799988E+2 2.93160000E+2
4.56700012E+2 1.00839377E+0 4.56799988E+2 2.93160000E+2
4.57700012E+2 1.00834862E+0 4.57799988E+2 2.93160000E+2
4.58700012E+2 1.00846588E+0 4.58799988E+2 2.93160000E+2
4.59700012E+2 1.00850802E+0 4.59799988E+2 2.93160000E+2
4.60700012E+2 1.00831733E+0 4.60799988E+2 2.93160000E+2
4.61700012E+2 1.00829325E+0 4.61799988E+2 2.93160000E+2
4.62700012E+2 1.00849263E+0 4.62799988E+2 2.93160000E+2
4.63700012E+2 1.00850116E+0 4.63799988E+2 2.93160000E+2
4.64700012E+2 1.00842407E+0 4.64799988E+2 2.93160000E+2
4.65700012E+2 1.00835611E+0 4.65799988E+2 2.93160000E+2
4.66700012E+2 1.00835327E+0 4.66799988E+2 2.93160000E+2
4.67700012E+2 1.00844326E+0 4.67799988E+2 2.93160000E+2
4.68700012E+2 1.00841613E+0 4.68799988E+2 2.93160000E+2
4.69700012E+2 1.00831922E+0 4.69799988E+2 2.93160000E+2
4.70700012E+2 1.00840887E+0 4.70799988E+2 2.93160000E+2
4.71700012E+2 1.00838431E+0 4.71799988E+2 2.93160000E+2
4.72700012E+2 1.00841675E+0 4.72799988E+2 2.93160000E+2
4.73700012E+2 1.00845783E+0 4.73799988E+2 2.93160000E+2
4.74700012E+2 1.00845031E+0 4.74799988E+2 2.93160000E+2
4.75700012E+2 1.00836148E+0 4.75799988E+2 2.93160000E+2
4.76700012E+2 1.00843835E+0 4.76799988E+2 2.93160000E+2
4.77700012E+2 1.00837686E+0 4.77799988E+2 2.93160000E+2
4.78700012E+2 1.00839848E+0 4.78799988E+2 2.93160000E+2
4.79700012E+2 1.00834892E+0 4.79799988E+2 2.93160000E+2
4.80700012E+2 1.00838291E+0 4.80799988E+2 2.93160000E+2
4.81700012E+2 1.00824886E+0 4.81799988E+2 2.93160000E+2
4.82700012E+2 1.00840066E+0 4.82799988E+2 2.93160000E+2
4.83700012E+2 1.00830995E+0 4.83799988E+2 2.93160000E+2
4.84700012E+2 1.00838587E+0 4.84799988E+2 2.93160000E+2
4.85700012E+2 1.00839747E+0 4.85799988E+2 2.93160000E+2
4.86700012E+2 1.00816161E+0 4.86799988E+2 2.93160000E+2
4.87700012E+2 1.00851568E+0 4.87799988E+2 2.93160000E+2
4.88700012E+2 1.00829518E+0 4.88799988E+2 2.93160000E+2
4.89700012E+2 1.00845326E+0 4.89799988E+2 2.93160000E+2
4.90700012E+2 1.00833959E+0 4.90799988E+2 2.93160000E+2
4.91700012E+2 1.00837457E+0 4.91799988E+2 2.93160000E+2
4.92700012E+2 1.00828654E+0 4.92799988E+2 2.93160000E+2
4.93700012E+2 1.00839132E+0 4.93799988E+2 2.93160000E+2
4.94700012E+2 1.00830966E+0 4.94799988E+2 2.93160000E+2
4.95700012E+2 1.00841724E+0 4.95799988E+2 2.93160000E+2
4.96700012E+2 1.00833694E+0 4.96799988E+2 2.93160000E+2
4.97700012E+2 1.00836922E+0 4.97799988E+2 2.93160000E+2
4.98700012E+2 1.00830086E+0 4.98799988E+2 2.93160000E+2
4.99700012E+2 1.00844266E+0 4.99799988E+2 2.93160000E+2
5.00700012E+2 1.00832828E+0 5.00799988E+2 2.93160000E+2
5.01700012E+2 1.00832601E+0 5.01799988E+2 2.93160000E+2
5.02700012E+2 1.00834691E+0 5.02799988E+2 2.93160000E+2
5.03700012E+2 1.00830597E+0 5.03799988E+2 2.93160000E+2
5.04700012E+2 1.00835676E+0 5.04799988E+2 2.93160000E+2
5.05700012E+2 1.00834991E+0 5.05799988E+2 2.93160000E+2
5.06700012E+2 1.00845600E+0 5.06799988E+2 2.93160000E+2
5.07700012E+2 1.00840591E+0 5.07799988E+2 2.93160000E+2
5.08700012E+2 1.00837331E+0 5.08799988E+2 2.93160000E+2
5.09700012E+2 1.00834876E+0 5.09799988E+2 2.93160000E+2
5.10700012E+2 1.00834136E+0 5.10799988E+2 2.93160000E+2
5.11700012E+2 1.00825419E+0 5.11799988E+2 2.93160000E+2
5.12700012E+2 1.00839394E+0 5.12799988E+2 2.93160000E+2
5.13700012E+2 1.00841231E+0 5.13799988E+2 2.93160000E+2
5.14700012E+2 1.00837619E+0 5.14799988E+2 2.93160000E+2
5.15700012E+2 1.00836057E+0 5.15799988E+2 2.93160000E+2
5.16700012E+2 1.00837006E+0 5.16799988E+2 2.93160000E+2
5.17700012E+2 1.00831461E+0 5.17799988E+2 2.93160000E+2
5.18700012E+2 1.00822853E+0 5.18799988E+2 2.93160000E+2
5.19700012E+2 1.00834349E+0 5.19799988E+2 2.93160000E+2
5.20700012E+2 1.00829843E+0 5.20799988E+2 2.93160000E+2
5.21700012E+2 1.00842500E+0 5.21799988E+2 2.93160000E+2
5.22700012E+2 1.00842684E+0 5.22799988E+2 2.93160000E+2
5.23700012E+2 1.00836344E+0 5.23799988E+2 2.93160000E+2
5.24700012E+2 1.00842057E+0 5.24799988E+2 2.93160000E+2
5.25700012E+2 1.00842041E+0 5.25799988E+2 2.93160000E+2
5.26700012E+2 1.00838691E+0 5.26799988E+2 2.93160000E+2
5.27700012E+2 1.00839132E+0 5.27799988E+2 2.93160000E+2
