0.00000000E+0 1.00558947E+0 1.00000001E-1 2.90222500E+2
1.20000005E+0 1.00561400E+0 1.29999995E+0 2.90222500E+2
2.20000005E+0 1.00559551E+0 2.29999995E+0 2.90222500E+2
3.20000005E+0 1.00563725E+0 3.20000005E+0 2.90222500E+2
4.19999981E+0 1.00561504E+0 4.30000019E+0 2.90285000E+2
5.19999981E+0 1.00556779E+0 5.19999981E+0 2.90222500E+2
6.19999981E+0 1.00559194E+0 6.30000019E+0 2.90222500E+2
7.19999981E+0 1.00561228E+0 7.30000019E+0 2.90222500E+2
8.19999981E+0 1.00562850E+0 8.19999981E+0 2.90285000E+2
9.19999981E+0 1.00562407E+0 9.30000019E+0 2.90222500E+2
1.01999998E+1 1.00563376E+0 1.03000002E+1 2.90222500E+2
1.11999998E+1 1.00560789E+0 1.13000002E+1 2.90222500E+2
1.21999998E+1 1.00560223E+0 1.23000002E+1 2.90222500E+2
1.31999998E+1 1.00558275E+0 1.33000002E+1 2.90285000E+2
1.41999998E+1 1.00561801E+0 1.43000002E+1 2.90222500E+2
1.51999998E+1 1.00557952E+0 1.53000002E+1 2.90222500E+2
1.62000008E+1 1.00563806E+0 1.62999992E+1 2.90222500E+2
1.72000008E+1 1.00562680E+0 1.72999992E+1 2.90222500E+2
1.82000008E+1 1.00565328E+0 1.82999992E+1 2.90222500E+2
1.92000008E+1 1.00564546E+0 1.92999992E+1 2.90285000E+2
2.02000008E+1 1.00563750E+0 2.02999992E+1 2.90222500E+2
2.12000008E+1 1.00557559E+0 2.12999992E+1 2.90222500E+2
2.22000008E+1 1.00561397E+0 2.22999992E+1 2.90285000E+2
2.32000008E+1 1.00561295E+0 2.32999992E+1 2.90222500E+2
2.42000008E+1 1.00562996E+0 2.42999992E+1 2.90222500E+2
2.52000008E+1 1.00562607E+0 2.52999992E+1 2.90222500E+2
2.62000008E+1 1.00565098E+0 2.62999992E+1 2.90222500E+2
2.72000008E+1 1.00563997E+0 2.72999992E+1 2.90222500E+2
2.82000008E+1 1.00559633E+0 2.82999992E+1 2.90222500E+2
2.92000008E+1 1.00563061E+0 2.92999992E+1 2.90285000E+2
3.02000008E+1 1.00557273E+0 3.02999992E+1 2.90285000E+2
3.12000008E+1 1.00564012E+0 3.12999992E+1 2.90222500E+2
3.22000008E+1 1.00565328E+0 3.22999992E+1 2.90285000E+2
3.32000008E+1 1.00559050E+0 3.32999992E+1 2.90222500E+2
3.42000008E+1 1.00559568E+0 3.42999992E+1 2.90285000E+2
3.52000008E+1 1.00561724E+0 3.52999992E+1 2.90285000E+2
3.62000008E+1 1.00561531E+0 3.62999992E+1 2.90222500E+2
3.72000008E+1 1.00560230E+0 3.72999992E+1 2.90285000E+2
3.82000008E+1 1.00562257E+0 3.82000008E+1 2.90285000E+2
3.92000008E+1 1.00563369E+0 3.92999992E+1 2.90285000E+2
4.02000008E+1 1.00556820E+0 4.02999992E+1 2.90285000E+2
4.12000008E+1 1.00561346E+0 4.12999992E+1 2.90285000E+2
4.22000008E+1 1.00558905E+0 4.22999992E+1 2.90285000E+2
4.32000008E+1 1.00563174E+0 4.32999992E+1 2.90222500E+2
4.42000008E+1 1.00561119E+0 4.42999992E+1 2.90285000E+2
4.52000008E+1 1.00560339E+0 4.52999992E+1 2.90285000E+2
4.62000008E+1 1.00562972E+0 4.62999992E+1 2.90222500E+2
4.72000008E+1 1.00555032E+0 4.72999992E+1 2.90285000E+2
4.82000008E+1 1.00560983E+0 4.82999992E+1 2.90222500E+2
4.92000008E+1 1.00560968E+0 4.92999992E+1 2.90285000E+2
5.02000008E+1 1.00563383E+0 5.02999992E+1 2.90285000E+2
5.12000008E+1 1.00561327E+0 5.12999992E+1 2.90285000E+2
5.22000008E+1 1.00565122E+0 5.22999992E+1 2.90285000E+2
5.32000008E+1 1.00562934E+0 5.32999992E+1 2.90285000E+2
5.42000008E+1 1.00560335E+0 5.42000008E+1 2.90285000E+2
5.52000008E+1 1.00559471E+0 5.52999992E+1 2.90285000E+2
5.62000008E+1 1.00561928E+0 5.62999992E+1 2.90285000E+2
5.72000008E+1 1.00563764E+0 5.72999992E+1 2.90285000E+2
5.82000008E+1 1.00563600E+0 5.82999992E+1 2.90285000E+2
5.92000008E+1 1.00564157E+0 5.92000008E+1 2.90222500E+2
6.02000008E+1 1.00559779E+0 6.02999992E+1 2.90285000E+2
6.12000008E+1 1.00560501E+0 6.12999992E+1 2.90222500E+2
6.22000008E+1 1.00566251E+0 6.22999992E+1 2.90222500E+2
6.32000008E+1 1.00559157E+0 6.32999992E+1 2.90222500E+2
6.41999969E+1 1.00561610E+0 6.41999969E+1 2.90222500E+2
6.51999969E+1 1.00565782E+0 6.53000031E+1 2.90285000E+2
6.61999969E+1 1.00566809E+0 6.63000031E+1 2.90285000E+2
6.71999969E+1 1.00562570E+0 6.73000031E+1 2.90285000E+2
6.81999969E+1 1.00559729E+0 6.83000031E+1 2.90285000E+2
6.91999969E+1 1.00565266E+0 6.93000031E+1 2.90285000E+2
7.01999969E+1 1.00564148E+0 7.03000031E+1 2.90222500E+2
7.11999969E+1 1.00562236E+0 7.13000031E+1 2.90285000E+2
7.21999969E+1 1.00564972E+0 7.23000031E+1 2.90285000E+2
7.31999969E+1 1.00561811E+0 7.33000031E+1 2.90285000E+2
7.41999969E+1 1.00562024E+0 7.43000031E+1 2.90285000E+2
7.51999969E+1 1.00558971E+0 7.53000031E+1 2.90222500E+2
7.61999969E+1 1.00560738E+0 7.63000031E+1 2.90285000E+2
7.71999969E+1 1.00562095E+0 7.73000031E+1 2.90285000E+2
7.81999969E+1 1.00560533E+0 7.83000031E+1 2.90285000E+2
7.91999969E+1 1.00560432E+0 7.93000031E+1 2.90285000E+2
8.01999969E+1 1.00561750E+0 8.03000031E+1 2.90222500E+2
8.11999969E+1 1.00564230E+0 8.11999969E+1 2.90285000E+2
8.21999969E+1 1.00563752E+0 8.23000031E+1 2.90285000E+2
8.31999969E+1 1.00564720E+0 8.33000031E+1 2.90285000E+2
8.41999969E+1 1.00563464E+0 8.43000031E+1 2.90285000E+2
8.51999969E+1 1.00563044E+0 8.53000031E+1 2.90285000E+2
8.61999969E+1 1.00564021E+0 8.61999969E+1 2.90285000E+2
8.71999969E+1 1.00560300E+0 8.73000031E+1 2.90285000E+2
8.81999969E+1 1.00557415E+0 8.83000031E+1 2.90285000E+2
8.91999969E+1 1.00563539E+0 8.93000031E+1 2.90285000E+2
9.01999969E+1 1.00565425E+0 9.03000031E+1 2.90285000E+2
9.11999969E+1 1.00559500E+0 9.13000031E+1 2.90285000E+2
9.21999969E+1 1.00566342E+0 9.23000031E+1 2.90285000E+2
9.31999969E+1 1.00566220E+0 9.33000031E+1 2.90285000E+2
9.41999969E+1 1.00564737E+0 9.43000031E+1 2.90285000E+2
9.51999969E+1 1.00565058E+0 9.53000031E+1 2.90285000E+2
9.61999969E+1 1.00563917E+0 9.63000031E+1 2.90285000E+2
9.71999969E+1 1.00558871E+0 9.73000031E+1 2.90285000E+2
9.81999969E+1 1.00562934E+0 9.83000031E+1 2.90285000E+2
9.91999969E+1 1.00563736E+0 9.91999969E+1 2.90285000E+2
1.00199997E+2 1.00562324E+0 1.00300003E+2 2.90285000E+2
1.01199997E+2 1.00560580E+0 1.01300003E+2 2.90285000E+2
1.02199997E+2 1.00564403E+0 1.02199997E+2 2.90285000E+2
1.03199997E+2 1.00562777E+0 1.03300003E+2 2.90222500E+2
1.04199997E+2 1.00566191E+0 1.04300003E+2 2.90285000E+2
1.05199997E+2 1.00566203E+0 1.05199997E+2 2.90285000E+2
1.06199997E+2 1.00567394E+0 1.06300003E+2 2.90285000E+2
1.07199997E+2 1.00564568E+0 1.07300003E+2 2.90285000E+2
1.08199997E+2 1.00561374E+0 1.08300003E+2 2.90285000E+2
1.09199997E+2 1.00561397E+0 1.09300003E+2 2.90285000E+2
1.10199997E+2 1.00559401E+0 1.10300003E+2 2.90285000E+2
1.11199997E+2 1.00562441E+0 1.11300003E+2 2.90285000E+2
1.12199997E+2 1.00561066E+0 1.12300003E+2 2.90285000E+2
1.13199997E+2 1.00562265E+0 1.13199997E+2 2.90285000E+2
1.14199997E+2 1.00562754E+0 1.14300003E+2 2.90285000E+2
1.15199997E+2 1.00568646E+0 1.15300003E+2 2.90285000E+2
1.16199997E+2 1.00562762E+0 1.16199997E+2 2.90285000E+2
1.17199997E+2 1.00563770E+0 1.17300003E+2 2.90285000E+2
1.18199997E+2 1.00562158E+0 1.18300003E+2 2.90285000E+2
1.19199997E+2 1.00564433E+0 1.19300003E+2 2.90285000E+2
1.20199997E+2 1.00562264E+0 1.20300003E+2 2.90285000E+2
1.21199997E+2 1.00566437E+0 1.21199997E+2 2.90285000E+2
1.22199997E+2 1.00562978E+0 1.22300003E+2 2.90285000E+2
1.23199997E+2 1.00563530E+0 1.23300003E+2 2.90285000E+2
1.24199997E+2 1.00560623E+0 1.24300003E+2 2.90285000E+2
1.25199997E+2 1.00563379E+0 1.25300003E+2 2.90285000E+2
1.26199997E+2 1.00564208E+0 1.26300003E+2 2.90285000E+2
1.27199997E+2 1.00562330E+0 1.27300003E+2 2.90285000E+2
1.28199997E+2 1.00561612E+0 1.28300003E+2 2.90285000E+2
1.29199997E+2 1.00563658E+0 1.29300003E+2 2.90285000E+2
1.30199997E+2 1.00565905E+0 1.30300003E+2 2.90285000E+2
1.31199997E+2 1.00567343E+0 1.31300003E+2 2.90285000E+2
1.32199997E+2 1.00564610E+0 1.32300003E+2 2.90285000E+2
1.33199997E+2 1.00563245E+0 1.33300003E+2 2.90285000E+2
1.34199997E+2 1.00564101E+0 1.34300003E+2 2.90285000E+2
1.35199997E+2 1.00563008E+0 1.35300003E+2 2.90285000E+2
1.36199997E+2 1.00564139E+0 1.36300003E+2 2.90285000E+2
1.37199997E+2 1.00562363E+0 1.37300003E+2 2.90285000E+2
1.38199997E+2 1.00565166E+0 1.38300003E+2 2.90285000E+2
1.39199997E+2 1.00563034E+0 1.39300003E+2 2.90285000E+2
1.40199997E+2 1.00564418E+0 1.40300003E+2 2.90285000E+2
1.41199997E+2 1.00561908E+0 1.41300003E+2 2.90285000E+2
1.42199997E+2 1.00568973E+0 1.42199997E+2 2.90285000E+2
1.43199997E+2 1.00560258E+0 1.43300003E+2 2.90285000E+2
1.44199997E+2 1.00562072E+0 1.44300003E+2 2.90285000E+2
1.45199997E+2 1.00561138E+0 1.45300003E+2 2.90285000E+2
1.46199997E+2 1.00566560E+0 1.46300003E+2 2.90285000E+2
1.47199997E+2 1.00564241E+0 1.47300003E+2 2.90285000E+2
1.48199997E+2 1.00561343E+0 1.48300003E+2 2.90285000E+2
1.49199997E+2 1.00560688E+0 1.49300003E+2 2.90285000E+2
1.50199997E+2 1.00560630E+0 1.50300003E+2 2.90285000E+2
1.51199997E+2 1.00560730E+0 1.51300003E+2 2.90285000E+2
1.52199997E+2 1.00561573E+0 1.52300003E+2 2.90285000E+2
1.53199997E+2 1.00568345E+0 1.53300003E+2 2.90285000E+2
1.54199997E+2 1.00564372E+0 1.54300003E+2 2.90285000E+2
1.55199997E+2 1.00562722E+0 1.55300003E+2 2.90285000E+2
1.56199997E+2 1.00560511E+0 1.56199997E+2 2.90285000E+2
1.57199997E+2 1.00564714E+0 1.57300003E+2 2.90285000E+2
1.58199997E+2 1.00561971E+0 1.58300003E+2 2.90285000E+2
1.59199997E+2 1.00560233E+0 1.59199997E+2 2.90285000E+2
1.60199997E+2 1.00561888E+0 1.60300003E+2 2.90285000E+2
1.61199997E+2 1.00563829E+0 1.61300003E+2 2.90285000E+2
1.62199997E+2 1.00559947E+0 1.62300003E+2 2.90285000E+2
1.63199997E+2 1.00563501E+0 1.63300003E+2 2.90285000E+2
1.64199997E+2 1.00563422E+0 1.64300003E+2 2.90285000E+2
1.65199997E+2 1.00564766E+0 1.65300003E+2 2.90285000E+2
1.66199997E+2 1.00561755E+0 1.66300003E+2 2.90285000E+2
1.67199997E+2 1.00565676E+0 1.67199997E+2 2.90285000E+2
1.68199997E+2 1.00563850E+0 1.68300003E+2 2.90285000E+2
1.69199997E+2 1.00561602E+0 1.69300003E+2 2.90285000E+2
1.70199997E+2 1.00560874E+0 1.70300003E+2 2.90285000E+2
1.71199997E+2 1.00565144E+0 1.71300003E+2 2.90285000E+2
1.72199997E+2 1.00568431E+0 1.72199997E+2 2.90285000E+2
1.73199997E+2 1.00565048E+0 1.73300003E+2 2.90285000E+2
1.74199997E+2 1.00562644E+0 1.74300003E+2 2.90285000E+2
1.75199997E+2 1.00560685E+0 1.75300003E+2 2.90285000E+2
1.76199997E+2 1.00560385E+0 1.76300003E+2 2.90285000E+2
1.77199997E+2 1.00562565E+0 1.77300003E+2 2.90285000E+2
1.78199997E+2 1.00563137E+0 1.78300003E+2 2.90285000E+2
1.79199997E+2 1.00565926E+0 1.79300003E+2 2.90285000E+2
1.80199997E+2 1.00562318E+0 1.80300003E+2 2.90285000E+2
1.81199997E+2 1.00556695E+0 1.81300003E+2 2.90285000E+2
1.82199997E+2 1.00563451E+0 1.82300003E+2 2.90285000E+2
1.83199997E+2 1.00564486E+0 1.83199997E+2 2.90285000E+2
1.84199997E+2 1.00563959E+0 1.84300003E+2 2.90285000E+2
1.85199997E+2 1.00562598E+0 1.85300003E+2 2.90285000E+2
1.86199997E+2 1.00560325E+0 1.86300003E+2 2.90285000E+2
1.87199997E+2 1.00562627E+0 1.87300003E+2 2.90285000E+2
1.88199997E+2 1.00566736E+0 1.88300003E+2 2.90285000E+2
1.89199997E+2 1.00566773E+0 1.89300003E+2 2.90285000E+2
1.90199997E+2 1.00566084E+0 1.90300003E+2 2.90285000E+2
1.91199997E+2 1.00562861E+0 1.91300003E+2 2.90285000E+2
1.92199997E+2 1.00568234E+0 1.92300003E+2 2.90285000E+2
1.93199997E+2 1.00565949E+0 1.93300003E+2 2.90285000E+2
1.94199997E+2 1.00562913E+0 1.94300003E+2 2.90285000E+2
1.95199997E+2 1.00561759E+0 1.95300003E+2 2.90285000E+2
1.96199997E+2 1.00562919E+0 1.96300003E+2 2.90285000E+2
1.97199997E+2 1.00560282E+0 1.97300003E+2 2.90285000E+2
1.98199997E+2 1.00566717E+0 1.98300003E+2 2.90285000E+2
1.99199997E+2 1.00562460E+0 1.99300003E+2 2.90285000E+2
2.00199997E+2 1.00565300E+0 2.00300003E+2 2.90285000E+2
2.01199997E+2 1.00569630E+0 2.01300003E+2 2.90285000E+2
2.02199997E+2 1.00565121E+0 2.02300003E+2 2.90285000E+2
2.03199997E+2 1.00560534E+0 2.03300003E+2 2.90285000E+2
2.04199997E+2 1.00562347E+0 2.04300003E+2 2.90285000E+2
2.05199997E+2 1.00565856E+0 2.05300003E+2 2.90285000E+2
2.06199997E+2 1.00569841E+0 2.06300003E+2 2.90285000E+2
2.07199997E+2 1.00567179E+0 2.07300003E+2 2.90285000E+2
2.08199997E+2 1.00561044E+0 2.08300003E+2 2.90285000E+2
2.09199997E+2 1.00563290E+0 2.09300003E+2 2.90285000E+2
2.10199997E+2 1.00561638E+0 2.10199997E+2 2.90285000E+2
2.11199997E+2 1.00558840E+0 2.11300003E+2 2.90285000E+2
2.12199997E+2 1.00564733E+0 2.12300003E+2 2.90285000E+2
2.13199997E+2 1.00563089E+0 2.13300003E+2 2.90285000E+2
2.14199997E+2 1.00564095E+0 2.14300003E+2 2.90285000E+2
2.15199997E+2 1.00563158E+0 2.15300003E+2 2.90285000E+2
2.16199997E+2 1.00563704E+0 2.16300003E+2 2.90285000E+2
2.17199997E+2 1.00561267E+0 2.17300003E+2 2.90285000E+2
2.18199997E+2 1.00565086E+0 2.18300003E+2 2.90285000E+2
2.19199997E+2 1.00563935E+0 2.19300003E+2 2.90285000E+2
2.20199997E+2 1.00561616E+0 2.20300003E+2 2.90285000E+2
2.21199997E+2 1.00559275E+0 2.21300003E+2 2.90285000E+2
2.22199997E+2 1.00564449E+0 2.22300003E+2 2.90285000E+2
2.23199997E+2 1.00563427E+0 2.23300003E+2 2.90285000E+2
2.24199997E+2 1.00563583E+0 2.24300003E+2 2.90285000E+2
2.25199997E+2 1.00559446E+0 2.25300003E+2 2.90285000E+2
2.26199997E+2 1.00562827E+0 2.26300003E+2 2.90285000E+2
2.27199997E+2 1.00563390E+0 2.27300003E+2 2.90285000E+2
2.28199997E+2 1.00562866E+0 2.28300003E+2 2.90285000E+2
2.29199997E+2 1.00564691E+0 2.29300003E+2 2.90285000E+2
2.30199997E+2 1.00560966E+0 2.30300003E+2 2.90285000E+2
2.31199997E+2 1.00561289E+0 2.31300003E+2 2.90285000E+2
2.32199997E+2 1.00560437E+0 2.32300003E+2 2.90285000E+2
2.33199997E+2 1.00561645E+0 2.33300003E+2 2.90285000E+2
2.34199997E+2 1.00560921E+0 2.34300003E+2 2.90285000E+2
2.35199997E+2 1.00561420E+0 2.35300003E+2 2.90285000E+2
2.36199997E+2 1.00559966E+0 2.36300003E+2 2.90285000E+2
2.37199997E+2 1.00565755E+0 2.37199997E+2 2.90285000E+2
2.38199997E+2 1.00563136E+0 2.38300003E+2 2.90285000E+2
2.39199997E+2 1.00565329E+0 2.39300003E+2 2.90285000E+2
2.40199997E+2 1.00562343E+0 2.40300003E+2 2.90285000E+2
2.41199997E+2 1.00561142E+0 2.41300003E+2 2.90285000E+2
2.42199997E+2 1.00564901E+0 2.42300003E+2 2.90285000E+2
2.43199997E+2 1.00561439E+0 2.43300003E+2 2.90285000E+2
2.44199997E+2 1.00562298E+0 2.44300003E+2 2.90285000E+2
2.45199997E+2 1.00563057E+0 2.45300003E+2 2.90285000E+2
2.46199997E+2 1.00564393E+0 2.46300003E+2 2.90285000E+2
2.47199997E+2 1.00566023E+0 2.47300003E+2 2.90285000E+2
2.48199997E+2 1.00560524E+0 2.48300003E+2 2.90285000E+2
2.49199997E+2 1.00559219E+0 2.49300003E+2 2.90285000E+2
2.50199997E+2 1.00564827E+0 2.50300003E+2 2.90285000E+2
2.51199997E+2 1.00565150E+0 2.51300003E+2 2.90285000E+2
2.52199997E+2 1.00565074E+0 2.52300003E+2 2.90285000E+2
2.53199997E+2 1.00567495E+0 2.53300003E+2 2.90285000E+2
2.54199997E+2 1.00563782E+0 2.54300003E+2 2.90285000E+2
2.55199997E+2 1.00564997E+0 2.55300003E+2 2.90285000E+2
2.56200012E+2 1.00562357E+0 2.56299988E+2 2.90285000E+2
2.57200012E+2 1.00563919E+0 2.57299988E+2 2.90285000E+2
2.58200012E+2 1.00560048E+0 2.58299988E+2 2.90285000E+2
2.59200012E+2 1.00562473E+0 2.59299988E+2 2.90285000E+2
2.60200012E+2 1.00560621E+0 2.60299988E+2 2.90285000E+2
2.61200012E+2 1.00564953E+0 2.61200012E+2 2.90285000E+2
2.62200012E+2 1.00561364E+0 2.62299988E+2 2.90285000E+2
2.63200012E+2 1.00565086E+0 2.63299988E+2 2.90285000E+2
2.64200012E+2 1.00562370E+0 2.64299988E+2 2.90285000E+2
2.65200012E+2 1.00559933E+0 2.65299988E+2 2.90285000E+2
2.66200012E+2 1.00556576E+0 2.66299988E+2 2.90285000E+2
2.67200012E+2 1.00562230E+0 2.67299988E+2 2.90285000E+2
2.68200012E+2 1.00562089E+0 2.68299988E+2 2.90285000E+2
2.69200012E+2 1.00560373E+0 2.69299988E+2 2.90285000E+2
2.70200012E+2 1.00567444E+0 2.70299988E+2 2.90285000E+2
2.71200012E+2 1.00565594E+0 2.71299988E+2 2.90285000E+2
2.72200012E+2 1.00564374E+0 2.72299988E+2 2.90285000E+2
2.73200012E+2 1.00566311E+0 2.73299988E+2 2.90285000E+2
2.74200012E+2 1.00569949E+0 2.74299988E+2 2.90285000E+2
2.75200012E+2 1.00565912E+0 2.75299988E+2 2.90285000E+2
2.76200012E+2 1.00566652E+0 2.76299988E+2 2.90285000E+2
2.77200012E+2 1.00562222E+0 2.77200012E+2 2.90285000E+2
2.78200012E+2 1.00559076E+0 2.78299988E+2 2.90285000E+2
2.79200012E+2 1.00564977E+0 2.79299988E+2 2.90285000E+2
2.80200012E+2 1.00565795E+0 2.80299988E+2 2.90285000E+2
2.81200012E+2 1.00565133E+0 2.81299988E+2 2.90285000E+2
2.82200012E+2 1.00566469E+0 2.82299988E+2 2.90285000E+2
2.83200012E+2 1.00564786E+0 2.83299988E+2 2.90285000E+2
2.84200012E+2 1.00565275E+0 2.84299988E+2 2.90285000E+2
2.85200012E+2 1.00568053E+0 2.85200012E+2 2.90285000E+2
2.86200012E+2 1.00564946E+0 2.86299988E+2 2.90285000E+2
2.87200012E+2 1.00565080E+0 2.87299988E+2 2.90285000E+2
2.88200012E+2 1.00564891E+0 2.88299988E+2 2.90285000E+2
2.89200012E+2 1.00568712E+0 2.89299988E+2 2.90285000E+2
2.90200012E+2 1.00563336E+0 2.90299988E+2 2.90285000E+2
2.91200012E+2 1.00567523E+0 2.91299988E+2 2.90285000E+2
2.92200012E+2 1.00560152E+0 2.92299988E+2 2.90285000E+2
2.93200012E+2 1.00564969E+0 2.93299988E+2 2.90285000E+2
2.94200012E+2 1.00564939E+0 2.94299988E+2 2.90285000E+2
2.95200012E+2 1.00564662E+0 2.95299988E+2 2.90285000E+2
2.96200012E+2 1.00562049E+0 2.96299988E+2 2.90285000E+2
2.97200012E+2 1.00567350E+0 2.97299988E+2 2.90285000E+2
2.98200012E+2 1.00563447E+0 2.98200012E+2 2.90285000E+2
2.99200012E+2 1.00564070E+0 2.99299988E+2 2.90285000E+2
3.00200012E+2 1.00567836E+0 3.00299988E+2 2.90285000E+2
3.01200012E+2 1.00566859E+0 3.01299988E+2 2.90285000E+2
3.02200012E+2 1.00561718E+0 3.02299988E+2 2.90285000E+2
3.03200012E+2 1.00562814E+0 3.03299988E+2 2.90285000E+2
3.04200012E+2 1.00560143E+0 3.04299988E+2 2.90285000E+2
3.05200012E+2 1.00565419E+0 3.05299988E+2 2.90285000E+2
3.06200012E+2 1.00562899E+0 3.06299988E+2 2.90285000E+2
3.07200012E+2 1.00566125E+0 3.07299988E+2 2.90285000E+2
3.08200012E+2 1.00561966E+0 3.08299988E+2 2.90285000E+2
3.09200012E+2 1.00561959E+0 3.09299988E+2 2.90285000E+2
3.10200012E+2 1.00566918E+0 3.10299988E+2 2.90285000E+2
3.11200012E+2 1.00558056E+0 3.11299988E+2 2.90285000E+2
3.12200012E+2 1.00558464E+0 3.12299988E+2 2.90285000E+2
3.13200012E+2 1.00560601E+0 3.13299988E+2 2.90285000E+2
3.14200012E+2 1.00559225E+0 3.14299988E+2 2.90285000E+2
3.15200012E+2 1.00558698E+0 3.15200012E+2 2.90285000E+2
3.16200012E+2 1.00561517E+0 3.16299988E+2 2.90285000E+2
3.17200012E+2 1.00562884E+0 3.17299988E+2 2.90285000E+2
3.18200012E+2 1.00563267E+0 3.18299988E+2 2.90285000E+2
3.19200012E+2 1.00568046E+0 3.19299988E+2 2.90285000E+2
3.20200012E+2 1.00564333E+0 3.20299988E+2 2.90285000E+2
3.21200012E+2 1.00563636E+0 3.21299988E+2 2.90285000E+2
3.22200012E+2 1.00564952E+0 3.22299988E+2 2.90285000E+2
3.23200012E+2 1.00562864E+0 3.23299988E+2 2.90285000E+2
3.24200012E+2 1.00564112E+0 3.24299988E+2 2.90285000E+2
3.25200012E+2 1.00561976E+0 3.25299988E+2 2.90285000E+2
3.26200012E+2 1.00563998E+0 3.26299988E+2 2.90285000E+2
3.27200012E+2 1.00562267E+0 3.27299988E+2 2.90285000E+2
3.28200012E+2 1.00561733E+0 3.28200012E+2 2.90285000E+2
3.29200012E+2 1.00564294E+0 3.29299988E+2 2.90285000E+2
3.30200012E+2 1.00560360E+0 3.30299988E+2 2.90285000E+2
3.31200012E+2 1.00560590E+0 3.31299988E+2 2.90285000E+2
3.32200012E+2 1.00566598E+0 3.32299988E+2 2.90285000E+2
3.33200012E+2 1.00565266E+0 3.33299988E+2 2.90285000E+2
3.34200012E+2 1.00561610E+0 3.34299988E+2 2.90285000E+2
3.35200012E+2 1.00557880E+0 3.35299988E+2 2.90285000E+2
3.36200012E+2 1.00564797E+0 3.36299988E+2 2.90285000E+2
3.37200012E+2 1.00563289E+0 3.37299988E+2 2.90285000E+2
3.38200012E+2 1.00564100E+0 3.38299988E+2 2.90285000E+2
3.39200012E+2 1.00561048E+0 3.39299988E+2 2.90285000E+2
3.40200012E+2 1.00563037E+0 3.40299988E+2 2.90285000E+2
3.41200012E+2 1.00560503E+0 3.41299988E+2 2.90285000E+2
3.42200012E+2 1.00561768E+0 3.42299988E+2 2.90285000E+2
3.43200012E+2 1.00560469E+0 3.43299988E+2 2.90285000E+2
3.44200012E+2 1.00560879E+0 3.44299988E+2 2.90285000E+2
3.45200012E+2 1.00559857E+0 3.45299988E+2 2.90347500E+2
3.46200012E+2 1.00564825E+0 3.46299988E+2 2.90285000E+2
3.47200012E+2 1.00567183E+0 3.47299988E+2 2.90285000E+2
3.48200012E+2 1.00562851E+0 3.48299988E+2 2.90285000E+2
3.49200012E+2 1.00564156E+0 3.49299988E+2 2.90285000E+2
3.50200012E+2 1.00560260E+0 3.50299988E+2 2.90285000E+2
3.51200012E+2 1.00561884E+0 3.51299988E+2 2.90285000E+2
3.52200012E+2 1.00564383E+0 3.52299988E+2 2.90285000E+2
3.53200012E+2 1.00567146E+0 3.53299988E+2 2.90285000E+2
3.54200012E+2 1.00565812E+0 3.54299988E+2 2.90285000E+2
3.55200012E+2 1.00563884E+0 3.55299988E+2 2.90285000E+2
3.56200012E+2 1.00564020E+0 3.56299988E+2 2.90285000E+2
3.57200012E+2 1.00565483E+0 3.57299988E+2 2.90285000E+2
3.58200012E+2 1.00562468E+0 3.58200012E+2 2.90285000E+2
3.59200012E+2 1.00563537E+0 3.59299988E+2 2.90285000E+2
3.60200012E+2 1.00564846E+0 3.60299988E+2 2.90285000E+2
3.61200012E+2 1.00561226E+0 3.61299988E+2 2.90285000E+2
3.62200012E+2 1.00565170E+0 3.62299988E+2 2.90285000E+2
3.63200012E+2 1.00563684E+0 3.63200012E+2 2.90285000E+2
3.64200012E+2 1.00560883E+0 3.64299988E+2 2.90285000E+2
3.65200012E+2 1.00562715E+0 3.65299988E+2 2.90285000E+2
3.66200012E+2 1.00561507E+0 3.66299988E+2 2.90285000E+2
3.67200012E+2 1.00566576E+0 3.67299988E+2 2.90285000E+2
3.68200012E+2 1.00564400E+0 3.68299988E+2 2.90285000E+2
3.69200012E+2 1.00568973E+0 3.69299988E+2 2.90285000E+2
3.70200012E+2 1.00562857E+0 3.70299988E+2 2.90285000E+2
3.71200012E+2 1.00568280E+0 3.71200012E+2 2.90285000E+2
3.72200012E+2 1.00561889E+0 3.72299988E+2 2.90285000E+2
3.73200012E+2 1.00560148E+0 3.73299988E+2 2.90285000E+2
3.74200012E+2 1.00564268E+0 3.74299988E+2 2.90285000E+2
3.75200012E+2 1.00561500E+0 3.75299988E+2 2.90285000E+2
3.76200012E+2 1.00566244E+0 3.76299988E+2 2.90285000E+2
3.77200012E+2 1.00560846E+0 3.77299988E+2 2.90285000E+2
3.78200012E+2 1.00562932E+0 3.78299988E+2 2.90285000E+2
3.79200012E+2 1.00562841E+0 3.79299988E+2 2.90285000E+2
3.80200012E+2 1.00563219E+0 3.80299988E+2 2.90285000E+2
3.81200012E+2 1.00561966E+0 3.81299988E+2 2.90285000E+2
3.82200012E+2 1.00558958E+0 3.82299988E+2 2.90285000E+2
3.83200012E+2 1.00563923E+0 3.83299988E+2 2.90285000E+2
3.84200012E+2 1.00563207E+0 3.84299988E+2 2.90285000E+2
3.85200012E+2 1.00564412E+0 3.85299988E+2 2.90285000E+2
3.86200012E+2 1.00564263E+0 3.86299988E+2 2.90285000E+2
3.87200012E+2 1.00567004E+0 3.87299988E+2 2.90285000E+2
3.88200012E+2 1.00566527E+0 3.88299988E+2 2.90285000E+2
3.89200012E+2 1.00560251E+0 3.89299988E+2 2.90285000E+2
3.90200012E+2 1.00567944E+0 3.90200012E+2 2.90285000E+2
3.91200012E+2 1.00562303E+0 3.91299988E+2 2.90285000E+2
3.92200012E+2 1.00561975E+0 3.92299988E+2 2.90285000E+2
3.93200012E+2 1.00562475E+0 3.93200012E+2 2.90285000E+2
3.94200012E+2 1.00561539E+0 3.94299988E+2 2.90285000E+2
3.95200012E+2 1.00566009E+0 3.95299988E+2 2.90285000E+2
3.96200012E+2 1.00562003E+0 3.96299988E+2 2.90285000E+2
3.97200012E+2 1.00564399E+0 3.97299988E+2 2.90285000E+2
3.98200012E+2 1.00565882E+0 3.98299988E+2 2.90285000E+2
3.99200012E+2 1.00562807E+0 3.99299988E+2 2.90285000E+2
4.00200012E+2 1.00564697E+0 4.00299988E+2 2.90285000E+2
4.01200012E+2 1.00561125E+0 4.01299988E+2 2.90347500E+2
4.02200012E+2 1.00564179E+0 4.02299988E+2 2.90285000E+2
4.03200012E+2 1.00562695E+0 4.03299988E+2 2.90285000E+2
4.04200012E+2 1.00562258E+0 4.04299988E+2 2.90285000E+2
4.05200012E+2 1.00565377E+0 4.05299988E+2 2.90285000E+2
4.06200012E+2 1.00568283E+0 4.06299988E+2 2.90285000E+2
4.07200012E+2 1.00565883E+0 4.07299988E+2 2.90285000E+2
4.08200012E+2 1.00559824E+0 4.08299988E+2 2.90285000E+2
4.09200012E+2 1.00562601E+0 4.09299988E+2 2.90285000E+2
4.10200012E+2 1.00559803E+0 4.10299988E+2 2.90285000E+2
4.11200012E+2 1.00564565E+0 4.11200012E+2 2.90285000E+2
4.12200012E+2 1.00561519E+0 4.12299988E+2 2.90285000E+2
4.13200012E+2 1.00562425E+0 4.13299988E+2 2.90285000E+2
4.14200012E+2 1.00564330E+0 4.14299988E+2 2.90285000E+2
4.15200012E+2 1.00563525E+0 4.15299988E+2 2.90285000E+2
4.16200012E+2 1.00564726E+0 4.16299988E+2 2.90285000E+2
4.17200012E+2 1.00565107E+0 4.17299988E+2 2.90285000E+2
4.18200012E+2 1.00561642E+0 4.18299988E+2 2.90285000E+2
4.19200012E+2 1.00562682E+0 4.19299988E+2 2.90285000E+2
4.20200012E+2 1.00565158E+0 4.20299988E+2 2.90285000E+2
4.21200012E+2 1.00566303E+0 4.21299988E+2 2.90285000E+2
4.22200012E+2 1.00565828E+0 4.22299988E+2 2.90285000E+2
4.23200012E+2 1.00560765E+0 4.23299988E+2 2.90285000E+2
4.24200012E+2 1.00564223E+0 4.24299988E+2 2.90285000E+2
4.25200012E+2 1.00559796E+0 4.25299988E+2 2.90285000E+2
4.26200012E+2 1.00569946E+0 4.26299988E+2 2.90285000E+2
4.27200012E+2 1.00567679E+0 4.27299988E+2 2.90285000E+2
4.28200012E+2 1.00562984E+0 4.28200012E+2 2.90285000E+2
4.29200012E+2 1.00565165E+0 4.29299988E+2 2.90285000E+2
4.30200012E+2 1.00562644E+0 4.30299988E+2 2.90285000E+2
4.31200012E+2 1.00565445E+0 4.31299988E+2 2.90285000E+2
4.32200012E+2 1.00565806E+0 4.32299988E+2 2.90285000E+2
4.33200012E+2 1.00564877E+0 4.33299988E+2 2.90285000E+2
4.34200012E+2 1.00565858E+0 4.34299988E+2 2.90285000E+2
4.35200012E+2 1.00562257E+0 4.35299988E+2 2.90347500E+2
4.36200012E+2 1.00562746E+0 4.36299988E+2 2.90285000E+2
4.37200012E+2 1.00567263E+0 4.37299988E+2 2.90285000E+2
4.38200012E+2 1.00567985E+0 4.38200012E+2 2.90347500E+2
4.39200012E+2 1.00567702E+0 4.39299988E+2 2.90285000E+2
4.40200012E+2 1.00566298E+0 4.40299988E+2 2.90285000E+2
4.41200012E+2 1.00564344E+0 4.41299988E+2 2.90285000E+2
4.42200012E+2 1.00567932E+0 4.42299988E+2 2.90285000E+2
4.43200012E+2 1.00562578E+0 4.43299988E+2 2.90347500E+2
4.44200012E+2 1.00567660E+0 4.44299988E+2 2.90347500E+2
4.45200012E+2 1.00568717E+0 4.45299988E+2 2.90285000E+2
4.46200012E+2 1.00565361E+0 4.46299988E+2 2.90285000E+2
4.47200012E+2 1.00564736E+0 4.47299988E+2 2.90285000E+2
4.48200012E+2 1.00568743E+0 4.48299988E+2 2.90347500E+2
4.49200012E+2 1.00565630E+0 4.49299988E+2 2.90285000E+2
4.50200012E+2 1.00567155E+0 4.50299988E+2 2.90285000E+2
4.51200012E+2 1.00568022E+0 4.51299988E+2 2.90285000E+2
4.52200012E+2 1.00565713E+0 4.52200012E+2 2.90285000E+2
4.53200012E+2 1.00562035E+0 4.53299988E+2 2.90285000E+2
4.54200012E+2 1.00563362E+0 4.54299988E+2 2.90285000E+2
4.55200012E+2 1.00565659E+0 4.55299988E+2 2.90285000E+2
4.56200012E+2 1.00567405E+0 4.56299988E+2 2.90285000E+2
4.57200012E+2 1.00567949E+0 4.57299988E+2 2.90285000E+2
4.58200012E+2 1.00565526E+0 4.58299988E+2 2.90285000E+2
4.59200012E+2 1.00570672E+0 4.59299988E+2 2.90285000E+2
4.60200012E+2 1.00569496E+0 4.60299988E+2 2.90285000E+2
4.61200012E+2 1.00565315E+0 4.61299988E+2 2.90285000E+2
4.62200012E+2 1.00563532E+0 4.62200012E+2 2.90285000E+2
4.63200012E+2 1.00561476E+0 4.63299988E+2 2.90285000E+2
4.64200012E+2 1.00566909E+0 4.64299988E+2 2.90285000E+2
4.65200012E+2 1.00570665E+0 4.65299988E+2 2.90285000E+2
4.66200012E+2 1.00565578E+0 4.66299988E+2 2.90285000E+2
4.67200012E+2 1.00562797E+0 4.67299988E+2 2.90285000E+2
4.68200012E+2 1.00564856E+0 4.68200012E+2 2.90347500E+2
4.69200012E+2 1.00563835E+0 4.69299988E+2 2.90285000E+2
4.70200012E+2 1.00564572E+0 4.70299988E+2 2.90285000E+2
4.71200012E+2 1.00568153E+0 4.71299988E+2 2.90285000E+2
4.72200012E+2 1.00558824E+0 4.72299988E+2 2.90347500E+2
4.73200012E+2 1.00565823E+0 4.73299988E+2 2.90347500E+2
4.74200012E+2 1.00565299E+0 4.74299988E+2 2.90347500E+2
