0.00000000E+0 1.01465201E+0 1.00000001E-1 2.93285000E+2
1.20000005E+0 1.01343107E+0 1.20000005E+0 2.93285000E+2
2.20000005E+0 1.01465201E+0 2.20000005E+0 2.93285000E+2
3.20000005E+0 1.01465201E+0 3.20000005E+0 2.93285000E+2
4.19999981E+0 1.01465201E+0 4.19999981E+0 2.93285000E+2
5.19999981E+0 1.01465201E+0 5.19999981E+0 2.93285000E+2
6.19999981E+0 1.01465201E+0 6.19999981E+0 2.93285000E+2
7.19999981E+0 1.01465201E+0 7.19999981E+0 2.93285000E+2
8.19999981E+0 1.01465201E+0 8.19999981E+0 2.93285000E+2
9.19999981E+0 1.01465201E+0 9.30000019E+0 2.93285000E+2
1.01999998E+1 1.01465201E+0 1.03000002E+1 2.93285000E+2
1.11999998E+1 1.01343107E+0 1.13000002E+1 2.93285000E+2
1.21999998E+1 1.01343107E+0 1.23000002E+1 2.93285000E+2
1.31999998E+1 1.01343107E+0 1.33000002E+1 2.93222500E+2
1.41999998E+1 1.01465201E+0 1.43000002E+1 2.93285000E+2
1.53000002E+1 1.01465201E+0 1.53000002E+1 2.93285000E+2
1.62999992E+1 1.01343107E+0 1.62999992E+1 2.93285000E+2
1.72000008E+1 1.01343107E+0 1.72999992E+1 2.93285000E+2
1.82999992E+1 1.01465201E+0 1.82999992E+1 2.93285000E+2
1.92999992E+1 1.01343107E+0 1.92999992E+1 2.93285000E+2
2.02999992E+1 1.01343107E+0 2.02999992E+1 2.93285000E+2
2.12999992E+1 1.01343107E+0 2.12999992E+1 2.93285000E+2
2.22999992E+1 1.01465201E+0 2.23999996E+1 2.93285000E+2
2.32999992E+1 1.01465201E+0 2.33999996E+1 2.93222500E+2
2.42999992E+1 1.01465201E+0 2.43999996E+1 2.93285000E+2
2.52999992E+1 1.01343107E+0 2.53999996E+1 2.93285000E+2
2.62999992E+1 1.01343107E+0 2.63999996E+1 2.93285000E+2
2.72999992E+1 1.01465201E+0 2.73999996E+1 2.93285000E+2
2.83999996E+1 1.01343107E+0 2.83999996E+1 2.93285000E+2
2.93999996E+1 1.01465201E+0 2.93999996E+1 2.93285000E+2
3.03999996E+1 1.01465201E+0 3.03999996E+1 2.93285000E+2
3.13999996E+1 1.01465201E+0 3.13999996E+1 2.93285000E+2
3.24000015E+1 1.01343107E+0 3.24000015E+1 2.93285000E+2
3.34000015E+1 1.01343107E+0 3.34000015E+1 2.93222500E+2
3.44000015E+1 1.01465201E+0 3.44000015E+1 2.93222500E+2
3.54000015E+1 1.01221001E+0 3.54000015E+1 2.93285000E+2
3.64000015E+1 1.01343107E+0 3.64000015E+1 2.93222500E+2
3.74000015E+1 1.01343107E+0 3.74000015E+1 2.93285000E+2
3.84000015E+1 1.01465201E+0 3.84000015E+1 2.93222500E+2
3.94000015E+1 1.01465201E+0 3.94000015E+1 2.93222500E+2
4.04000015E+1 1.01465201E+0 4.04000015E+1 2.93222500E+2
4.14000015E+1 1.01343107E+0 4.14000015E+1 2.93222500E+2
4.24000015E+1 1.01465201E+0 4.24000015E+1 2.93222500E+2
4.34000015E+1 1.01465201E+0 4.34000015E+1 2.93285000E+2
4.44000015E+1 1.01465201E+0 4.44000015E+1 2.93285000E+2
4.54000015E+1 1.01465201E+0 4.54000015E+1 2.93222500E+2
4.64000015E+1 1.01465201E+0 4.64000015E+1 2.93222500E+2
4.74000015E+1 1.01343107E+0 4.74000015E+1 2.93285000E+2
4.84000015E+1 1.01465201E+0 4.84000015E+1 2.93222500E+2
4.94000015E+1 1.01343107E+0 4.94000015E+1 2.93222500E+2
5.04000015E+1 1.01343107E+0 5.04000015E+1 2.93285000E+2
5.14000015E+1 1.01343107E+0 5.14000015E+1 2.93222500E+2
5.24000015E+1 1.01465201E+0 5.24000015E+1 2.93222500E+2
5.34000015E+1 1.01343107E+0 5.34000015E+1 2.93285000E+2
5.44000015E+1 1.01343107E+0 5.44000015E+1 2.93222500E+2
5.54000015E+1 1.01465201E+0 5.54000015E+1 2.93222500E+2
5.64000015E+1 1.01465201E+0 5.64000015E+1 2.93222500E+2
5.74000015E+1 1.01221001E+0 5.74000015E+1 2.93222500E+2
5.84000015E+1 1.01465201E+0 5.84000015E+1 2.93222500E+2
5.94000015E+1 1.01465201E+0 5.94000015E+1 2.93285000E+2
6.04000015E+1 1.01465201E+0 6.04000015E+1 2.93222500E+2
6.14000015E+1 1.01465201E+0 6.14000015E+1 2.93222500E+2
6.24000015E+1 1.01465201E+0 6.24000015E+1 2.93222500E+2
6.34000015E+1 1.01221001E+0 6.34000015E+1 2.93222500E+2
6.44000015E+1 1.01465201E+0 6.44000015E+1 2.93222500E+2
6.54000015E+1 1.01465201E+0 6.54000015E+1 2.93222500E+2
6.64000015E+1 1.01465201E+0 6.64000015E+1 2.93222500E+2
6.74000015E+1 1.01343107E+0 6.74000015E+1 2.93222500E+2
6.84000015E+1 1.01465201E+0 6.84000015E+1 2.93222500E+2
6.94000015E+1 1.01221001E+0 6.94000015E+1 2.93222500E+2
7.04000015E+1 1.01343107E+0 7.04000015E+1 2.93222500E+2
7.14000015E+1 1.01465201E+0 7.14000015E+1 2.93222500E+2
7.24000015E+1 1.09157515E+0 7.24000015E+1 2.93222500E+2
7.34000015E+1 1.01221001E+0 7.34000015E+1 2.93222500E+2
7.44000015E+1 1.01465201E+0 7.44000015E+1 2.93222500E+2
7.54000015E+1 1.01343107E+0 7.54000015E+1 2.93222500E+2
7.64000015E+1 1.01465201E+0 7.64000015E+1 2.93222500E+2
7.74000015E+1 1.01343107E+0 7.74000015E+1 2.93222500E+2
7.84000015E+1 1.01343107E+0 7.85000000E+1 2.93222500E+2
7.94000015E+1 1.09157515E+0 7.95000000E+1 2.93222500E+2
8.04000015E+1 1.01465201E+0 8.05000000E+1 2.93222500E+2
8.14000015E+1 1.01465201E+0 8.15000000E+1 2.93222500E+2
8.24000015E+1 1.01343107E+0 8.25000000E+1 2.93222500E+2
8.34000015E+1 1.01343107E+0 8.35000000E+1 2.93222500E+2
8.45000000E+1 1.01343107E+0 8.45000000E+1 2.93222500E+2
8.55000000E+1 1.01465201E+0 8.55000000E+1 2.93222500E+2
8.65000000E+1 1.01343107E+0 8.65000000E+1 2.93222500E+2
8.75000000E+1 1.01343107E+0 8.75999985E+1 2.93222500E+2
8.85000000E+1 1.01465201E+0 8.85000000E+1 2.93222500E+2
8.95000000E+1 1.01465201E+0 8.95000000E+1 2.93222500E+2
9.05000000E+1 1.01343107E+0 9.05000000E+1 2.93222500E+2
9.15000000E+1 1.01343107E+0 9.15999985E+1 2.93222500E+2
9.25000000E+1 1.01465201E+0 9.25000000E+1 2.93222500E+2
9.35000000E+1 1.01343107E+0 9.35999985E+1 2.93222500E+2
9.45000000E+1 1.01343107E+0 9.45000000E+1 2.93222500E+2
9.55000000E+1 1.01465201E+0 9.55000000E+1 2.93222500E+2
9.65000000E+1 1.01343107E+0 9.65000000E+1 2.93222500E+2
9.75000000E+1 1.01343107E+0 9.75999985E+1 2.93222500E+2
9.85000000E+1 1.01465201E+0 9.85000000E+1 2.93222500E+2
9.95000000E+1 1.01343107E+0 9.95000000E+1 2.93222500E+2
1.00500000E+2 1.01221001E+0 1.00500000E+2 2.93222500E+2
1.01500000E+2 1.01343107E+0 1.01500000E+2 2.93222500E+2
1.02500000E+2 1.01465201E+0 1.02500000E+2 2.93222500E+2
1.03500000E+2 1.01343107E+0 1.03500000E+2 2.93222500E+2
1.04500000E+2 1.01465201E+0 1.04500000E+2 2.93222500E+2
1.05500000E+2 1.01465201E+0 1.05599998E+2 2.93222500E+2
1.06500000E+2 1.01465201E+0 1.06500000E+2 2.93222500E+2
1.07500000E+2 1.01709402E+0 1.07500000E+2 2.93222500E+2
1.08500000E+2 1.01465201E+0 1.08599998E+2 2.93222500E+2
1.09500000E+2 1.01343107E+0 1.09500000E+2 2.93222500E+2
1.10500000E+2 1.01343107E+0 1.10500000E+2 2.93222500E+2
1.11500000E+2 1.01343107E+0 1.11500000E+2 2.93222500E+2
1.12500000E+2 1.01465201E+0 1.12500000E+2 2.93222500E+2
1.13500000E+2 1.01343107E+0 1.13500000E+2 2.93222500E+2
1.14500000E+2 1.01343107E+0 1.14500000E+2 2.93222500E+2
1.15500000E+2 1.01343107E+0 1.15500000E+2 2.93222500E+2
1.16500000E+2 1.01465201E+0 1.16500000E+2 2.93222500E+2
1.17500000E+2 1.01465201E+0 1.17500000E+2 2.93222500E+2
1.18500000E+2 1.01343107E+0 1.18500000E+2 2.93222500E+2
1.19500000E+2 1.01465201E+0 1.19500000E+2 2.93222500E+2
1.20500000E+2 1.01465201E+0 1.20500000E+2 2.93222500E+2
1.21500000E+2 1.01465201E+0 1.21500000E+2 2.93222500E+2
1.22500000E+2 1.01465201E+0 1.22500000E+2 2.93222500E+2
1.23500000E+2 1.01465201E+0 1.23500000E+2 2.93222500E+2
1.24500000E+2 1.01343107E+0 1.24599998E+2 2.93222500E+2
1.25500000E+2 1.01465201E+0 1.25500000E+2 2.93222500E+2
1.26500000E+2 1.01465201E+0 1.26500000E+2 2.93222500E+2
1.27500000E+2 1.01465201E+0 1.27599998E+2 2.93222500E+2
1.28500000E+2 1.01465201E+0 1.28500000E+2 2.93222500E+2
1.29500000E+2 1.01465201E+0 1.29600006E+2 2.93222500E+2
1.30500000E+2 1.01343107E+0 1.30500000E+2 2.93222500E+2
1.31500000E+2 1.01465201E+0 1.31500000E+2 2.93222500E+2
1.32500000E+2 1.01465201E+0 1.32500000E+2 2.93222500E+2
1.33500000E+2 1.01465201E+0 1.33500000E+2 2.93222500E+2
1.34500000E+2 1.01343107E+0 1.34500000E+2 2.93222500E+2
1.35500000E+2 1.01343107E+0 1.35600006E+2 2.93222500E+2
1.36500000E+2 1.01343107E+0 1.36500000E+2 2.93222500E+2
1.37500000E+2 1.01465201E+0 1.37500000E+2 2.93222500E+2
1.38500000E+2 1.01465201E+0 1.38500000E+2 2.93222500E+2
1.39500000E+2 1.01343107E+0 1.39500000E+2 2.93222500E+2
1.40500000E+2 1.01343107E+0 1.40500000E+2 2.93222500E+2
1.41500000E+2 1.09157515E+0 1.41500000E+2 2.93222500E+2
1.42500000E+2 1.01465201E+0 1.42500000E+2 2.93222500E+2
1.43500000E+2 1.01465201E+0 1.43600006E+2 2.93222500E+2
1.44500000E+2 1.01343107E+0 1.44500000E+2 2.93222500E+2
1.45500000E+2 1.01343107E+0 1.45500000E+2 2.93222500E+2
1.46500000E+2 1.01343107E+0 1.46500000E+2 2.93222500E+2
1.47500000E+2 1.01343107E+0 1.47600006E+2 2.93222500E+2
1.48500000E+2 1.01221001E+0 1.48500000E+2 2.93222500E+2
1.49500000E+2 1.01465201E+0 1.49500000E+2 2.93222500E+2
1.50500000E+2 1.01465201E+0 1.50600006E+2 2.93222500E+2
1.51500000E+2 1.01465201E+0 1.51500000E+2 2.93222500E+2
1.52500000E+2 1.01465201E+0 1.52600006E+2 2.93222500E+2
1.53500000E+2 1.01465201E+0 1.53500000E+2 2.93222500E+2
1.54500000E+2 1.01465201E+0 1.54600006E+2 2.93222500E+2
1.55500000E+2 1.01465201E+0 1.55500000E+2 2.93222500E+2
1.56500000E+2 1.01343107E+0 1.56500000E+2 2.93222500E+2
1.57500000E+2 1.01343107E+0 1.57500000E+2 2.93222500E+2
1.58500000E+2 1.01343107E+0 1.58500000E+2 2.93222500E+2
1.59500000E+2 1.01465201E+0 1.59600006E+2 2.93222500E+2
1.60500000E+2 1.01465201E+0 1.60500000E+2 2.93222500E+2
1.61500000E+2 1.01465201E+0 1.61500000E+2 2.93222500E+2
1.62500000E+2 1.01465201E+0 1.62600006E+2 2.93222500E+2
1.63500000E+2 1.01343107E+0 1.63500000E+2 2.93222500E+2
1.64500000E+2 1.01343107E+0 1.64500000E+2 2.93222500E+2
1.65500000E+2 1.01465201E+0 1.65600006E+2 2.93222500E+2
1.66500000E+2 1.01465201E+0 1.66600006E+2 2.93222500E+2
1.67500000E+2 1.01343107E+0 1.67600006E+2 2.93222500E+2
1.68500000E+2 1.01465201E+0 1.68600006E+2 2.93222500E+2
1.69500000E+2 1.01465201E+0 1.69600006E+2 2.93222500E+2
1.70500000E+2 1.01465201E+0 1.70600006E+2 2.93222500E+2
1.71500000E+2 1.01465201E+0 1.71600006E+2 2.93222500E+2
1.72600006E+2 1.01465201E+0 1.72600006E+2 2.93222500E+2
1.73600006E+2 1.01465201E+0 1.73699997E+2 2.93222500E+2
1.74600006E+2 1.01343107E+0 1.74699997E+2 2.93222500E+2
1.75600006E+2 1.01343107E+0 1.75699997E+2 2.93222500E+2
1.76600006E+2 1.01343107E+0 1.76699997E+2 2.93222500E+2
1.77600006E+2 1.01465201E+0 1.77699997E+2 2.93222500E+2
1.78600006E+2 1.01465201E+0 1.78699997E+2 2.93222500E+2
1.79600006E+2 1.01465201E+0 1.79699997E+2 2.93222500E+2
1.80600006E+2 1.01465201E+0 1.80699997E+2 2.93222500E+2
1.81600006E+2 1.01465201E+0 1.81699997E+2 2.93222500E+2
1.82600006E+2 1.01343107E+0 1.82699997E+2 2.93222500E+2
1.83600006E+2 1.01343107E+0 1.83699997E+2 2.93222500E+2
1.84600006E+2 1.01465201E+0 1.84699997E+2 2.93222500E+2
1.85600006E+2 1.01343107E+0 1.85699997E+2 2.93222500E+2
1.86600006E+2 1.01465201E+0 1.86699997E+2 2.93222500E+2
1.87600006E+2 1.01343107E+0 1.87699997E+2 2.93222500E+2
1.88600006E+2 1.01465201E+0 1.88699997E+2 2.93222500E+2
1.89600006E+2 1.01343107E+0 1.89699997E+2 2.93222500E+2
1.90600006E+2 1.01343107E+0 1.90699997E+2 2.93222500E+2
1.91600006E+2 1.01343107E+0 1.91699997E+2 2.93222500E+2
1.92600006E+2 1.01343107E+0 1.92699997E+2 2.93222500E+2
1.93600006E+2 1.01709402E+0 1.93699997E+2 2.93222500E+2
1.94600006E+2 1.01465201E+0 1.94699997E+2 2.93222500E+2
1.95600006E+2 1.01465201E+0 1.95699997E+2 2.93285000E+2
1.96600006E+2 1.01343107E+0 1.96699997E+2 2.93222500E+2
1.97600006E+2 1.01465201E+0 1.97699997E+2 2.93222500E+2
1.98600006E+2 1.01465201E+0 1.98699997E+2 2.93222500E+2
1.99600006E+2 1.01465201E+0 1.99699997E+2 2.93222500E+2
2.00600006E+2 1.01343107E+0 2.00699997E+2 2.93222500E+2
2.01600006E+2 1.01465201E+0 2.01699997E+2 2.93222500E+2
2.02600006E+2 1.01465201E+0 2.02699997E+2 2.93222500E+2
2.03600006E+2 1.01465201E+0 2.03699997E+2 2.93222500E+2
2.04600006E+2 1.01343107E+0 2.04699997E+2 2.93222500E+2
2.05600006E+2 1.01343107E+0 2.05699997E+2 2.93222500E+2
2.06600006E+2 1.01221001E+0 2.06699997E+2 2.93222500E+2
2.07600006E+2 1.01465201E+0 2.07699997E+2 2.93222500E+2
2.08600006E+2 1.01465201E+0 2.08699997E+2 2.93222500E+2
2.09600006E+2 1.01465201E+0 2.09699997E+2 2.93222500E+2
2.10600006E+2 1.01465201E+0 2.10699997E+2 2.93222500E+2
2.11600006E+2 1.01343107E+0 2.11699997E+2 2.93222500E+2
2.12600006E+2 1.01465201E+0 2.12699997E+2 2.93222500E+2
2.13600006E+2 1.01343107E+0 2.13699997E+2 2.93222500E+2
2.14600006E+2 1.01465201E+0 2.14699997E+2 2.93222500E+2
2.15600006E+2 1.01343107E+0 2.15699997E+2 2.93222500E+2
2.16600006E+2 1.01343107E+0 2.16699997E+2 2.93222500E+2
2.17600006E+2 1.01343107E+0 2.17699997E+2 2.93222500E+2
2.18600006E+2 1.01465201E+0 2.18699997E+2 2.93222500E+2
2.19600006E+2 1.01465201E+0 2.19699997E+2 2.93222500E+2
2.20600006E+2 1.01343107E+0 2.20699997E+2 2.93222500E+2
2.21600006E+2 1.01343107E+0 2.21699997E+2 2.93222500E+2
2.22600006E+2 1.01465201E+0 2.22699997E+2 2.93222500E+2
2.23600006E+2 1.01343107E+0 2.23699997E+2 2.93222500E+2
2.24600006E+2 1.01343107E+0 2.24699997E+2 2.93222500E+2
2.25600006E+2 1.01343107E+0 2.25699997E+2 2.93222500E+2
2.26600006E+2 1.01343107E+0 2.26699997E+2 2.93222500E+2
2.27600006E+2 1.01465201E+0 2.27699997E+2 2.93222500E+2
2.28600006E+2 1.01465201E+0 2.28699997E+2 2.93222500E+2
2.29600006E+2 1.01465201E+0 2.29699997E+2 2.93222500E+2
2.30600006E+2 1.01465201E+0 2.30699997E+2 2.93222500E+2
2.31600006E+2 1.01465201E+0 2.31699997E+2 2.93222500E+2
2.32600006E+2 1.01343107E+0 2.32699997E+2 2.93222500E+2
2.33600006E+2 1.01465201E+0 2.33699997E+2 2.93222500E+2
2.34600006E+2 1.01465201E+0 2.34699997E+2 2.93222500E+2
2.35600006E+2 1.01465201E+0 2.35699997E+2 2.93222500E+2
2.36600006E+2 1.01343107E+0 2.36699997E+2 2.93222500E+2
2.37600006E+2 1.01465201E+0 2.37699997E+2 2.93222500E+2
2.38600006E+2 1.01465201E+0 2.38699997E+2 2.93285000E+2
2.39600006E+2 1.01343107E+0 2.39699997E+2 2.93222500E+2
2.40600006E+2 1.01343107E+0 2.40699997E+2 2.93222500E+2
2.41600006E+2 1.01465201E+0 2.41699997E+2 2.93222500E+2
2.42600006E+2 1.01465201E+0 2.42699997E+2 2.93222500E+2
2.43600006E+2 1.01343107E+0 2.43699997E+2 2.93222500E+2
2.44600006E+2 1.01465201E+0 2.44699997E+2 2.93222500E+2
2.45600006E+2 1.01465201E+0 2.45699997E+2 2.93222500E+2
2.46600006E+2 1.01465201E+0 2.46699997E+2 2.93222500E+2
2.47600006E+2 1.01343107E+0 2.47699997E+2 2.93222500E+2
2.48699997E+2 1.01343107E+0 2.48699997E+2 2.93222500E+2
2.49699997E+2 1.01343107E+0 2.49699997E+2 2.93222500E+2
2.50699997E+2 1.01343107E+0 2.50800003E+2 2.93222500E+2
2.51699997E+2 1.01343107E+0 2.51699997E+2 2.93222500E+2
2.52699997E+2 1.01465201E+0 2.52800003E+2 2.93222500E+2
2.53699997E+2 1.01465201E+0 2.53800003E+2 2.93222500E+2
2.54699997E+2 1.01465201E+0 2.54800003E+2 2.93222500E+2
2.55699997E+2 1.01465201E+0 2.55800003E+2 2.93222500E+2
2.56700012E+2 1.01343107E+0 2.56799988E+2 2.93222500E+2
2.57700012E+2 1.09157515E+0 2.57799988E+2 2.93222500E+2
2.58700012E+2 1.01343107E+0 2.58799988E+2 2.93285000E+2
2.59700012E+2 1.01465201E+0 2.59799988E+2 2.93222500E+2
2.60700012E+2 1.01465201E+0 2.60799988E+2 2.93222500E+2
2.61700012E+2 1.01465201E+0 2.61799988E+2 2.93222500E+2
2.62700012E+2 1.01465201E+0 2.62799988E+2 2.93222500E+2
2.63700012E+2 1.01465201E+0 2.63799988E+2 2.93222500E+2
2.64700012E+2 1.01343107E+0 2.64799988E+2 2.93222500E+2
2.65700012E+2 1.01465201E+0 2.65799988E+2 2.93222500E+2
2.66799988E+2 1.01465201E+0 2.66799988E+2 2.93222500E+2
2.67700012E+2 1.01343107E+0 2.67799988E+2 2.93222500E+2
2.68700012E+2 1.01465201E+0 2.68799988E+2 2.93222500E+2
2.69700012E+2 1.01343107E+0 2.69799988E+2 2.93222500E+2
2.70700012E+2 1.01465201E+0 2.70799988E+2 2.93222500E+2
2.71700012E+2 1.01221001E+0 2.71799988E+2 2.93222500E+2
2.72700012E+2 1.01221001E+0 2.72799988E+2 2.93222500E+2
2.73700012E+2 1.01465201E+0 2.73799988E+2 2.93222500E+2
2.74700012E+2 1.01465201E+0 2.74799988E+2 2.93222500E+2
2.75700012E+2 1.01343107E+0 2.75799988E+2 2.93222500E+2
2.76700012E+2 1.01343107E+0 2.76799988E+2 2.93222500E+2
2.77700012E+2 1.01465201E+0 2.77799988E+2 2.93222500E+2
2.78700012E+2 1.01465201E+0 2.78799988E+2 2.93222500E+2
2.79700012E+2 1.01465201E+0 2.79799988E+2 2.93222500E+2
2.80799988E+2 1.01343107E+0 2.80799988E+2 2.93222500E+2
2.81700012E+2 1.01465201E+0 2.81799988E+2 2.93222500E+2
2.82700012E+2 1.01343107E+0 2.82799988E+2 2.93222500E+2
2.83700012E+2 1.01465201E+0 2.83799988E+2 2.93222500E+2
2.84700012E+2 1.01465201E+0 2.84799988E+2 2.93222500E+2
2.85700012E+2 1.01465201E+0 2.85799988E+2 2.93222500E+2
2.86700012E+2 1.01343107E+0 2.86799988E+2 2.93222500E+2
2.87700012E+2 1.01465201E+0 2.87799988E+2 2.93222500E+2
2.88700012E+2 1.01465201E+0 2.88799988E+2 2.93222500E+2
2.89700012E+2 1.01343107E+0 2.89799988E+2 2.93222500E+2
2.90700012E+2 1.01221001E+0 2.90799988E+2 2.93222500E+2
2.91700012E+2 1.01343107E+0 2.91799988E+2 2.93222500E+2
2.92700012E+2 1.01465201E+0 2.92799988E+2 2.93222500E+2
2.93799988E+2 1.01465201E+0 2.93799988E+2 2.93222500E+2
2.94700012E+2 1.01343107E+0 2.94799988E+2 2.93222500E+2
2.95700012E+2 1.01343107E+0 2.95799988E+2 2.93222500E+2
2.96700012E+2 1.01465201E+0 2.96799988E+2 2.93222500E+2
2.97700012E+2 1.01343107E+0 2.97799988E+2 2.93222500E+2
2.98700012E+2 1.09157515E+0 2.98799988E+2 2.93222500E+2
2.99700012E+2 1.01465201E+0 2.99799988E+2 2.93222500E+2
3.00799988E+2 1.01343107E+0 3.00799988E+2 2.93222500E+2
3.01700012E+2 1.01465201E+0 3.01799988E+2 2.93222500E+2
3.02700012E+2 1.01343107E+0 3.02799988E+2 2.93285000E+2
3.03700012E+2 1.01343107E+0 3.03799988E+2 2.93222500E+2
3.04799988E+2 1.01221001E+0 3.04799988E+2 2.93222500E+2
3.05700012E+2 1.01465201E+0 3.05799988E+2 2.93222500E+2
3.06700012E+2 1.01465201E+0 3.06799988E+2 2.93222500E+2
3.07700012E+2 1.01465201E+0 3.07799988E+2 2.93222500E+2
3.08799988E+2 1.01343107E+0 3.08799988E+2 2.93222500E+2
3.09799988E+2 1.01465201E+0 3.09799988E+2 2.93222500E+2
3.10700012E+2 1.01465201E+0 3.10799988E+2 2.93222500E+2
3.11700012E+2 1.01465201E+0 3.11799988E+2 2.93222500E+2
3.12799988E+2 1.01465201E+0 3.12799988E+2 2.93222500E+2
3.13700012E+2 1.01221001E+0 3.13799988E+2 2.93222500E+2
3.14700012E+2 1.01465201E+0 3.14799988E+2 2.93222500E+2
3.15700012E+2 1.01343107E+0 3.15799988E+2 2.93222500E+2
3.16700012E+2 1.01465201E+0 3.16799988E+2 2.93222500E+2
3.17700012E+2 1.01465201E+0 3.17799988E+2 2.93285000E+2
3.18799988E+2 1.01465201E+0 3.18799988E+2 2.93222500E+2
3.19700012E+2 1.01465201E+0 3.19799988E+2 2.93222500E+2
3.20799988E+2 1.01465201E+0 3.20799988E+2 2.93222500E+2
3.21700012E+2 1.01465201E+0 3.21799988E+2 2.93222500E+2
3.22799988E+2 1.01343107E+0 3.22799988E+2 2.93222500E+2
3.23700012E+2 1.01221001E+0 3.23799988E+2 2.93222500E+2
3.24700012E+2 1.01465201E+0 3.24799988E+2 2.93222500E+2
3.25799988E+2 1.01465201E+0 3.25799988E+2 2.93222500E+2
3.26700012E+2 1.01343107E+0 3.26799988E+2 2.93222500E+2
3.27700012E+2 1.01343107E+0 3.27799988E+2 2.93222500E+2
3.28700012E+2 1.01465201E+0 3.28799988E+2 2.93222500E+2
3.29700012E+2 1.01465201E+0 3.29799988E+2 2.93222500E+2
3.30700012E+2 1.01465201E+0 3.30799988E+2 2.93222500E+2
3.31700012E+2 1.01465201E+0 3.31799988E+2 2.93222500E+2
3.32700012E+2 1.01465201E+0 3.32799988E+2 2.93222500E+2
3.33700012E+2 1.01465201E+0 3.33799988E+2 2.93222500E+2
3.34700012E+2 1.01343107E+0 3.34799988E+2 2.93222500E+2
3.35799988E+2 1.01465201E+0 3.35799988E+2 2.93222500E+2
3.36700012E+2 1.01465201E+0 3.36799988E+2 2.93222500E+2
3.37700012E+2 1.01465201E+0 3.37799988E+2 2.93222500E+2
3.38799988E+2 1.01343107E+0 3.38799988E+2 2.93222500E+2
3.39700012E+2 1.01465201E+0 3.39799988E+2 2.93222500E+2
3.40700012E+2 1.01221001E+0 3.40799988E+2 2.93222500E+2
3.41700012E+2 1.01465201E+0 3.41799988E+2 2.93222500E+2
3.42700012E+2 1.01343107E+0 3.42799988E+2 2.93222500E+2
3.43700012E+2 1.01465201E+0 3.43799988E+2 2.93222500E+2
3.44799988E+2 1.01465201E+0 3.44799988E+2 2.93285000E+2
3.45700012E+2 1.01465201E+0 3.45799988E+2 2.93222500E+2
3.46799988E+2 1.01465201E+0 3.46799988E+2 2.93222500E+2
3.47700012E+2 1.01465201E+0 3.47799988E+2 2.93285000E+2
3.48700012E+2 1.01343107E+0 3.48799988E+2 2.93222500E+2
3.49700012E+2 1.01465201E+0 3.49799988E+2 2.93285000E+2
3.50700012E+2 1.01465201E+0 3.50799988E+2 2.93222500E+2
3.51799988E+2 1.01343107E+0 3.51799988E+2 2.93222500E+2
3.52700012E+2 1.01343107E+0 3.52799988E+2 2.93285000E+2
3.53700012E+2 1.01343107E+0 3.53799988E+2 2.93222500E+2
3.54799988E+2 1.01465201E+0 3.54799988E+2 2.93222500E+2
3.55700012E+2 1.01465201E+0 3.55799988E+2 2.93222500E+2
3.56700012E+2 1.01465201E+0 3.56799988E+2 2.93222500E+2
3.57700012E+2 1.01343107E+0 3.57799988E+2 2.93222500E+2
3.58700012E+2 1.01465201E+0 3.58799988E+2 2.93222500E+2
3.59700012E+2 1.01465201E+0 3.59799988E+2 2.93222500E+2
3.60799988E+2 1.01465201E+0 3.60799988E+2 2.93222500E+2
3.61700012E+2 1.01465201E+0 3.61799988E+2 2.93222500E+2
3.62799988E+2 1.01465201E+0 3.62799988E+2 2.93285000E+2
3.63700012E+2 1.09157515E+0 3.63799988E+2 2.93285000E+2
3.64700012E+2 1.01465201E+0 3.64799988E+2 2.93222500E+2
3.65700012E+2 1.01465201E+0 3.65799988E+2 2.93222500E+2
3.66700012E+2 1.01465201E+0 3.66799988E+2 2.93222500E+2
3.67700012E+2 1.01221001E+0 3.67799988E+2 2.93222500E+2
3.68700012E+2 1.01343107E+0 3.68799988E+2 2.93222500E+2
3.69700012E+2 1.01465201E+0 3.69799988E+2 2.93222500E+2
3.70700012E+2 1.01465201E+0 3.70799988E+2 2.93285000E+2
3.71799988E+2 1.09279609E+0 3.71799988E+2 2.93222500E+2
3.72700012E+2 1.01465201E+0 3.72799988E+2 2.93222500E+2
3.73799988E+2 1.01465201E+0 3.73799988E+2 2.93222500E+2
3.74700012E+2 1.01465201E+0 3.74799988E+2 2.93222500E+2
3.75700012E+2 1.09279609E+0 3.75799988E+2 2.93222500E+2
3.76700012E+2 1.01465201E+0 3.76799988E+2 2.93222500E+2
3.77700012E+2 1.01465201E+0 3.77799988E+2 2.93222500E+2
3.78700012E+2 1.01343107E+0 3.78799988E+2 2.93222500E+2
3.79700012E+2 1.01465201E+0 3.79799988E+2 2.93222500E+2
3.80700012E+2 1.01465201E+0 3.80799988E+2 2.93222500E+2
3.81799988E+2 1.01465201E+0 3.81799988E+2 2.93222500E+2
3.82700012E+2 1.01343107E+0 3.82799988E+2 2.93222500E+2
3.83700012E+2 1.01343107E+0 3.83799988E+2 2.93285000E+2
3.84700012E+2 1.01221001E+0 3.84799988E+2 2.93222500E+2
3.85700012E+2 1.01465201E+0 3.85799988E+2 2.93222500E+2
3.86799988E+2 1.01343107E+0 3.86799988E+2 2.93222500E+2
3.87799988E+2 1.01465201E+0 3.87799988E+2 2.93222500E+2
3.88700012E+2 1.01465201E+0 3.88799988E+2 2.93222500E+2
3.89700012E+2 1.01343107E+0 3.89799988E+2 2.93222500E+2
3.90799988E+2 1.01343107E+0 3.90899994E+2 2.93222500E+2
3.91700012E+2 1.01465201E+0 3.91799988E+2 2.93222500E+2
3.92700012E+2 1.01343107E+0 3.92799988E+2 2.93222500E+2
3.93700012E+2 1.01343107E+0 3.93799988E+2 2.93222500E+2
3.94700012E+2 1.01465201E+0 3.94799988E+2 2.93222500E+2
3.95700012E+2 1.01465201E+0 3.95799988E+2 2.93222500E+2
3.96700012E+2 1.01343107E+0 3.96799988E+2 2.93222500E+2
3.97700012E+2 1.01465201E+0 3.97799988E+2 2.93285000E+2
3.98799988E+2 1.01221001E+0 3.98899994E+2 2.93285000E+2
3.99700012E+2 1.01465201E+0 3.99799988E+2 2.93285000E+2
4.00700012E+2 1.01465201E+0 4.00799988E+2 2.93222500E+2
4.01700012E+2 1.01465201E+0 4.01799988E+2 2.93222500E+2
4.02700012E+2 1.01465201E+0 4.02799988E+2 2.93222500E+2
4.03799988E+2 1.01343107E+0 4.03799988E+2 2.93285000E+2
4.04700012E+2 1.01465201E+0 4.04799988E+2 2.93222500E+2
4.05799988E+2 1.01465201E+0 4.05799988E+2 2.93285000E+2
4.06700012E+2 1.01343107E+0 4.06799988E+2 2.93222500E+2
4.07799988E+2 1.01465201E+0 4.07799988E+2 2.93222500E+2
4.08700012E+2 1.01343107E+0 4.08799988E+2 2.93222500E+2
4.09799988E+2 1.01465201E+0 4.09799988E+2 2.93285000E+2
4.10700012E+2 1.01465201E+0 4.10799988E+2 2.93222500E+2
4.11700012E+2 1.01343107E+0 4.11799988E+2 2.93222500E+2
4.12700012E+2 1.01465201E+0 4.12799988E+2 2.93222500E+2
4.13700012E+2 1.01465201E+0 4.13799988E+2 2.93222500E+2
4.14700012E+2 1.01465201E+0 4.14799988E+2 2.93285000E+2
4.15700012E+2 1.01465201E+0 4.15799988E+2 2.93285000E+2
4.16700012E+2 1.01465201E+0 4.16799988E+2 2.93222500E+2
4.17799988E+2 1.09157515E+0 4.17799988E+2 2.93222500E+2
4.18700012E+2 1.01465201E+0 4.18799988E+2 2.93222500E+2
4.19700012E+2 1.01343107E+0 4.19799988E+2 2.93222500E+2
4.20700012E+2 1.01343107E+0 4.20799988E+2 2.93285000E+2
4.21700012E+2 1.01465201E+0 4.21799988E+2 2.93222500E+2
4.22799988E+2 1.01465201E+0 4.22799988E+2 2.93222500E+2
4.23700012E+2 1.01465201E+0 4.23799988E+2 2.93285000E+2
4.24799988E+2 1.01343107E+0 4.24799988E+2 2.93222500E+2
4.25799988E+2 1.01465201E+0 4.25799988E+2 2.93285000E+2
4.26700012E+2 1.01343107E+0 4.26799988E+2 2.93222500E+2
4.27700012E+2 1.01098907E+0 4.27799988E+2 2.93222500E+2
4.28700012E+2 1.01221001E+0 4.28799988E+2 2.93285000E+2
4.29799988E+2 1.01343107E+0 4.29799988E+2 2.93285000E+2
4.30700012E+2 1.01465201E+0 4.30799988E+2 2.93222500E+2
4.31700012E+2 1.01465201E+0 4.31799988E+2 2.93222500E+2
4.32700012E+2 1.01343107E+0 4.32799988E+2 2.93222500E+2
4.33700012E+2 1.01465201E+0 4.33799988E+2 2.93285000E+2
4.34700012E+2 1.01465201E+0 4.34799988E+2 2.93285000E+2
4.35700012E+2 1.01465201E+0 4.35799988E+2 2.93222500E+2
4.36700012E+2 1.01343107E+0 4.36799988E+2 2.93222500E+2
4.37700012E+2 1.01465201E+0 4.37799988E+2 2.93222500E+2
4.38700012E+2 1.01465201E+0 4.38799988E+2 2.93285000E+2
4.39700012E+2 1.01465201E+0 4.39799988E+2 2.93285000E+2
4.40700012E+2 1.01343107E+0 4.40799988E+2 2.93222500E+2
4.41700012E+2 1.01465201E+0 4.41799988E+2 2.93285000E+2
4.42700012E+2 1.01465201E+0 4.42799988E+2 2.93285000E+2
4.43700012E+2 1.01343107E+0 4.43799988E+2 2.93285000E+2
4.44700012E+2 1.01343107E+0 4.44799988E+2 2.93285000E+2
4.45799988E+2 1.01465201E+0 4.45799988E+2 2.93222500E+2
4.46700012E+2 1.01465201E+0 4.46799988E+2 2.93285000E+2
4.47700012E+2 1.01343107E+0 4.47799988E+2 2.93222500E+2
4.48700012E+2 1.01465201E+0 4.48799988E+2 2.93285000E+2
4.49799988E+2 1.01465201E+0 4.49799988E+2 2.93285000E+2
4.50700012E+2 1.01465201E+0 4.50799988E+2 2.93285000E+2
4.51700012E+2 1.01465201E+0 4.51799988E+2 2.93285000E+2
4.52799988E+2 1.01465201E+0 4.52799988E+2 2.93222500E+2
4.53700012E+2 1.01343107E+0 4.53799988E+2 2.93222500E+2
4.54700012E+2 1.01465201E+0 4.54799988E+2 2.93285000E+2
4.55700012E+2 1.01343107E+0 4.55799988E+2 2.93285000E+2
4.56700012E+2 1.01465201E+0 4.56799988E+2 2.93222500E+2
4.57799988E+2 1.01465201E+0 4.57799988E+2 2.93285000E+2
4.58799988E+2 1.01465201E+0 4.58799988E+2 2.93285000E+2
4.59700012E+2 1.01343107E+0 4.59799988E+2 2.93222500E+2
4.60799988E+2 1.01465201E+0 4.60799988E+2 2.93222500E+2
4.61700012E+2 1.01343107E+0 4.61799988E+2 2.93285000E+2
4.62799988E+2 1.01465201E+0 4.62799988E+2 2.93285000E+2
4.63700012E+2 1.01465201E+0 4.63799988E+2 2.93285000E+2
4.64799988E+2 1.01465201E+0 4.64799988E+2 2.93222500E+2
4.65700012E+2 1.01465201E+0 4.65799988E+2 2.93222500E+2
4.66700012E+2 1.01465201E+0 4.66799988E+2 2.93222500E+2
4.67700012E+2 1.01465201E+0 4.67799988E+2 2.93285000E+2
4.68799988E+2 1.01465201E+0 4.68799988E+2 2.93222500E+2
4.69700012E+2 1.01465201E+0 4.69799988E+2 2.93285000E+2
4.70700012E+2 1.01465201E+0 4.70799988E+2 2.93222500E+2
4.71700012E+2 1.01343107E+0 4.71799988E+2 2.93285000E+2
4.72700012E+2 1.01465201E+0 4.72799988E+2 2.93285000E+2
4.73799988E+2 1.01465201E+0 4.73799988E+2 2.93222500E+2
4.74700012E+2 1.01343107E+0 4.74799988E+2 2.93285000E+2
4.75700012E+2 1.01465201E+0 4.75799988E+2 2.93222500E+2
4.76700012E+2 1.01465201E+0 4.76799988E+2 2.93285000E+2
4.77700012E+2 1.01465201E+0 4.77799988E+2 2.93285000E+2
4.78700012E+2 1.01465201E+0 4.78799988E+2 2.93285000E+2
4.79700012E+2 1.01343107E+0 4.79799988E+2 2.93285000E+2
4.80700012E+2 1.01465201E+0 4.80799988E+2 2.93222500E+2
4.81700012E+2 1.01465201E+0 4.81799988E+2 2.93285000E+2
4.82700012E+2 1.01343107E+0 4.82799988E+2 2.93222500E+2
4.83799988E+2 1.01343107E+0 4.83799988E+2 2.93285000E+2
4.84700012E+2 1.01465201E+0 4.84799988E+2 2.93285000E+2
4.85700012E+2 1.01465201E+0 4.85799988E+2 2.93222500E+2
4.86700012E+2 1.01221001E+0 4.86799988E+2 2.93222500E+2
4.87799988E+2 1.01343107E+0 4.87799988E+2 2.93222500E+2
4.88700012E+2 1.01343107E+0 4.88799988E+2 2.93222500E+2
4.89700012E+2 1.01343107E+0 4.89799988E+2 2.93285000E+2
4.90700012E+2 1.01343107E+0 4.90799988E+2 2.93285000E+2
4.91700012E+2 1.01465201E+0 4.91799988E+2 2.93222500E+2
4.92700012E+2 1.01465201E+0 4.92799988E+2 2.93285000E+2
4.93700012E+2 1.01343107E+0 4.93799988E+2 2.93285000E+2
4.94799988E+2 1.01343107E+0 4.94799988E+2 2.93285000E+2
4.95700012E+2 1.01343107E+0 4.95799988E+2 2.93222500E+2
4.96700012E+2 1.01465201E+0 4.96799988E+2 2.93222500E+2
4.97700012E+2 1.01343107E+0 4.97799988E+2 2.93285000E+2
4.98700012E+2 1.01343107E+0 4.98799988E+2 2.93285000E+2
4.99700012E+2 1.01465201E+0 4.99799988E+2 2.93285000E+2
5.00799988E+2 1.01343107E+0 5.00799988E+2 2.93285000E+2
5.01700012E+2 1.01343107E+0 5.01799988E+2 2.93222500E+2
5.02700012E+2 1.01343107E+0 5.02799988E+2 2.93285000E+2
5.03700012E+2 1.01465201E+0 5.03799988E+2 2.93285000E+2
5.04700012E+2 1.01465201E+0 5.04799988E+2 2.93285000E+2
5.05700012E+2 1.01465201E+0 5.05799988E+2 2.93222500E+2
5.06700012E+2 1.01465201E+0 5.06799988E+2 2.93285000E+2
5.07700012E+2 1.01465201E+0 5.07799988E+2 2.93285000E+2
5.08700012E+2 1.01465201E+0 5.08799988E+2 2.93222500E+2
5.09700012E+2 1.01343107E+0 5.09799988E+2 2.93285000E+2
5.10700012E+2 1.01465201E+0 5.10799988E+2 2.93285000E+2
5.11700012E+2 1.01465201E+0 5.11799988E+2 2.93285000E+2
5.12700012E+2 1.01465201E+0 5.12799988E+2 2.93285000E+2
5.13700012E+2 1.01343107E+0 5.13799988E+2 2.93285000E+2
5.14700012E+2 1.01465201E+0 5.14799988E+2 2.93285000E+2
5.15799988E+2 1.01343107E+0 5.15799988E+2 2.93285000E+2
5.16700012E+2 1.01465201E+0 5.16799988E+2 2.93285000E+2
5.17799988E+2 1.01343107E+0 5.17799988E+2 2.93285000E+2
5.18799988E+2 1.01465201E+0 5.18799988E+2 2.93285000E+2
5.19799988E+2 1.01465201E+0 5.19900024E+2 2.93285000E+2
5.20799988E+2 1.01465201E+0 5.20799988E+2 2.93285000E+2
5.21799988E+2 1.01465201E+0 5.21900024E+2 2.93285000E+2
5.22799988E+2 1.01465201E+0 5.22799988E+2 2.93285000E+2
5.23799988E+2 1.01343107E+0 5.23900024E+2 2.93285000E+2
5.24799988E+2 1.01465201E+0 5.24799988E+2 2.93222500E+2
5.25799988E+2 1.01465201E+0 5.25799988E+2 2.93285000E+2
5.26799988E+2 1.01221001E+0 5.26799988E+2 2.93285000E+2
5.27799988E+2 1.01343107E+0 5.27799988E+2 2.93285000E+2
5.28799988E+2 1.01343107E+0 5.28799988E+2 2.93285000E+2
5.29799988E+2 1.01465201E+0 5.29900024E+2 2.93285000E+2
5.30799988E+2 1.01343107E+0 5.30900024E+2 2.93285000E+2
5.31799988E+2 1.01343107E+0 5.31900024E+2 2.93285000E+2
5.32799988E+2 1.01343107E+0 5.32900024E+2 2.93285000E+2
5.33799988E+2 1.01465201E+0 5.33900024E+2 2.93285000E+2
5.34799988E+2 1.01465201E+0 5.34900024E+2 2.93285000E+2
5.35799988E+2 1.01343107E+0 5.35900024E+2 2.93285000E+2
5.36900024E+2 1.01343107E+0 5.36900024E+2 2.93285000E+2
5.37900024E+2 1.01465201E+0 5.37900024E+2 2.93285000E+2
5.38900024E+2 1.01465201E+0 5.38900024E+2 2.93285000E+2
5.39900024E+2 1.01343107E+0 5.39900024E+2 2.93285000E+2
5.40900024E+2 1.01343107E+0 5.40900024E+2 2.93285000E+2
5.41900024E+2 1.01465201E+0 5.41900024E+2 2.93285000E+2
5.42900024E+2 1.01221001E+0 5.42900024E+2 2.93285000E+2
5.43900024E+2 1.01465201E+0 5.43900024E+2 2.93285000E+2
5.44900024E+2 1.01465201E+0 5.44900024E+2 2.93285000E+2
5.45900024E+2 1.01465201E+0 5.45900024E+2 2.93285000E+2
5.46900024E+2 1.01465201E+0 5.46900024E+2 2.93222500E+2
5.47900024E+2 1.01343107E+0 5.47900024E+2 2.93285000E+2
5.48900024E+2 1.01465201E+0 5.48900024E+2 2.93285000E+2
5.49900024E+2 1.01465201E+0 5.50000000E+2 2.93285000E+2
5.50900024E+2 1.01221001E+0 5.50900024E+2 2.93222500E+2
5.51900024E+2 1.01465201E+0 5.51900024E+2 2.93285000E+2
5.52900024E+2 1.01343107E+0 5.52900024E+2 2.93285000E+2
5.53900024E+2 1.01465201E+0 5.53900024E+2 2.93285000E+2
5.54900024E+2 1.01465201E+0 5.54900024E+2 2.93285000E+2
5.55900024E+2 1.01465201E+0 5.55900024E+2 2.93285000E+2
5.57000000E+2 1.01343107E+0 5.57099976E+2 2.93285000E+2
5.57900024E+2 1.01343107E+0 5.57900024E+2 2.93285000E+2
5.58900024E+2 1.09157515E+0 5.58900024E+2 2.93285000E+2
5.59900024E+2 1.01465201E+0 5.59900024E+2 2.93285000E+2
5.60900024E+2 1.01465201E+0 5.60900024E+2 2.93285000E+2
5.61900024E+2 1.01465201E+0 5.61900024E+2 2.93285000E+2
5.62900024E+2 1.01343107E+0 5.62900024E+2 2.93285000E+2
5.63900024E+2 1.01465201E+0 5.63900024E+2 2.93285000E+2
5.64900024E+2 1.01465201E+0 5.64900024E+2 2.93285000E+2
5.65900024E+2 1.01465201E+0 5.65900024E+2 2.93285000E+2
5.66900024E+2 1.01587307E+0 5.66900024E+2 2.93285000E+2
5.67900024E+2 1.01343107E+0 5.67900024E+2 2.93285000E+2
5.68900024E+2 1.01343107E+0 5.68900024E+2 2.93285000E+2
5.69900024E+2 1.01343107E+0 5.69900024E+2 2.93285000E+2
5.70900024E+2 1.01465201E+0 5.70900024E+2 2.93285000E+2
5.71900024E+2 1.01465201E+0 5.71900024E+2 2.93285000E+2
5.72900024E+2 1.01465201E+0 5.72900024E+2 2.93285000E+2
5.73900024E+2 1.01343107E+0 5.73900024E+2 2.93285000E+2
5.74900024E+2 1.01465201E+0 5.74900024E+2 2.93285000E+2
5.75900024E+2 1.01343107E+0 5.75900024E+2 2.93285000E+2
5.76900024E+2 1.01465201E+0 5.76900024E+2 2.93285000E+2
5.77900024E+2 1.01465201E+0 5.77900024E+2 2.93285000E+2
5.78900024E+2 1.01343107E+0 5.78900024E+2 2.93285000E+2
5.79900024E+2 1.01343107E+0 5.79900024E+2 2.93222500E+2
5.80900024E+2 1.01465201E+0 5.80900024E+2 2.93285000E+2
5.81900024E+2 1.01465201E+0 5.81900024E+2 2.93285000E+2
5.82900024E+2 1.01343107E+0 5.82900024E+2 2.93285000E+2
5.83900024E+2 1.01343107E+0 5.83900024E+2 2.93285000E+2
5.84900024E+2 1.01465201E+0 5.84900024E+2 2.93285000E+2
5.85900024E+2 1.01343107E+0 5.85900024E+2 2.93285000E+2
5.86900024E+2 1.01465201E+0 5.86900024E+2 2.93285000E+2
5.87900024E+2 1.01465201E+0 5.87900024E+2 2.93285000E+2
5.88900024E+2 1.01465201E+0 5.88900024E+2 2.93285000E+2
5.89900024E+2 1.01343107E+0 5.89900024E+2 2.93285000E+2
5.90900024E+2 1.01343107E+0 5.90900024E+2 2.93285000E+2
5.91900024E+2 1.01465201E+0 5.91900024E+2 2.93285000E+2
5.92900024E+2 1.01465201E+0 5.92900024E+2 2.93285000E+2
5.93900024E+2 1.01343107E+0 5.93900024E+2 2.93285000E+2
5.94900024E+2 1.01465201E+0 5.94900024E+2 2.93285000E+2
5.95900024E+2 1.01343107E+0 5.95900024E+2 2.93285000E+2
5.96900024E+2 1.01343107E+0 5.96900024E+2 2.93285000E+2
5.97900024E+2 1.01343107E+0 5.97900024E+2 2.93285000E+2
5.98900024E+2 1.01465201E+0 5.98900024E+2 2.93285000E+2
5.99900024E+2 1.01221001E+0 5.99900024E+2 2.93285000E+2
6.00900024E+2 1.01343107E+0 6.00900024E+2 2.93285000E+2
6.01900024E+2 1.01465201E+0 6.01900024E+2 2.93285000E+2
6.02900024E+2 1.01465201E+0 6.02900024E+2 2.93285000E+2
6.03900024E+2 1.01465201E+0 6.03900024E+2 2.93285000E+2
6.04900024E+2 1.01343107E+0 6.04900024E+2 2.93285000E+2
6.05900024E+2 1.01343107E+0 6.05900024E+2 2.93285000E+2
6.06900024E+2 1.01465201E+0 6.06900024E+2 2.93285000E+2
6.07900024E+2 1.01343107E+0 6.07900024E+2 2.93285000E+2
6.08900024E+2 1.01465201E+0 6.08900024E+2 2.93285000E+2
6.09900024E+2 1.01465201E+0 6.09900024E+2 2.93285000E+2
6.10900024E+2 1.01343107E+0 6.10900024E+2 2.93285000E+2
6.11900024E+2 1.01465201E+0 6.11900024E+2 2.93285000E+2
6.12900024E+2 1.01465201E+0 6.12900024E+2 2.93285000E+2
6.13900024E+2 1.01465201E+0 6.13900024E+2 2.93285000E+2
6.14900024E+2 1.01343107E+0 6.14900024E+2 2.93285000E+2
6.15900024E+2 1.01465201E+0 6.15900024E+2 2.93285000E+2
6.16900024E+2 1.01465201E+0 6.16900024E+2 2.93285000E+2
6.17900024E+2 1.01465201E+0 6.17900024E+2 2.93285000E+2
6.18900024E+2 1.01465201E+0 6.18900024E+2 2.93285000E+2
6.19900024E+2 1.01465201E+0 6.19900024E+2 2.93285000E+2
6.20900024E+2 1.01343107E+0 6.20900024E+2 2.93285000E+2
6.21900024E+2 1.01465201E+0 6.21900024E+2 2.93285000E+2
6.22900024E+2 1.01343107E+0 6.22900024E+2 2.93285000E+2
6.23900024E+2 1.01465201E+0 6.23900024E+2 2.93285000E+2
6.24900024E+2 1.01343107E+0 6.24900024E+2 2.93285000E+2
6.25900024E+2 1.01343107E+0 6.25900024E+2 2.93285000E+2
6.26900024E+2 1.01465201E+0 6.26900024E+2 2.93285000E+2
6.27900024E+2 1.01465201E+0 6.27900024E+2 2.93285000E+2
6.28900024E+2 1.01343107E+0 6.28900024E+2 2.93285000E+2
6.29900024E+2 1.01465201E+0 6.29900024E+2 2.93285000E+2
6.30900024E+2 1.01221001E+0 6.30900024E+2 2.93285000E+2
6.31900024E+2 1.01465201E+0 6.31900024E+2 2.93285000E+2
6.32900024E+2 1.01465201E+0 6.32900024E+2 2.93285000E+2
6.33900024E+2 1.01343107E+0 6.33900024E+2 2.93285000E+2
6.34900024E+2 1.01343107E+0 6.34900024E+2 2.93285000E+2
6.35900024E+2 1.01343107E+0 6.35900024E+2 2.93285000E+2
6.36900024E+2 1.01343107E+0 6.36900024E+2 2.93285000E+2
6.37900024E+2 1.01465201E+0 6.37900024E+2 2.93285000E+2
6.38900024E+2 1.01465201E+0 6.38900024E+2 2.93285000E+2
6.39900024E+2 1.01465201E+0 6.39900024E+2 2.93285000E+2
6.40900024E+2 1.01465201E+0 6.40900024E+2 2.93285000E+2
6.41900024E+2 1.01465201E+0 6.41900024E+2 2.93285000E+2
6.42900024E+2 1.01343107E+0 6.42900024E+2 2.93285000E+2
6.43900024E+2 1.01465201E+0 6.43900024E+2 2.93285000E+2
6.44900024E+2 1.01343107E+0 6.44900024E+2 2.93285000E+2
6.45900024E+2 1.01465201E+0 6.45900024E+2 2.93285000E+2
6.46900024E+2 1.01465201E+0 6.46900024E+2 2.93285000E+2
6.47900024E+2 1.01343107E+0 6.47900024E+2 2.93285000E+2
6.48900024E+2 1.01465201E+0 6.49000000E+2 2.93285000E+2
6.49900024E+2 1.01465201E+0 6.49900024E+2 2.93285000E+2
6.50900024E+2 1.01343107E+0 6.50900024E+2 2.93285000E+2
6.51900024E+2 1.01465201E+0 6.51900024E+2 2.93285000E+2
6.52900024E+2 1.01221001E+0 6.52900024E+2 2.93285000E+2
6.53900024E+2 1.01465201E+0 6.53900024E+2 2.93285000E+2
6.54900024E+2 1.01221001E+0 6.54900024E+2 2.93285000E+2
6.55900024E+2 1.01465201E+0 6.55900024E+2 2.93285000E+2
6.56900024E+2 1.01343107E+0 6.56900024E+2 2.93285000E+2
6.57900024E+2 1.01465201E+0 6.57900024E+2 2.93285000E+2
6.58900024E+2 1.01465201E+0 6.58900024E+2 2.93285000E+2
6.59900024E+2 1.01465201E+0 6.59900024E+2 2.93285000E+2
6.60900024E+2 1.01343107E+0 6.60900024E+2 2.93285000E+2
6.61900024E+2 1.01465201E+0 6.61900024E+2 2.93285000E+2
6.62900024E+2 1.01465201E+0 6.62900024E+2 2.93285000E+2
6.63900024E+2 1.01465201E+0 6.63900024E+2 2.93285000E+2
6.64900024E+2 1.01465201E+0 6.64900024E+2 2.93285000E+2
6.65900024E+2 1.01587307E+0 6.65900024E+2 2.93285000E+2
6.66900024E+2 1.01343107E+0 6.66900024E+2 2.93285000E+2
6.67900024E+2 1.01465201E+0 6.67900024E+2 2.93285000E+2
6.68900024E+2 1.01465201E+0 6.68900024E+2 2.93285000E+2
6.69900024E+2 1.01343107E+0 6.69900024E+2 2.93285000E+2
6.70900024E+2 1.01465201E+0 6.70900024E+2 2.93285000E+2
6.71900024E+2 1.01465201E+0 6.71900024E+2 2.93285000E+2
6.72900024E+2 1.01465201E+0 6.72900024E+2 2.93285000E+2
6.73900024E+2 1.01343107E+0 6.73900024E+2 2.93285000E+2
6.74900024E+2 1.01465201E+0 6.74900024E+2 2.93285000E+2
6.75900024E+2 1.01343107E+0 6.75900024E+2 2.93285000E+2
6.76900024E+2 1.01343107E+0 6.76900024E+2 2.93285000E+2
6.77900024E+2 1.01343107E+0 6.77900024E+2 2.93285000E+2
6.78900024E+2 1.01465201E+0 6.78900024E+2 2.93285000E+2
6.79900024E+2 1.01465201E+0 6.79900024E+2 2.93285000E+2
6.80900024E+2 1.01465201E+0 6.80900024E+2 2.93285000E+2
6.81900024E+2 1.01465201E+0 6.81900024E+2 2.93285000E+2
6.82900024E+2 1.01465201E+0 6.82900024E+2 2.93285000E+2
6.83900024E+2 1.01343107E+0 6.83900024E+2 2.93285000E+2
6.84900024E+2 1.01465201E+0 6.84900024E+2 2.93285000E+2
6.85900024E+2 1.01343107E+0 6.85900024E+2 2.93285000E+2
6.86900024E+2 1.01343107E+0 6.86900024E+2 2.93285000E+2
6.87900024E+2 1.01465201E+0 6.87900024E+2 2.93285000E+2
6.88900024E+2 1.01465201E+0 6.88900024E+2 2.93285000E+2
6.89900024E+2 1.01343107E+0 6.89900024E+2 2.93285000E+2
6.90900024E+2 1.01465201E+0 6.90900024E+2 2.93285000E+2
6.91900024E+2 1.01343107E+0 6.91900024E+2 2.93285000E+2
6.92900024E+2 1.01465201E+0 6.92900024E+2 2.93285000E+2
6.93900024E+2 1.01465201E+0 6.93900024E+2 2.93285000E+2
6.94900024E+2 1.01465201E+0 6.94900024E+2 2.93285000E+2
6.95900024E+2 1.01343107E+0 6.95900024E+2 2.93285000E+2
6.96900024E+2 1.01465201E+0 6.96900024E+2 2.93285000E+2
6.97900024E+2 1.01343107E+0 6.97900024E+2 2.93285000E+2
6.98900024E+2 1.01343107E+0 6.98900024E+2 2.93285000E+2
6.99900024E+2 1.01343107E+0 6.99900024E+2 2.93285000E+2
7.00900024E+2 1.01343107E+0 7.00900024E+2 2.93285000E+2
7.01900024E+2 1.01465201E+0 7.01900024E+2 2.93285000E+2
7.02900024E+2 1.01465201E+0 7.02900024E+2 2.93285000E+2
7.03900024E+2 1.01465201E+0 7.04000000E+2 2.93285000E+2
7.04900024E+2 1.01221001E+0 7.04900024E+2 2.93285000E+2
7.05900024E+2 1.01465201E+0 7.05900024E+2 2.93285000E+2
7.06900024E+2 1.01465201E+0 7.06900024E+2 2.93285000E+2
7.07900024E+2 1.01465201E+0 7.07900024E+2 2.93285000E+2
7.08900024E+2 1.01465201E+0 7.08900024E+2 2.93285000E+2
7.09900024E+2 1.01221001E+0 7.09900024E+2 2.93285000E+2
7.10900024E+2 1.01343107E+0 7.10900024E+2 2.93285000E+2
7.11900024E+2 1.01465201E+0 7.11900024E+2 2.93285000E+2
7.12900024E+2 1.01343107E+0 7.12900024E+2 2.93285000E+2
7.13900024E+2 1.01343107E+0 7.13900024E+2 2.93285000E+2
7.14900024E+2 1.01465201E+0 7.14900024E+2 2.93285000E+2
7.15900024E+2 1.01465201E+0 7.15900024E+2 2.93285000E+2
7.16900024E+2 1.01465201E+0 7.16900024E+2 2.93285000E+2
7.17900024E+2 1.01343107E+0 7.17900024E+2 2.93285000E+2
7.18900024E+2 1.01465201E+0 7.18900024E+2 2.93285000E+2
7.19900024E+2 1.01465201E+0 7.19900024E+2 2.93285000E+2
7.20900024E+2 1.01465201E+0 7.20900024E+2 2.93285000E+2
7.21900024E+2 1.01465201E+0 7.21900024E+2 2.93285000E+2
7.22900024E+2 1.01343107E+0 7.22900024E+2 2.93285000E+2
7.23900024E+2 1.01465201E+0 7.23900024E+2 2.93285000E+2
7.24900024E+2 1.01465201E+0 7.24900024E+2 2.93285000E+2
7.25900024E+2 1.01465201E+0 7.25900024E+2 2.93285000E+2
7.26900024E+2 1.01343107E+0 7.26900024E+2 2.93285000E+2
7.27900024E+2 1.01465201E+0 7.27900024E+2 2.93285000E+2
7.28900024E+2 1.01343107E+0 7.28900024E+2 2.93285000E+2
7.29900024E+2 1.01465201E+0 7.29900024E+2 2.93285000E+2
7.30900024E+2 1.01343107E+0 7.30900024E+2 2.93285000E+2
7.31900024E+2 1.01343107E+0 7.31900024E+2 2.93285000E+2
7.32900024E+2 1.01465201E+0 7.32900024E+2 2.93285000E+2
7.33900024E+2 1.01465201E+0 7.33900024E+2 2.93285000E+2
7.34900024E+2 1.01465201E+0 7.34900024E+2 2.93285000E+2
7.35900024E+2 1.01343107E+0 7.35900024E+2 2.93285000E+2
7.36900024E+2 1.01465201E+0 7.36900024E+2 2.93285000E+2
7.37900024E+2 1.01465201E+0 7.37900024E+2 2.93285000E+2
7.38900024E+2 1.01343107E+0 7.38900024E+2 2.93285000E+2
7.39900024E+2 1.01465201E+0 7.39900024E+2 2.93285000E+2
7.40900024E+2 1.01465201E+0 7.40900024E+2 2.93285000E+2
7.41900024E+2 1.01343107E+0 7.41900024E+2 2.93285000E+2
7.42900024E+2 1.01221001E+0 7.42900024E+2 2.93285000E+2
7.43900024E+2 1.01465201E+0 7.43900024E+2 2.93285000E+2
7.44900024E+2 1.01343107E+0 7.44900024E+2 2.93285000E+2
7.45900024E+2 1.01465201E+0 7.45900024E+2 2.93285000E+2
7.46900024E+2 1.01465201E+0 7.46900024E+2 2.93285000E+2
7.47900024E+2 1.01465201E+0 7.47900024E+2 2.93285000E+2
7.48900024E+2 1.01465201E+0 7.48900024E+2 2.93285000E+2
7.49900024E+2 1.01343107E+0 7.49900024E+2 2.93285000E+2
7.50900024E+2 1.01587307E+0 7.50900024E+2 2.93285000E+2
7.51900024E+2 1.01465201E+0 7.51900024E+2 2.93285000E+2
7.52900024E+2 1.01465201E+0 7.53000000E+2 2.93285000E+2
7.53900024E+2 1.01465201E+0 7.53900024E+2 2.93285000E+2
7.54900024E+2 1.01465201E+0 7.54900024E+2 2.93285000E+2
7.55900024E+2 1.01343107E+0 7.56000000E+2 2.93285000E+2
7.56900024E+2 1.01221001E+0 7.57000000E+2 2.93285000E+2
7.57900024E+2 1.01465201E+0 7.58000000E+2 2.93285000E+2
7.58900024E+2 1.01465201E+0 7.58900024E+2 2.93285000E+2
7.59900024E+2 1.01343107E+0 7.59900024E+2 2.93285000E+2
7.60900024E+2 1.01343107E+0 7.60900024E+2 2.93285000E+2
7.61900024E+2 1.01343107E+0 7.61900024E+2 2.93285000E+2
