0.00000000E+0 1.00549451E+0 1.00000001E-1 2.88035000E+2
1.20000005E+0 1.00549451E+0 1.20000005E+0 2.88097500E+2
2.20000005E+0 1.00488400E+0 2.20000005E+0 2.88097500E+2
3.20000005E+0 1.00488400E+0 3.20000005E+0 2.88097500E+2
4.19999981E+0 1.00488400E+0 4.19999981E+0 2.88035000E+2
5.19999981E+0 1.00488400E+0 5.19999981E+0 2.88097500E+2
6.19999981E+0 1.00549451E+0 6.30000019E+0 2.88097500E+2
7.19999981E+0 1.00549451E+0 7.19999981E+0 2.88097500E+2
8.19999981E+0 1.00549451E+0 8.19999981E+0 2.88097500E+2
9.19999981E+0 1.00549451E+0 9.30000019E+0 2.88097500E+2
1.01999998E+1 1.00549451E+0 1.01999998E+1 2.88097500E+2
1.11999998E+1 1.00549451E+0 1.13000002E+1 2.88097500E+2
1.21999998E+1 1.00488400E+0 1.23000002E+1 2.88097500E+2
1.31999998E+1 1.00549451E+0 1.31999998E+1 2.88097500E+2
1.41999998E+1 1.00549451E+0 1.43000002E+1 2.88097500E+2
1.51999998E+1 1.00549451E+0 1.51999998E+1 2.88035000E+2
1.62000008E+1 1.00549451E+0 1.62000008E+1 2.88097500E+2
1.72000008E+1 1.00549451E+0 1.72999992E+1 2.88097500E+2
1.82000008E+1 1.00549451E+0 1.82000008E+1 2.88097500E+2
1.92000008E+1 1.00488400E+0 1.92999992E+1 2.88097500E+2
2.02000008E+1 1.00549451E+0 2.02999992E+1 2.88097500E+2
2.12000008E+1 1.00549451E+0 2.12000008E+1 2.88097500E+2
2.22000008E+1 1.00549451E+0 2.22999992E+1 2.88097500E+2
2.32000008E+1 1.00549451E+0 2.32999992E+1 2.88097500E+2
2.42000008E+1 1.00549451E+0 2.42000008E+1 2.88097500E+2
2.52000008E+1 1.00549451E+0 2.52999992E+1 2.88097500E+2
2.62000008E+1 1.00549451E+0 2.62000008E+1 2.88035000E+2
2.72000008E+1 1.00549451E+0 2.72999992E+1 2.88097500E+2
2.82000008E+1 1.00549451E+0 2.82999992E+1 2.88097500E+2
2.92000008E+1 1.00549451E+0 2.92999992E+1 2.88097500E+2
3.02000008E+1 1.00549451E+0 3.02000008E+1 2.88097500E+2
3.12000008E+1 1.00549451E+0 3.12999992E+1 2.88097500E+2
3.22000008E+1 1.00488400E+0 3.22000008E+1 2.88097500E+2
3.32000008E+1 1.00549451E+0 3.32999992E+1 2.88097500E+2
3.42000008E+1 1.00488400E+0 3.42000008E+1 2.88097500E+2
3.52000008E+1 1.00549451E+0 3.52999992E+1 2.88097500E+2
3.62000008E+1 1.00549451E+0 3.62999992E+1 2.88097500E+2
3.72000008E+1 1.00549451E+0 3.72999992E+1 2.88097500E+2
3.82000008E+1 1.00549451E+0 3.82999992E+1 2.88097500E+2
3.92000008E+1 1.00549451E+0 3.92999992E+1 2.88097500E+2
4.02000008E+1 1.00549451E+0 4.02000008E+1 2.88097500E+2
4.12000008E+1 1.00549451E+0 4.12999992E+1 2.88097500E+2
4.22000008E+1 1.00488400E+0 4.22000008E+1 2.88097500E+2
4.32000008E+1 1.00549451E+0 4.32000008E+1 2.88097500E+2
4.42000008E+1 1.00549451E+0 4.42999992E+1 2.88097500E+2
4.52000008E+1 1.00549451E+0 4.52000008E+1 2.88097500E+2
4.62000008E+1 1.00549451E+0 4.62000008E+1 2.88097500E+2
4.72000008E+1 1.00549451E+0 4.72999992E+1 2.88097500E+2
4.82000008E+1 1.00488400E+0 4.82000008E+1 2.88097500E+2
4.92000008E+1 1.00549451E+0 4.92999992E+1 2.88097500E+2
5.02000008E+1 1.00488400E+0 5.02000008E+1 2.88097500E+2
5.12000008E+1 1.00549451E+0 5.12999992E+1 2.88097500E+2
5.22000008E+1 1.00549451E+0 5.22999992E+1 2.88097500E+2
5.32000008E+1 1.00549451E+0 5.32999992E+1 2.88097500E+2
5.42000008E+1 1.00549451E+0 5.42999992E+1 2.88097500E+2
5.52000008E+1 1.00549451E+0 5.52999992E+1 2.88097500E+2
5.62000008E+1 1.00488400E+0 5.62000008E+1 2.88097500E+2
5.72000008E+1 1.00549451E+0 5.72999992E+1 2.88097500E+2
5.82000008E+1 1.00549451E+0 5.82000008E+1 2.88097500E+2
5.92000008E+1 1.00549451E+0 5.92000008E+1 2.88097500E+2
6.02000008E+1 1.00488400E+0 6.02999992E+1 2.88097500E+2
6.12000008E+1 1.00488400E+0 6.12000008E+1 2.88097500E+2
6.22000008E+1 1.00488400E+0 6.22000008E+1 2.88097500E+2
6.32000008E+1 1.01526251E+0 6.32999992E+1 2.88097500E+2
6.41999969E+1 1.00549451E+0 6.43000031E+1 2.88097500E+2
6.51999969E+1 1.00549451E+0 6.53000031E+1 2.88097500E+2
6.61999969E+1 1.00549451E+0 6.63000031E+1 2.88097500E+2
6.71999969E+1 1.00427350E+0 6.73000031E+1 2.88097500E+2
6.81999969E+1 1.00549451E+0 6.83000031E+1 2.88097500E+2
6.91999969E+1 1.00549451E+0 6.91999969E+1 2.88097500E+2
7.01999969E+1 1.00549451E+0 7.01999969E+1 2.88097500E+2
7.11999969E+1 1.01465201E+0 7.11999969E+1 2.88097500E+2
7.21999969E+1 1.00549451E+0 7.21999969E+1 2.88097500E+2
7.31999969E+1 1.00549451E+0 7.33000031E+1 2.88097500E+2
7.41999969E+1 1.00549451E+0 7.43000031E+1 2.88097500E+2
7.51999969E+1 1.00549451E+0 7.51999969E+1 2.88097500E+2
7.61999969E+1 1.00488400E+0 7.63000031E+1 2.88097500E+2
7.71999969E+1 1.00549451E+0 7.71999969E+1 2.88097500E+2
7.81999969E+1 1.00549451E+0 7.81999969E+1 2.88097500E+2
7.91999969E+1 1.00488400E+0 7.93000031E+1 2.88097500E+2
8.01999969E+1 1.00488400E+0 8.01999969E+1 2.88097500E+2
8.11999969E+1 1.00549451E+0 8.11999969E+1 2.88097500E+2
8.21999969E+1 1.00549451E+0 8.23000031E+1 2.88097500E+2
8.31999969E+1 1.00549451E+0 8.31999969E+1 2.88097500E+2
8.41999969E+1 1.00488400E+0 8.43000031E+1 2.88097500E+2
8.51999969E+1 1.00549451E+0 8.51999969E+1 2.88097500E+2
8.61999969E+1 1.00549451E+0 8.63000031E+1 2.88097500E+2
8.71999969E+1 1.00488400E+0 8.73000031E+1 2.88097500E+2
8.81999969E+1 1.00549451E+0 8.81999969E+1 2.88097500E+2
8.91999969E+1 1.00549451E+0 8.91999969E+1 2.88097500E+2
9.01999969E+1 1.00549451E+0 9.03000031E+1 2.88097500E+2
9.11999969E+1 1.00549451E+0 9.11999969E+1 2.88097500E+2
9.21999969E+1 1.00549451E+0 9.23000031E+1 2.88097500E+2
9.31999969E+1 1.00549451E+0 9.31999969E+1 2.88097500E+2
9.41999969E+1 1.01465201E+0 9.41999969E+1 2.88097500E+2
9.51999969E+1 1.00549451E+0 9.53000031E+1 2.88097500E+2
9.61999969E+1 1.00488400E+0 9.61999969E+1 2.88097500E+2
9.71999969E+1 1.00549451E+0 9.73000031E+1 2.88097500E+2
9.81999969E+1 1.00488400E+0 9.83000031E+1 2.88097500E+2
9.91999969E+1 1.00488400E+0 9.91999969E+1 2.88097500E+2
1.00199997E+2 1.00549451E+0 1.00300003E+2 2.88097500E+2
1.01199997E+2 1.01465201E+0 1.01300003E+2 2.88097500E+2
1.02199997E+2 1.00549451E+0 1.02199997E+2 2.88097500E+2
1.03199997E+2 1.00549451E+0 1.03300003E+2 2.88097500E+2
1.04199997E+2 1.00549451E+0 1.04199997E+2 2.88097500E+2
1.05199997E+2 1.00549451E+0 1.05199997E+2 2.88097500E+2
1.06199997E+2 1.00549451E+0 1.06300003E+2 2.88097500E+2
1.07199997E+2 1.00549451E+0 1.07199997E+2 2.88097500E+2
1.08199997E+2 1.00549451E+0 1.08300003E+2 2.88097500E+2
1.09199997E+2 1.00549451E+0 1.09300003E+2 2.88097500E+2
1.10199997E+2 1.00549451E+0 1.10199997E+2 2.88097500E+2
1.11199997E+2 1.00549451E+0 1.11300003E+2 2.88097500E+2
1.12199997E+2 1.00549451E+0 1.12199997E+2 2.88097500E+2
1.13199997E+2 1.00488400E+0 1.13199997E+2 2.88097500E+2
1.14199997E+2 1.00488400E+0 1.14300003E+2 2.88097500E+2
1.15199997E+2 1.00549451E+0 1.15199997E+2 2.88097500E+2
1.16199997E+2 1.00488400E+0 1.16300003E+2 2.88097500E+2
1.17199997E+2 1.00488400E+0 1.17300003E+2 2.88097500E+2
1.18199997E+2 1.00488400E+0 1.18199997E+2 2.88097500E+2
1.19199997E+2 1.00549451E+0 1.19300003E+2 2.88097500E+2
1.20199997E+2 1.00549451E+0 1.20199997E+2 2.88097500E+2
1.21199997E+2 1.00549451E+0 1.21300003E+2 2.88097500E+2
1.22199997E+2 1.00549451E+0 1.22300003E+2 2.88097500E+2
1.23199997E+2 1.00488400E+0 1.23300003E+2 2.88097500E+2
1.24199997E+2 1.00549451E+0 1.24199997E+2 2.88097500E+2
1.25199997E+2 1.00549451E+0 1.25300003E+2 2.88097500E+2
1.26199997E+2 1.00549451E+0 1.26199997E+2 2.88097500E+2
1.27199997E+2 1.00488400E+0 1.27300003E+2 2.88097500E+2
1.28199997E+2 1.00488400E+0 1.28300003E+2 2.88097500E+2
1.29199997E+2 1.00549451E+0 1.29300003E+2 2.88097500E+2
1.30199997E+2 1.00549451E+0 1.30300003E+2 2.88097500E+2
1.31199997E+2 1.00488400E+0 1.31199997E+2 2.88097500E+2
1.32199997E+2 1.01526251E+0 1.32199997E+2 2.88097500E+2
1.33199997E+2 1.00549451E+0 1.33300003E+2 2.88097500E+2
1.34199997E+2 1.00549451E+0 1.34300003E+2 2.88097500E+2
1.35199997E+2 1.00549451E+0 1.35300003E+2 2.88097500E+2
1.36199997E+2 1.00549451E+0 1.36199997E+2 2.88097500E+2
1.37199997E+2 1.00549451E+0 1.37199997E+2 2.88097500E+2
1.38199997E+2 1.01526251E+0 1.38300003E+2 2.88097500E+2
1.39199997E+2 1.00488400E+0 1.39199997E+2 2.88097500E+2
1.40199997E+2 1.00549451E+0 1.40199997E+2 2.88097500E+2
1.41199997E+2 1.00488400E+0 1.41300003E+2 2.88097500E+2
1.42199997E+2 1.00549451E+0 1.42300003E+2 2.88097500E+2
1.43199997E+2 1.01526251E+0 1.43300003E+2 2.88097500E+2
1.44199997E+2 1.00488400E+0 1.44300003E+2 2.88097500E+2
1.45199997E+2 1.00488400E+0 1.45199997E+2 2.88097500E+2
1.46199997E+2 1.00549451E+0 1.46300003E+2 2.88097500E+2
1.47199997E+2 1.00549451E+0 1.47199997E+2 2.88097500E+2
1.48199997E+2 1.00549451E+0 1.48199997E+2 2.88097500E+2
1.49199997E+2 1.00549451E+0 1.49300003E+2 2.88097500E+2
1.50199997E+2 1.00549451E+0 1.50199997E+2 2.88097500E+2
1.51199997E+2 1.00488400E+0 1.51199997E+2 2.88097500E+2
1.52199997E+2 1.00549451E+0 1.52300003E+2 2.88097500E+2
1.53199997E+2 1.00549451E+0 1.53199997E+2 2.88097500E+2
1.54199997E+2 1.00549451E+0 1.54300003E+2 2.88097500E+2
1.55199997E+2 1.00549451E+0 1.55199997E+2 2.88097500E+2
1.56199997E+2 1.00549451E+0 1.56300003E+2 2.88097500E+2
1.57199997E+2 1.00549451E+0 1.57300003E+2 2.88097500E+2
1.58199997E+2 1.01465201E+0 1.58300003E+2 2.88097500E+2
1.59199997E+2 1.01465201E+0 1.59199997E+2 2.88097500E+2
1.60199997E+2 1.00549451E+0 1.60300003E+2 2.88160000E+2
1.61199997E+2 1.00549451E+0 1.61199997E+2 2.88097500E+2
1.62199997E+2 1.00549451E+0 1.62300003E+2 2.88097500E+2
1.63199997E+2 1.00549451E+0 1.63199997E+2 2.88097500E+2
1.64199997E+2 1.00488400E+0 1.64199997E+2 2.88097500E+2
1.65199997E+2 1.00549451E+0 1.65300003E+2 2.88097500E+2
1.66199997E+2 1.01465201E+0 1.66199997E+2 2.88097500E+2
1.67199997E+2 1.00549451E+0 1.67300003E+2 2.88097500E+2
1.68199997E+2 1.00549451E+0 1.68300003E+2 2.88097500E+2
1.69199997E+2 1.00549451E+0 1.69300003E+2 2.88097500E+2
1.70199997E+2 1.01526251E+0 1.70300003E+2 2.88097500E+2
1.71199997E+2 1.00488400E+0 1.71300003E+2 2.88097500E+2
1.72199997E+2 1.01526251E+0 1.72199997E+2 2.88097500E+2
1.73199997E+2 1.00549451E+0 1.73300003E+2 2.88097500E+2
1.74199997E+2 1.00549451E+0 1.74300003E+2 2.88097500E+2
1.75199997E+2 1.00549451E+0 1.75300003E+2 2.88097500E+2
1.76199997E+2 1.00488400E+0 1.76300003E+2 2.88097500E+2
1.77199997E+2 1.00549451E+0 1.77199997E+2 2.88097500E+2
1.78199997E+2 1.00549451E+0 1.78300003E+2 2.88097500E+2
1.79199997E+2 1.01526251E+0 1.79300003E+2 2.88097500E+2
1.80199997E+2 1.00549451E+0 1.80199997E+2 2.88097500E+2
1.81199997E+2 1.00549451E+0 1.81300003E+2 2.88097500E+2
1.82199997E+2 1.00549451E+0 1.82199997E+2 2.88097500E+2
1.83199997E+2 1.00549451E+0 1.83199997E+2 2.88097500E+2
1.84199997E+2 1.00549451E+0 1.84300003E+2 2.88097500E+2
1.85199997E+2 1.00549451E+0 1.85199997E+2 2.88097500E+2
1.86199997E+2 1.00488400E+0 1.86300003E+2 2.88097500E+2
1.87199997E+2 1.01526251E+0 1.87300003E+2 2.88097500E+2
1.88199997E+2 1.00488400E+0 1.88199997E+2 2.88097500E+2
1.89199997E+2 1.01465201E+0 1.89300003E+2 2.88097500E+2
1.90199997E+2 1.00549451E+0 1.90199997E+2 2.88097500E+2
1.91199997E+2 1.00549451E+0 1.91199997E+2 2.88097500E+2
1.92199997E+2 1.00549451E+0 1.92300003E+2 2.88097500E+2
1.93199997E+2 1.00549451E+0 1.93300003E+2 2.88097500E+2
1.94199997E+2 1.00549451E+0 1.94199997E+2 2.88160000E+2
1.95199997E+2 1.00549451E+0 1.95300003E+2 2.88097500E+2
1.96199997E+2 1.00549451E+0 1.96199997E+2 2.88097500E+2
1.97199997E+2 1.00549451E+0 1.97300003E+2 2.88160000E+2
1.98199997E+2 1.00549451E+0 1.98199997E+2 2.88097500E+2
1.99199997E+2 1.00549451E+0 1.99199997E+2 2.88160000E+2
2.00199997E+2 1.00549451E+0 2.00300003E+2 2.88097500E+2
2.01199997E+2 1.00549451E+0 2.01199997E+2 2.88097500E+2
2.02199997E+2 1.00549451E+0 2.02300003E+2 2.88097500E+2
2.03199997E+2 1.00549451E+0 2.03300003E+2 2.88160000E+2
2.04199997E+2 1.01526251E+0 2.04199997E+2 2.88097500E+2
2.05199997E+2 1.00549451E+0 2.05300003E+2 2.88160000E+2
2.06199997E+2 1.00549451E+0 2.06199997E+2 2.88160000E+2
2.07199997E+2 1.00549451E+0 2.07199997E+2 2.88160000E+2
2.08199997E+2 1.00549451E+0 2.08300003E+2 2.88160000E+2
2.09199997E+2 1.00549451E+0 2.09300003E+2 2.88160000E+2
2.10199997E+2 1.00549451E+0 2.10199997E+2 2.88097500E+2
2.11199997E+2 1.00549451E+0 2.11300003E+2 2.88160000E+2
2.12199997E+2 1.00549451E+0 2.12199997E+2 2.88097500E+2
2.13199997E+2 1.00488400E+0 2.13300003E+2 2.88160000E+2
2.14199997E+2 1.00549451E+0 2.14199997E+2 2.88160000E+2
2.15199997E+2 1.00488400E+0 2.15199997E+2 2.88160000E+2
2.16199997E+2 1.00549451E+0 2.16300003E+2 2.88097500E+2
2.17199997E+2 1.00488400E+0 2.17199997E+2 2.88160000E+2
2.18199997E+2 1.00488400E+0 2.18199997E+2 2.88160000E+2
2.19199997E+2 1.00549451E+0 2.19300003E+2 2.88160000E+2
2.20199997E+2 1.00488400E+0 2.20199997E+2 2.88160000E+2
2.21199997E+2 1.00488400E+0 2.21300003E+2 2.88160000E+2
2.22199997E+2 1.00549451E+0 2.22300003E+2 2.88160000E+2
2.23199997E+2 1.00549451E+0 2.23300003E+2 2.88160000E+2
2.24199997E+2 1.00549451E+0 2.24300003E+2 2.88160000E+2
2.25199997E+2 1.00549451E+0 2.25300003E+2 2.88097500E+2
2.26199997E+2 1.00549451E+0 2.26199997E+2 2.88097500E+2
2.27199997E+2 1.00549451E+0 2.27300003E+2 2.88160000E+2
2.28199997E+2 1.01465201E+0 2.28199997E+2 2.88160000E+2
2.29199997E+2 1.00549451E+0 2.29199997E+2 2.88160000E+2
2.30199997E+2 1.00549451E+0 2.30300003E+2 2.88160000E+2
2.31199997E+2 1.00549451E+0 2.31199997E+2 2.88160000E+2
2.32199997E+2 1.00549451E+0 2.32300003E+2 2.88160000E+2
2.33199997E+2 1.00488400E+0 2.33300003E+2 2.88160000E+2
2.34199997E+2 1.00549451E+0 2.34199997E+2 2.88160000E+2
2.35199997E+2 1.00549451E+0 2.35300003E+2 2.88160000E+2
2.36199997E+2 1.00549451E+0 2.36199997E+2 2.88160000E+2
2.37199997E+2 1.00549451E+0 2.37300003E+2 2.88160000E+2
2.38199997E+2 1.01526251E+0 2.38300003E+2 2.88160000E+2
2.39199997E+2 1.00549451E+0 2.39199997E+2 2.88160000E+2
2.40199997E+2 1.00549451E+0 2.40300003E+2 2.88160000E+2
2.41199997E+2 1.00488400E+0 2.41199997E+2 2.88160000E+2
2.42199997E+2 1.00549451E+0 2.42199997E+2 2.88160000E+2
2.43199997E+2 1.00488400E+0 2.43300003E+2 2.88160000E+2
2.44199997E+2 1.00549451E+0 2.44199997E+2 2.88160000E+2
2.45199997E+2 1.00549451E+0 2.45199997E+2 2.88160000E+2
2.46199997E+2 1.00549451E+0 2.46300003E+2 2.88160000E+2
2.47199997E+2 1.00549451E+0 2.47199997E+2 2.88160000E+2
2.48199997E+2 1.01526251E+0 2.48300003E+2 2.88160000E+2
2.49199997E+2 1.01526251E+0 2.49199997E+2 2.88160000E+2
2.50199997E+2 1.00488400E+0 2.50300003E+2 2.88160000E+2
2.51199997E+2 1.00488400E+0 2.51300003E+2 2.88160000E+2
2.52199997E+2 1.00549451E+0 2.52300003E+2 2.88160000E+2
2.53199997E+2 1.00549451E+0 2.53199997E+2 2.88160000E+2
2.54199997E+2 1.01526251E+0 2.54300003E+2 2.88160000E+2
2.55199997E+2 1.00488400E+0 2.55300003E+2 2.88160000E+2
2.56200012E+2 1.00549451E+0 2.56299988E+2 2.88160000E+2
2.57200012E+2 1.00549451E+0 2.57200012E+2 2.88160000E+2
2.58200012E+2 1.00549451E+0 2.58200012E+2 2.88160000E+2
2.59200012E+2 1.00549451E+0 2.59299988E+2 2.88160000E+2
2.60200012E+2 1.00549451E+0 2.60299988E+2 2.88160000E+2
2.61200012E+2 1.00488400E+0 2.61200012E+2 2.88160000E+2
2.62200012E+2 1.00549451E+0 2.62299988E+2 2.88160000E+2
2.63200012E+2 1.00549451E+0 2.63200012E+2 2.88160000E+2
2.64200012E+2 1.00549451E+0 2.64299988E+2 2.88160000E+2
2.65200012E+2 1.00549451E+0 2.65299988E+2 2.88160000E+2
2.66200012E+2 1.00549451E+0 2.66200012E+2 2.88160000E+2
2.67200012E+2 1.00549451E+0 2.67299988E+2 2.88160000E+2
2.68200012E+2 1.00549451E+0 2.68200012E+2 2.88160000E+2
2.69200012E+2 1.00549451E+0 2.69299988E+2 2.88160000E+2
2.70200012E+2 1.00549451E+0 2.70299988E+2 2.88160000E+2
2.71200012E+2 1.00549451E+0 2.71299988E+2 2.88160000E+2
2.72200012E+2 1.00549451E+0 2.72200012E+2 2.88160000E+2
2.73200012E+2 1.01465201E+0 2.73299988E+2 2.88160000E+2
2.74200012E+2 1.00549451E+0 2.74299988E+2 2.88160000E+2
2.75200012E+2 1.00549451E+0 2.75299988E+2 2.88160000E+2
2.76200012E+2 1.00549451E+0 2.76200012E+2 2.88160000E+2
2.77200012E+2 1.01526251E+0 2.77200012E+2 2.88160000E+2
2.78200012E+2 1.00549451E+0 2.78299988E+2 2.88160000E+2
2.79200012E+2 1.00549451E+0 2.79299988E+2 2.88160000E+2
2.80200012E+2 1.00549451E+0 2.80200012E+2 2.88160000E+2
2.81200012E+2 1.01526251E+0 2.81299988E+2 2.88160000E+2
2.82200012E+2 1.00549451E+0 2.82299988E+2 2.88160000E+2
2.83200012E+2 1.00549451E+0 2.83299988E+2 2.88160000E+2
2.84200012E+2 1.00549451E+0 2.84299988E+2 2.88160000E+2
2.85200012E+2 1.00488400E+0 2.85200012E+2 2.88160000E+2
2.86200012E+2 1.00549451E+0 2.86299988E+2 2.88160000E+2
2.87200012E+2 1.00488400E+0 2.87200012E+2 2.88160000E+2
2.88200012E+2 1.00549451E+0 2.88299988E+2 2.88160000E+2
2.89200012E+2 1.00549451E+0 2.89299988E+2 2.88160000E+2
2.90200012E+2 1.00549451E+0 2.90299988E+2 2.88160000E+2
2.91200012E+2 1.00549451E+0 2.91299988E+2 2.88160000E+2
2.92200012E+2 1.01465201E+0 2.92200012E+2 2.88160000E+2
2.93200012E+2 1.00549451E+0 2.93200012E+2 2.88160000E+2
2.94200012E+2 1.00549451E+0 2.94299988E+2 2.88160000E+2
2.95200012E+2 1.00549451E+0 2.95200012E+2 2.88160000E+2
2.96200012E+2 1.00549451E+0 2.96200012E+2 2.88160000E+2
2.97200012E+2 1.00549451E+0 2.97299988E+2 2.88160000E+2
2.98200012E+2 1.00488400E+0 2.98200012E+2 2.88160000E+2
2.99200012E+2 1.00488400E+0 2.99299988E+2 2.88160000E+2
3.00200012E+2 1.00488400E+0 3.00299988E+2 2.88160000E+2
3.01200012E+2 1.00488400E+0 3.01299988E+2 2.88160000E+2
3.02200012E+2 1.01526251E+0 3.02299988E+2 2.88160000E+2
3.03200012E+2 1.01526251E+0 3.03200012E+2 2.88160000E+2
3.04200012E+2 1.00488400E+0 3.04299988E+2 2.88160000E+2
3.05200012E+2 1.00549451E+0 3.05299988E+2 2.88160000E+2
3.06200012E+2 1.00549451E+0 3.06200012E+2 2.88160000E+2
3.07200012E+2 1.01526251E+0 3.07299988E+2 2.88160000E+2
3.08200012E+2 1.01526251E+0 3.08299988E+2 2.88160000E+2
3.09200012E+2 1.00549451E+0 3.09299988E+2 2.88160000E+2
3.10200012E+2 1.01526251E+0 3.10299988E+2 2.88160000E+2
3.11200012E+2 1.00549451E+0 3.11299988E+2 2.88160000E+2
3.12200012E+2 1.00549451E+0 3.12200012E+2 2.88160000E+2
3.13200012E+2 1.01526251E+0 3.13299988E+2 2.88160000E+2
3.14200012E+2 1.00549451E+0 3.14200012E+2 2.88160000E+2
3.15200012E+2 1.00549451E+0 3.15200012E+2 2.88160000E+2
3.16200012E+2 1.00549451E+0 3.16299988E+2 2.88160000E+2
3.17200012E+2 1.00549451E+0 3.17200012E+2 2.88160000E+2
3.18200012E+2 1.00549451E+0 3.18299988E+2 2.88160000E+2
3.19200012E+2 1.00549451E+0 3.19200012E+2 2.88160000E+2
3.20200012E+2 1.00549451E+0 3.20200012E+2 2.88160000E+2
3.21200012E+2 1.00549451E+0 3.21299988E+2 2.88160000E+2
3.22200012E+2 1.00549451E+0 3.22200012E+2 2.88160000E+2
3.23200012E+2 1.01526251E+0 3.23299988E+2 2.88160000E+2
3.24200012E+2 1.00549451E+0 3.24299988E+2 2.88160000E+2
3.25200012E+2 1.00549451E+0 3.25200012E+2 2.88160000E+2
3.26200012E+2 1.00549451E+0 3.26299988E+2 2.88160000E+2
3.27200012E+2 1.00488400E+0 3.27200012E+2 2.88160000E+2
3.28200012E+2 1.00549451E+0 3.28299988E+2 2.88160000E+2
3.29200012E+2 1.00549451E+0 3.29299988E+2 2.88160000E+2
3.30200012E+2 1.00549451E+0 3.30299988E+2 2.88160000E+2
3.31200012E+2 1.01526251E+0 3.31200012E+2 2.88160000E+2
3.32200012E+2 1.01465201E+0 3.32299988E+2 2.88160000E+2
3.33200012E+2 1.01465201E+0 3.33200012E+2 2.88160000E+2
3.34200012E+2 1.00549451E+0 3.34299988E+2 2.88160000E+2
3.35200012E+2 1.00549451E+0 3.35200012E+2 2.88160000E+2
3.36200012E+2 1.00549451E+0 3.36299988E+2 2.88160000E+2
3.37200012E+2 1.00488400E+0 3.37299988E+2 2.88160000E+2
3.38200012E+2 1.01526251E+0 3.38200012E+2 2.88160000E+2
3.39200012E+2 1.00549451E+0 3.39200012E+2 2.88160000E+2
3.40200012E+2 1.00549451E+0 3.40299988E+2 2.88160000E+2
3.41200012E+2 1.00549451E+0 3.41200012E+2 2.88160000E+2
3.42200012E+2 1.00549451E+0 3.42299988E+2 2.88160000E+2
3.43200012E+2 1.00549451E+0 3.43299988E+2 2.88160000E+2
3.44200012E+2 1.00549451E+0 3.44200012E+2 2.88160000E+2
3.45200012E+2 1.00488400E+0 3.45299988E+2 2.88160000E+2
3.46200012E+2 1.00549451E+0 3.46299988E+2 2.88160000E+2
3.47200012E+2 1.00488400E+0 3.47200012E+2 2.88160000E+2
3.48200012E+2 1.01526251E+0 3.48299988E+2 2.88160000E+2
3.49200012E+2 1.00549451E+0 3.49299988E+2 2.88160000E+2
3.50200012E+2 1.00549451E+0 3.50200012E+2 2.88160000E+2
3.51200012E+2 1.00549451E+0 3.51299988E+2 2.88160000E+2
3.52200012E+2 1.00549451E+0 3.52200012E+2 2.88160000E+2
3.53200012E+2 1.00488400E+0 3.53299988E+2 2.88160000E+2
3.54200012E+2 1.00549451E+0 3.54299988E+2 2.88160000E+2
3.55200012E+2 1.00549451E+0 3.55299988E+2 2.88160000E+2
3.56200012E+2 1.00549451E+0 3.56299988E+2 2.88160000E+2
3.57200012E+2 1.00549451E+0 3.57299988E+2 2.88160000E+2
3.58200012E+2 1.01465201E+0 3.58200012E+2 2.88160000E+2
3.59200012E+2 1.01526251E+0 3.59299988E+2 2.88160000E+2
3.60200012E+2 1.00549451E+0 3.60200012E+2 2.88160000E+2
3.61200012E+2 1.00549451E+0 3.61299988E+2 2.88160000E+2
3.62200012E+2 1.00549451E+0 3.62200012E+2 2.88222500E+2
3.63200012E+2 1.00488400E+0 3.63299988E+2 2.88160000E+2
3.64200012E+2 1.00549451E+0 3.64299988E+2 2.88160000E+2
3.65200012E+2 1.00549451E+0 3.65200012E+2 2.88160000E+2
3.66200012E+2 1.01526251E+0 3.66200012E+2 2.88160000E+2
3.67200012E+2 1.00549451E+0 3.67299988E+2 2.88222500E+2
3.68200012E+2 1.00549451E+0 3.68200012E+2 2.88160000E+2
3.69200012E+2 1.00549451E+0 3.69299988E+2 2.88160000E+2
3.70200012E+2 1.00549451E+0 3.70200012E+2 2.88160000E+2
3.71200012E+2 1.00549451E+0 3.71200012E+2 2.88160000E+2
3.72200012E+2 1.00549451E+0 3.72299988E+2 2.88160000E+2
3.73200012E+2 1.00549451E+0 3.73299988E+2 2.88160000E+2
3.74200012E+2 1.00549451E+0 3.74299988E+2 2.88160000E+2
3.75200012E+2 1.01526251E+0 3.75299988E+2 2.88160000E+2
3.76200012E+2 1.00549451E+0 3.76200012E+2 2.88222500E+2
3.77200012E+2 1.00488400E+0 3.77299988E+2 2.88222500E+2
3.78200012E+2 1.00549451E+0 3.78299988E+2 2.88160000E+2
3.79200012E+2 1.01526251E+0 3.79200012E+2 2.88222500E+2
3.80200012E+2 1.01526251E+0 3.80299988E+2 2.88160000E+2
3.81200012E+2 1.00549451E+0 3.81200012E+2 2.88222500E+2
3.82200012E+2 1.00549451E+0 3.82299988E+2 2.88222500E+2
3.83200012E+2 1.00549451E+0 3.83299988E+2 2.88160000E+2
3.84200012E+2 1.01465201E+0 3.84200012E+2 2.88222500E+2
3.85200012E+2 1.00549451E+0 3.85299988E+2 2.88222500E+2
3.86200012E+2 1.00549451E+0 3.86299988E+2 2.88160000E+2
3.87200012E+2 1.00488400E+0 3.87200012E+2 2.88222500E+2
3.88200012E+2 1.00549451E+0 3.88299988E+2 2.88222500E+2
3.89200012E+2 1.00549451E+0 3.89200012E+2 2.88222500E+2
3.90200012E+2 1.00549451E+0 3.90200012E+2 2.88222500E+2
3.91200012E+2 1.00549451E+0 3.91299988E+2 2.88222500E+2
3.92200012E+2 1.00549451E+0 3.92299988E+2 2.88222500E+2
3.93200012E+2 1.00549451E+0 3.93200012E+2 2.88222500E+2
3.94200012E+2 1.01526251E+0 3.94299988E+2 2.88222500E+2
3.95200012E+2 1.00549451E+0 3.95299988E+2 2.88222500E+2
3.96200012E+2 1.00488400E+0 3.96299988E+2 2.88222500E+2
3.97200012E+2 1.00488400E+0 3.97200012E+2 2.88222500E+2
3.98200012E+2 1.01526251E+0 3.98200012E+2 2.88160000E+2
3.99200012E+2 1.00549451E+0 3.99299988E+2 2.88222500E+2
4.00200012E+2 1.00549451E+0 4.00200012E+2 2.88222500E+2
4.01200012E+2 1.00549451E+0 4.01299988E+2 2.88160000E+2
4.02200012E+2 1.00549451E+0 4.02299988E+2 2.88222500E+2
4.03200012E+2 1.00549451E+0 4.03200012E+2 2.88160000E+2
4.04200012E+2 1.00549451E+0 4.04299988E+2 2.88222500E+2
4.05200012E+2 1.00549451E+0 4.05200012E+2 2.88222500E+2
4.06200012E+2 1.01526251E+0 4.06200012E+2 2.88160000E+2
4.07200012E+2 1.00549451E+0 4.07299988E+2 2.88222500E+2
4.08200012E+2 1.00549451E+0 4.08200012E+2 2.88160000E+2
4.09200012E+2 1.00488400E+0 4.09299988E+2 2.88160000E+2
4.10200012E+2 1.00549451E+0 4.10299988E+2 2.88222500E+2
4.11200012E+2 1.00549451E+0 4.11299988E+2 2.88222500E+2
4.12200012E+2 1.00549451E+0 4.12299988E+2 2.88222500E+2
4.13200012E+2 1.00549451E+0 4.13299988E+2 2.88222500E+2
4.14200012E+2 1.00549451E+0 4.14200012E+2 2.88222500E+2
4.15200012E+2 1.00488400E+0 4.15299988E+2 2.88222500E+2
4.16200012E+2 1.00488400E+0 4.16200012E+2 2.88222500E+2
4.17200012E+2 1.00549451E+0 4.17200012E+2 2.88222500E+2
4.18200012E+2 1.01526251E+0 4.18299988E+2 2.88222500E+2
4.19200012E+2 1.00549451E+0 4.19299988E+2 2.88222500E+2
4.20200012E+2 1.00549451E+0 4.20299988E+2 2.88222500E+2
4.21200012E+2 1.00549451E+0 4.21299988E+2 2.88222500E+2
4.22200012E+2 1.00549451E+0 4.22200012E+2 2.88222500E+2
4.23200012E+2 1.00549451E+0 4.23299988E+2 2.88222500E+2
4.24200012E+2 1.01526251E+0 4.24200012E+2 2.88222500E+2
4.25200012E+2 1.00549451E+0 4.25200012E+2 2.88222500E+2
4.26200012E+2 1.00488400E+0 4.26299988E+2 2.88222500E+2
4.27200012E+2 1.01526251E+0 4.27200012E+2 2.88222500E+2
4.28200012E+2 1.00549451E+0 4.28200012E+2 2.88222500E+2
4.29200012E+2 1.01526251E+0 4.29299988E+2 2.88222500E+2
4.30200012E+2 1.00549451E+0 4.30200012E+2 2.88222500E+2
4.31200012E+2 1.00549451E+0 4.31299988E+2 2.88222500E+2
4.32200012E+2 1.00488400E+0 4.32200012E+2 2.88222500E+2
4.33200012E+2 1.00610501E+0 4.33299988E+2 2.88222500E+2
4.34200012E+2 1.00549451E+0 4.34299988E+2 2.88222500E+2
4.35200012E+2 1.00488400E+0 4.35200012E+2 2.88222500E+2
4.36200012E+2 1.01465201E+0 4.36200012E+2 2.88222500E+2
4.37200012E+2 1.00549451E+0 4.37299988E+2 2.88222500E+2
4.38200012E+2 1.00549451E+0 4.38200012E+2 2.88222500E+2
4.39200012E+2 1.01465201E+0 4.39299988E+2 2.88222500E+2
4.40200012E+2 1.01526251E+0 4.40200012E+2 2.88222500E+2
4.41200012E+2 1.00549451E+0 4.41299988E+2 2.88222500E+2
4.42200012E+2 1.00549451E+0 4.42299988E+2 2.88222500E+2
4.43200012E+2 1.00549451E+0 4.43200012E+2 2.88222500E+2
4.44200012E+2 1.00488400E+0 4.44200012E+2 2.88222500E+2
4.45200012E+2 1.00549451E+0 4.45299988E+2 2.88222500E+2
4.46200012E+2 1.00549451E+0 4.46200012E+2 2.88222500E+2
4.47200012E+2 1.00549451E+0 4.47299988E+2 2.88222500E+2
4.48200012E+2 1.00549451E+0 4.48200012E+2 2.88222500E+2
4.49200012E+2 1.01526251E+0 4.49299988E+2 2.88222500E+2
4.50200012E+2 1.00549451E+0 4.50299988E+2 2.88222500E+2
4.51200012E+2 1.00549451E+0 4.51200012E+2 2.88222500E+2
4.52200012E+2 1.00549451E+0 4.52200012E+2 2.88222500E+2
4.53200012E+2 1.00549451E+0 4.53299988E+2 2.88222500E+2
4.54200012E+2 1.00488400E+0 4.54200012E+2 2.88222500E+2
4.55200012E+2 1.00549451E+0 4.55299988E+2 2.88222500E+2
4.56200012E+2 1.00549451E+0 4.56299988E+2 2.88222500E+2
4.57200012E+2 1.01526251E+0 4.57200012E+2 2.88222500E+2
4.58200012E+2 1.00549451E+0 4.58299988E+2 2.88222500E+2
4.59200012E+2 1.00549451E+0 4.59200012E+2 2.88222500E+2
4.60200012E+2 1.01526251E+0 4.60299988E+2 2.88222500E+2
4.61200012E+2 1.00549451E+0 4.61299988E+2 2.88222500E+2
4.62200012E+2 1.00549451E+0 4.62200012E+2 2.88222500E+2
4.63200012E+2 1.00549451E+0 4.63299988E+2 2.88222500E+2
4.64200012E+2 1.00549451E+0 4.64299988E+2 2.88222500E+2
4.65200012E+2 1.00549451E+0 4.65299988E+2 2.88222500E+2
4.66200012E+2 1.00549451E+0 4.66299988E+2 2.88222500E+2
4.67200012E+2 1.01526251E+0 4.67200012E+2 2.88222500E+2
4.68200012E+2 1.00549451E+0 4.68200012E+2 2.88222500E+2
4.69200012E+2 1.00488400E+0 4.69299988E+2 2.88222500E+2
4.70200012E+2 1.01526251E+0 4.70200012E+2 2.88222500E+2
4.71200012E+2 1.00549451E+0 4.71200012E+2 2.88222500E+2
4.72200012E+2 1.00549451E+0 4.72299988E+2 2.88222500E+2
4.73200012E+2 1.01526251E+0 4.73200012E+2 2.88222500E+2
4.74200012E+2 1.01526251E+0 4.74299988E+2 2.88222500E+2
4.75200012E+2 1.00549451E+0 4.75200012E+2 2.88222500E+2
4.76200012E+2 1.00549451E+0 4.76299988E+2 2.88222500E+2
4.77200012E+2 1.00549451E+0 4.77299988E+2 2.88222500E+2
4.78200012E+2 1.01526251E+0 4.78200012E+2 2.88222500E+2
4.79200012E+2 1.00549451E+0 4.79200012E+2 2.88222500E+2
4.80200012E+2 1.00488400E+0 4.80299988E+2 2.88222500E+2
4.81200012E+2 1.00549451E+0 4.81200012E+2 2.88222500E+2
4.82200012E+2 1.01465201E+0 4.82299988E+2 2.88222500E+2
4.83200012E+2 1.00488400E+0 4.83200012E+2 2.88222500E+2
4.84200012E+2 1.00549451E+0 4.84200012E+2 2.88222500E+2
4.85200012E+2 1.00549451E+0 4.85299988E+2 2.88222500E+2
4.86200012E+2 1.00549451E+0 4.86200012E+2 2.88222500E+2
4.87200012E+2 1.00549451E+0 4.87200012E+2 2.88222500E+2
4.88200012E+2 1.01526251E+0 4.88299988E+2 2.88222500E+2
4.89200012E+2 1.00549451E+0 4.89299988E+2 2.88222500E+2
4.90200012E+2 1.01526251E+0 4.90299988E+2 2.88222500E+2
4.91200012E+2 1.00549451E+0 4.91200012E+2 2.88222500E+2
4.92200012E+2 1.01526251E+0 4.92200012E+2 2.88222500E+2
4.93200012E+2 1.00549451E+0 4.93299988E+2 2.88222500E+2
4.94200012E+2 1.00549451E+0 4.94200012E+2 2.88222500E+2
4.95200012E+2 1.00549451E+0 4.95299988E+2 2.88222500E+2
4.96200012E+2 1.00549451E+0 4.96299988E+2 2.88222500E+2
4.97200012E+2 1.00549451E+0 4.97299988E+2 2.88222500E+2
4.98200012E+2 1.00549451E+0 4.98299988E+2 2.88222500E+2
4.99200012E+2 1.00488400E+0 4.99299988E+2 2.88222500E+2
5.00200012E+2 1.00549451E+0 5.00200012E+2 2.88222500E+2
5.01200012E+2 1.00549451E+0 5.01299988E+2 2.88222500E+2
5.02200012E+2 1.00549451E+0 5.02200012E+2 2.88222500E+2
5.03200012E+2 1.00549451E+0 5.03200012E+2 2.88222500E+2
5.04200012E+2 1.00549451E+0 5.04299988E+2 2.88222500E+2
5.05200012E+2 1.00549451E+0 5.05200012E+2 2.88222500E+2
5.06200012E+2 1.00549451E+0 5.06299988E+2 2.88222500E+2
5.07200012E+2 1.00549451E+0 5.07299988E+2 2.88222500E+2
5.08200012E+2 1.00549451E+0 5.08200012E+2 2.88222500E+2
5.09200012E+2 1.00549451E+0 5.09299988E+2 2.88222500E+2
5.10200012E+2 1.01526251E+0 5.10200012E+2 2.88222500E+2
5.11200012E+2 1.00549451E+0 5.11200012E+2 2.88222500E+2
5.12200012E+2 1.00549451E+0 5.12299988E+2 2.88222500E+2
5.13200012E+2 1.00549451E+0 5.13299988E+2 2.88222500E+2
5.14200012E+2 1.00488400E+0 5.14200012E+2 2.88222500E+2
5.15200012E+2 1.01526251E+0 5.15299988E+2 2.88222500E+2
5.16200012E+2 1.01465201E+0 5.16200012E+2 2.88222500E+2
5.17200012E+2 1.00549451E+0 5.17299988E+2 2.88222500E+2
5.18200012E+2 1.00549451E+0 5.18200012E+2 2.88222500E+2
5.19200012E+2 1.00488400E+0 5.19200012E+2 2.88222500E+2
5.20200012E+2 1.01526251E+0 5.20299988E+2 2.88222500E+2
5.21200012E+2 1.00549451E+0 5.21200012E+2 2.88222500E+2
5.22200012E+2 1.00549451E+0 5.22200012E+2 2.88222500E+2
5.23200012E+2 1.01526251E+0 5.23299988E+2 2.88222500E+2
5.24200012E+2 1.00549451E+0 5.24200012E+2 2.88222500E+2
5.25200012E+2 1.00549451E+0 5.25299988E+2 2.88222500E+2
5.26200012E+2 1.01526251E+0 5.26200012E+2 2.88222500E+2
5.27200012E+2 1.00488400E+0 5.27200012E+2 2.88222500E+2
5.28200012E+2 1.01526251E+0 5.28299988E+2 2.88222500E+2
5.29200012E+2 1.00549451E+0 5.29200012E+2 2.88222500E+2
5.30200012E+2 1.00549451E+0 5.30200012E+2 2.88222500E+2
5.31200012E+2 1.01465201E+0 5.31299988E+2 2.88222500E+2
5.32200012E+2 1.01526251E+0 5.32200012E+2 2.88222500E+2
5.33200012E+2 1.00549451E+0 5.33299988E+2 2.88222500E+2
5.34200012E+2 1.00610501E+0 5.34299988E+2 2.88222500E+2
5.35200012E+2 1.01526251E+0 5.35200012E+2 2.88222500E+2
5.36200012E+2 1.01526251E+0 5.36299988E+2 2.88222500E+2
5.37200012E+2 1.00549451E+0 5.37200012E+2 2.88222500E+2
5.38200012E+2 1.00549451E+0 5.38200012E+2 2.88222500E+2
5.39200012E+2 1.00549451E+0 5.39299988E+2 2.88222500E+2
5.40200012E+2 1.00549451E+0 5.40200012E+2 2.88222500E+2
5.41200012E+2 1.00549451E+0 5.41299988E+2 2.88222500E+2
5.42200012E+2 1.00549451E+0 5.42299988E+2 2.88222500E+2
5.43200012E+2 1.01526251E+0 5.43200012E+2 2.88222500E+2
5.44200012E+2 1.00549451E+0 5.44299988E+2 2.88222500E+2
5.45200012E+2 1.00488400E+0 5.45200012E+2 2.88222500E+2
5.46200012E+2 1.01526251E+0 5.46200012E+2 2.88222500E+2
5.47200012E+2 1.01526251E+0 5.47299988E+2 2.88222500E+2
5.48200012E+2 1.00610501E+0 5.48299988E+2 2.88222500E+2
5.49200012E+2 1.00549451E+0 5.49200012E+2 2.88222500E+2
5.50200012E+2 1.00549451E+0 5.50299988E+2 2.88222500E+2
5.51200012E+2 1.00488400E+0 5.51299988E+2 2.88222500E+2
5.52200012E+2 1.01526251E+0 5.52299988E+2 2.88222500E+2
5.53200012E+2 1.00549451E+0 5.53299988E+2 2.88222500E+2
5.54200012E+2 1.00549451E+0 5.54200012E+2 2.88222500E+2
5.55200012E+2 1.00549451E+0 5.55299988E+2 2.88222500E+2
5.56200012E+2 1.00549451E+0 5.56299988E+2 2.88222500E+2
5.57200012E+2 1.01526251E+0 5.57200012E+2 2.88222500E+2
5.58200012E+2 1.00488400E+0 5.58299988E+2 2.88222500E+2
5.59200012E+2 1.00549451E+0 5.59200012E+2 2.88222500E+2
5.60200012E+2 1.01526251E+0 5.60299988E+2 2.88222500E+2
5.61200012E+2 1.00549451E+0 5.61299988E+2 2.88222500E+2
5.62200012E+2 1.01526251E+0 5.62200012E+2 2.88222500E+2
5.63200012E+2 1.00549451E+0 5.63299988E+2 2.88222500E+2
5.64200012E+2 1.00549451E+0 5.64200012E+2 2.88222500E+2
5.65200012E+2 1.00549451E+0 5.65200012E+2 2.88222500E+2
5.66200012E+2 1.01526251E+0 5.66299988E+2 2.88222500E+2
5.67200012E+2 1.00549451E+0 5.67200012E+2 2.88222500E+2
5.68200012E+2 1.00549451E+0 5.68299988E+2 2.88222500E+2
5.69200012E+2 1.00549451E+0 5.69200012E+2 2.88222500E+2
5.70200012E+2 1.00549451E+0 5.70200012E+2 2.88222500E+2
5.71200012E+2 1.00549451E+0 5.71299988E+2 2.88285000E+2
5.72200012E+2 1.00549451E+0 5.72200012E+2 2.88222500E+2
5.73200012E+2 1.01526251E+0 5.73200012E+2 2.88222500E+2
5.74200012E+2 1.00549451E+0 5.74299988E+2 2.88222500E+2
5.75200012E+2 1.00549451E+0 5.75200012E+2 2.88222500E+2
5.76200012E+2 1.00549451E+0 5.76299988E+2 2.88222500E+2
5.77200012E+2 1.00549451E+0 5.77299988E+2 2.88222500E+2
5.78200012E+2 1.00549451E+0 5.78200012E+2 2.88222500E+2
5.79200012E+2 1.00610501E+0 5.79299988E+2 2.88285000E+2
5.80200012E+2 1.00549451E+0 5.80200012E+2 2.88222500E+2
5.81200012E+2 1.00549451E+0 5.81200012E+2 2.88285000E+2
5.82200012E+2 1.00549451E+0 5.82299988E+2 2.88222500E+2
5.83200012E+2 1.00549451E+0 5.83200012E+2 2.88285000E+2
5.84200012E+2 1.00549451E+0 5.84299988E+2 2.88222500E+2
5.85200012E+2 1.00549451E+0 5.85299988E+2 2.88285000E+2
5.86200012E+2 1.01526251E+0 5.86299988E+2 2.88222500E+2
5.87200012E+2 1.01465201E+0 5.87299988E+2 2.88222500E+2
5.88200012E+2 1.00549451E+0 5.88299988E+2 2.88285000E+2
5.89200012E+2 1.00488400E+0 5.89200012E+2 2.88222500E+2
5.90200012E+2 1.01526251E+0 5.90299988E+2 2.88222500E+2
5.91200012E+2 1.00549451E+0 5.91200012E+2 2.88285000E+2
5.92200012E+2 1.01526251E+0 5.92200012E+2 2.88222500E+2
5.93200012E+2 1.00549451E+0 5.93299988E+2 2.88285000E+2
5.94200012E+2 1.01526251E+0 5.94299988E+2 2.88285000E+2
5.95200012E+2 1.00549451E+0 5.95299988E+2 2.88285000E+2
5.96200012E+2 1.00549451E+0 5.96299988E+2 2.88285000E+2
5.97200012E+2 1.01526251E+0 5.97200012E+2 2.88285000E+2
5.98200012E+2 1.00549451E+0 5.98299988E+2 2.88222500E+2
5.99200012E+2 1.00549451E+0 5.99200012E+2 2.88285000E+2
6.00200012E+2 1.01526251E+0 6.00200012E+2 2.88285000E+2
6.01200012E+2 1.00549451E+0 6.01299988E+2 2.88222500E+2
6.02200012E+2 1.00549451E+0 6.02200012E+2 2.88285000E+2
6.03200012E+2 1.00549451E+0 6.03299988E+2 2.88285000E+2
6.04200012E+2 1.00488400E+0 6.04200012E+2 2.88285000E+2
6.05200012E+2 1.00549451E+0 6.05299988E+2 2.88285000E+2
6.06200012E+2 1.00549451E+0 6.06299988E+2 2.88285000E+2
6.07200012E+2 1.00549451E+0 6.07299988E+2 2.88285000E+2
6.08200012E+2 1.00549451E+0 6.08299988E+2 2.88222500E+2
6.09200012E+2 1.00549451E+0 6.09299988E+2 2.88285000E+2
6.10200012E+2 1.00549451E+0 6.10200012E+2 2.88285000E+2
6.11200012E+2 1.00549451E+0 6.11299988E+2 2.88222500E+2
6.12200012E+2 1.00549451E+0 6.12299988E+2 2.88285000E+2
6.13200012E+2 1.00549451E+0 6.13299988E+2 2.88285000E+2
6.14200012E+2 1.00549451E+0 6.14299988E+2 2.88285000E+2
6.15200012E+2 1.00549451E+0 6.15299988E+2 2.88285000E+2
6.16200012E+2 1.00549451E+0 6.16200012E+2 2.88285000E+2
6.17200012E+2 1.00549451E+0 6.17299988E+2 2.88285000E+2
6.18200012E+2 1.00549451E+0 6.18200012E+2 2.88285000E+2
6.19200012E+2 1.00549451E+0 6.19299988E+2 2.88285000E+2
6.20200012E+2 1.00549451E+0 6.20299988E+2 2.88285000E+2
6.21200012E+2 1.00488400E+0 6.21200012E+2 2.88285000E+2
6.22200012E+2 1.00549451E+0 6.22299988E+2 2.88285000E+2
6.23200012E+2 1.00549451E+0 6.23200012E+2 2.88285000E+2
6.24200012E+2 1.00549451E+0 6.24299988E+2 2.88285000E+2
6.25200012E+2 1.00488400E+0 6.25299988E+2 2.88285000E+2
6.26200012E+2 1.00549451E+0 6.26299988E+2 2.88285000E+2
6.27200012E+2 1.00549451E+0 6.27299988E+2 2.88285000E+2
6.28200012E+2 1.00549451E+0 6.28299988E+2 2.88285000E+2
6.29200012E+2 1.01465201E+0 6.29200012E+2 2.88285000E+2
6.30200012E+2 1.00488400E+0 6.30299988E+2 2.88285000E+2
6.31200012E+2 1.00549451E+0 6.31200012E+2 2.88285000E+2
6.32200012E+2 1.01526251E+0 6.32200012E+2 2.88285000E+2
6.33200012E+2 1.00549451E+0 6.33299988E+2 2.88285000E+2
6.34200012E+2 1.00549451E+0 6.34200012E+2 2.88285000E+2
6.35200012E+2 1.00549451E+0 6.35200012E+2 2.88285000E+2
6.36200012E+2 1.00549451E+0 6.36299988E+2 2.88285000E+2
6.37200012E+2 1.00549451E+0 6.37200012E+2 2.88285000E+2
6.38200012E+2 1.00549451E+0 6.38299988E+2 2.88285000E+2
6.39200012E+2 1.00549451E+0 6.39299988E+2 2.88285000E+2
6.40200012E+2 1.00549451E+0 6.40200012E+2 2.88285000E+2
6.41200012E+2 1.00549451E+0 6.41299988E+2 2.88285000E+2
6.42200012E+2 1.00549451E+0 6.42200012E+2 2.88285000E+2
6.43200012E+2 1.00549451E+0 6.43200012E+2 2.88285000E+2
6.44200012E+2 1.01526251E+0 6.44299988E+2 2.88285000E+2
6.45200012E+2 1.00549451E+0 6.45299988E+2 2.88285000E+2
6.46200012E+2 1.00549451E+0 6.46299988E+2 2.88285000E+2
6.47200012E+2 1.00549451E+0 6.47200012E+2 2.88285000E+2
6.48200012E+2 1.01526251E+0 6.48200012E+2 2.88285000E+2
6.49200012E+2 1.00549451E+0 6.49299988E+2 2.88285000E+2
6.50200012E+2 1.00549451E+0 6.50299988E+2 2.88285000E+2
6.51200012E+2 1.00549451E+0 6.51200012E+2 2.88285000E+2
6.52200012E+2 1.00549451E+0 6.52299988E+2 2.88285000E+2
6.53200012E+2 1.00549451E+0 6.53200012E+2 2.88285000E+2
6.54200012E+2 1.01526251E+0 6.54299988E+2 2.88285000E+2
6.55200012E+2 1.01526251E+0 6.55299988E+2 2.88285000E+2
6.56200012E+2 1.00549451E+0 6.56299988E+2 2.88285000E+2
6.57200012E+2 1.00488400E+0 6.57299988E+2 2.88285000E+2
6.58200012E+2 1.00488400E+0 6.58200012E+2 2.88285000E+2
6.59200012E+2 1.00549451E+0 6.59200012E+2 2.88285000E+2
6.60200012E+2 1.00549451E+0 6.60299988E+2 2.88285000E+2
6.61200012E+2 1.00549451E+0 6.61200012E+2 2.88285000E+2
6.62200012E+2 1.00549451E+0 6.62299988E+2 2.88285000E+2
6.63200012E+2 1.01526251E+0 6.63299988E+2 2.88285000E+2
6.64200012E+2 1.00549451E+0 6.64200012E+2 2.88285000E+2
6.65200012E+2 1.01526251E+0 6.65299988E+2 2.88285000E+2
6.66200012E+2 1.00549451E+0 6.66200012E+2 2.88285000E+2
6.67200012E+2 1.00549451E+0 6.67200012E+2 2.88285000E+2
6.68200012E+2 1.00549451E+0 6.68299988E+2 2.88285000E+2
6.69200012E+2 1.00549451E+0 6.69200012E+2 2.88285000E+2
6.70200012E+2 1.00610501E+0 6.70200012E+2 2.88285000E+2
6.71200012E+2 1.00549451E+0 6.71299988E+2 2.88285000E+2
6.72200012E+2 1.00488400E+0 6.72200012E+2 2.88285000E+2
6.73200012E+2 1.00549451E+0 6.73299988E+2 2.88285000E+2
6.74200012E+2 1.00549451E+0 6.74200012E+2 2.88285000E+2
6.75200012E+2 1.00549451E+0 6.75299988E+2 2.88285000E+2
6.76200012E+2 1.00549451E+0 6.76299988E+2 2.88285000E+2
6.77200012E+2 1.00549451E+0 6.77200012E+2 2.88285000E+2
6.78200012E+2 1.00488400E+0 6.78200012E+2 2.88285000E+2
6.79200012E+2 1.00549451E+0 6.79299988E+2 2.88285000E+2
