0.00000000E+0 1.00863813E+0 1.00000001E-1 2.88472500E+2
1.10000002E+0 1.00858409E+0 1.20000005E+0 2.88472500E+2
2.09999990E+0 1.00855859E+0 2.20000005E+0 2.88472500E+2
3.09999990E+0 1.00845154E+0 3.20000005E+0 2.88472500E+2
4.19999981E+0 1.00835979E+0 4.19999981E+0 2.88472500E+2
5.19999981E+0 1.00851263E+0 5.19999981E+0 2.88472500E+2
6.19999981E+0 1.00856907E+0 6.30000019E+0 2.88472500E+2
7.19999981E+0 1.00840145E+0 7.30000019E+0 2.88472500E+2
8.19999981E+0 1.00852093E+0 8.30000019E+0 2.88472500E+2
9.19999981E+0 1.00857012E+0 9.30000019E+0 2.88535000E+2
1.01999998E+1 1.00850960E+0 1.03000002E+1 2.88472500E+2
1.11999998E+1 1.00845982E+0 1.13000002E+1 2.88472500E+2
1.23000002E+1 1.00858953E+0 1.23000002E+1 2.88472500E+2
1.31999998E+1 1.00856964E+0 1.33000002E+1 2.88472500E+2
1.41999998E+1 1.00844293E+0 1.43000002E+1 2.88472500E+2
1.51999998E+1 1.00849475E+0 1.53000002E+1 2.88535000E+2
1.62000008E+1 1.00851697E+0 1.62999992E+1 2.88535000E+2
1.72000008E+1 1.00836017E+0 1.72999992E+1 2.88535000E+2
1.82999992E+1 1.00844259E+0 1.82999992E+1 2.88535000E+2
1.92000008E+1 1.00838822E+0 1.92999992E+1 2.88472500E+2
2.02000008E+1 1.00862933E+0 2.02999992E+1 2.88472500E+2
2.12000008E+1 1.00833011E+0 2.12999992E+1 2.88535000E+2
2.22000008E+1 1.00841359E+0 2.22999992E+1 2.88535000E+2
2.32000008E+1 1.00856732E+0 2.32999992E+1 2.88535000E+2
2.42000008E+1 1.00838674E+0 2.42999992E+1 2.88535000E+2
2.52999992E+1 1.00851896E+0 2.52999992E+1 2.88472500E+2
2.62999992E+1 1.00858398E+0 2.62999992E+1 2.88472500E+2
2.72000008E+1 1.00854882E+0 2.72999992E+1 2.88535000E+2
2.82999992E+1 1.00849598E+0 2.82999992E+1 2.88472500E+2
2.92000008E+1 1.00853157E+0 2.92999992E+1 2.88535000E+2
3.02000008E+1 1.00836164E+0 3.02999992E+1 2.88535000E+2
3.12000008E+1 1.00844101E+0 3.12999992E+1 2.88472500E+2
3.22000008E+1 1.00848761E+0 3.22999992E+1 2.88472500E+2
3.32000008E+1 1.00849511E+0 3.32999992E+1 2.88535000E+2
3.42000008E+1 1.00854031E+0 3.42999992E+1 2.88535000E+2
3.52000008E+1 1.00853454E+0 3.52999992E+1 2.88472500E+2
3.62000008E+1 1.00860880E+0 3.62999992E+1 2.88535000E+2
3.72000008E+1 1.00852696E+0 3.72999992E+1 2.88535000E+2
3.82000008E+1 1.00846518E+0 3.82999992E+1 2.88535000E+2
3.92000008E+1 1.00852801E+0 3.92999992E+1 2.88535000E+2
4.02000008E+1 1.00856106E+0 4.02999992E+1 2.88535000E+2
4.12000008E+1 1.00840274E+0 4.12999992E+1 2.88535000E+2
4.22000008E+1 1.00852692E+0 4.22999992E+1 2.88472500E+2
4.32000008E+1 1.00852630E+0 4.32999992E+1 2.88535000E+2
4.42000008E+1 1.00860230E+0 4.42999992E+1 2.88535000E+2
4.52999992E+1 1.00858366E+0 4.52999992E+1 2.88535000E+2
4.62000008E+1 1.00842976E+0 4.62999992E+1 2.88535000E+2
4.72000008E+1 1.00847742E+0 4.72999992E+1 2.88535000E+2
4.82000008E+1 1.00860011E+0 4.82999992E+1 2.88535000E+2
4.92999992E+1 1.00842595E+0 4.92999992E+1 2.88472500E+2
5.02000008E+1 1.00863973E+0 5.02999992E+1 2.88535000E+2
5.12000008E+1 1.00837299E+0 5.12999992E+1 2.88535000E+2
5.22000008E+1 1.00840122E+0 5.22999992E+1 2.88535000E+2
5.32000008E+1 1.00852457E+0 5.32999992E+1 2.88535000E+2
5.42000008E+1 1.00844494E+0 5.42999992E+1 2.88535000E+2
5.52000008E+1 1.00841054E+0 5.52999992E+1 2.88535000E+2
5.62000008E+1 1.00850262E+0 5.62999992E+1 2.88535000E+2
5.72000008E+1 1.00859400E+0 5.72999992E+1 2.88535000E+2
5.82999992E+1 1.00850422E+0 5.82999992E+1 2.88535000E+2
5.92000008E+1 1.00856638E+0 5.92999992E+1 2.88472500E+2
6.02000008E+1 1.00850016E+0 6.02999992E+1 2.88535000E+2
6.12000008E+1 1.00836497E+0 6.12999992E+1 2.88472500E+2
6.22000008E+1 1.00843427E+0 6.22999992E+1 2.88535000E+2
6.32999992E+1 1.00845955E+0 6.32999992E+1 2.88535000E+2
6.41999969E+1 1.00849851E+0 6.43000031E+1 2.88535000E+2
6.53000031E+1 1.00842249E+0 6.53000031E+1 2.88535000E+2
6.61999969E+1 1.00838644E+0 6.63000031E+1 2.88535000E+2
6.71999969E+1 1.00853196E+0 6.73000031E+1 2.88535000E+2
6.83000031E+1 1.00846253E+0 6.83000031E+1 2.88535000E+2
6.91999969E+1 1.00855071E+0 6.93000031E+1 2.88535000E+2
7.01999969E+1 1.00850010E+0 7.03000031E+1 2.88535000E+2
7.13000031E+1 1.00849758E+0 7.13000031E+1 2.88535000E+2
7.23000031E+1 1.00855578E+0 7.23000031E+1 2.88535000E+2
7.31999969E+1 1.00857069E+0 7.33000031E+1 2.88535000E+2
7.41999969E+1 1.00843092E+0 7.43000031E+1 2.88535000E+2
7.51999969E+1 1.00855841E+0 7.53000031E+1 2.88535000E+2
7.61999969E+1 1.00853065E+0 7.63000031E+1 2.88535000E+2
7.73000031E+1 1.00838024E+0 7.73000031E+1 2.88535000E+2
7.81999969E+1 1.00851726E+0 7.83000031E+1 2.88535000E+2
7.93000031E+1 1.00846433E+0 7.93000031E+1 2.88535000E+2
8.01999969E+1 1.00857414E+0 8.03000031E+1 2.88535000E+2
8.11999969E+1 1.00852812E+0 8.13000031E+1 2.88535000E+2
8.23000031E+1 1.00853874E+0 8.23000031E+1 2.88535000E+2
8.31999969E+1 1.00849464E+0 8.33000031E+1 2.88535000E+2
8.43000031E+1 1.00843375E+0 8.43000031E+1 2.88535000E+2
8.51999969E+1 1.00848267E+0 8.53000031E+1 2.88535000E+2
8.61999969E+1 1.00851430E+0 8.63000031E+1 2.88535000E+2
8.71999969E+1 1.00845170E+0 8.73000031E+1 2.88535000E+2
8.83000031E+1 1.00856734E+0 8.83000031E+1 2.88535000E+2
8.91999969E+1 1.00854761E+0 8.93000031E+1 2.88535000E+2
9.01999969E+1 1.00864238E+0 9.03000031E+1 2.88535000E+2
9.11999969E+1 1.00838888E+0 9.13000031E+1 2.88535000E+2
9.23000031E+1 1.00844409E+0 9.23000031E+1 2.88535000E+2
9.31999969E+1 1.00847096E+0 9.33000031E+1 2.88535000E+2
9.41999969E+1 1.00850748E+0 9.43000031E+1 2.88535000E+2
9.51999969E+1 1.00854619E+0 9.53000031E+1 2.88535000E+2
9.61999969E+1 1.00851517E+0 9.63000031E+1 2.88535000E+2
9.71999969E+1 1.00849406E+0 9.73000031E+1 2.88535000E+2
9.81999969E+1 1.00858998E+0 9.83000031E+1 2.88535000E+2
9.91999969E+1 1.00846408E+0 9.93000031E+1 2.88535000E+2
1.00300003E+2 1.00846516E+0 1.00300003E+2 2.88535000E+2
1.01199997E+2 1.00844060E+0 1.01300003E+2 2.88535000E+2
1.02199997E+2 1.00861669E+0 1.02300003E+2 2.88535000E+2
1.03199997E+2 1.00854670E+0 1.03300003E+2 2.88535000E+2
1.04300003E+2 1.00842478E+0 1.04300003E+2 2.88535000E+2
1.05199997E+2 1.00854428E+0 1.05300003E+2 2.88535000E+2
1.06300003E+2 1.00845078E+0 1.06300003E+2 2.88535000E+2
1.07199997E+2 1.00849488E+0 1.07300003E+2 2.88535000E+2
1.08199997E+2 1.00839817E+0 1.08300003E+2 2.88535000E+2
1.09199997E+2 1.00861002E+0 1.09300003E+2 2.88535000E+2
1.10199997E+2 1.00863224E+0 1.10300003E+2 2.88535000E+2
1.11300003E+2 1.00860338E+0 1.11300003E+2 2.88535000E+2
1.12300003E+2 1.00855766E+0 1.12300003E+2 2.88535000E+2
1.13199997E+2 1.00854656E+0 1.13300003E+2 2.88535000E+2
1.14300003E+2 1.00844616E+0 1.14300003E+2 2.88535000E+2
1.15300003E+2 1.00857371E+0 1.15300003E+2 2.88535000E+2
1.16199997E+2 1.00842246E+0 1.16300003E+2 2.88535000E+2
1.17199997E+2 1.00837410E+0 1.17300003E+2 2.88535000E+2
1.18199997E+2 1.00852256E+0 1.18300003E+2 2.88535000E+2
1.19300003E+2 1.00847472E+0 1.19300003E+2 2.88535000E+2
1.20199997E+2 1.00847551E+0 1.20300003E+2 2.88535000E+2
1.21199997E+2 1.00842813E+0 1.21300003E+2 2.88535000E+2
1.22199997E+2 1.00850399E+0 1.22300003E+2 2.88535000E+2
1.23199997E+2 1.00854388E+0 1.23300003E+2 2.88535000E+2
1.24199997E+2 1.00856568E+0 1.24300003E+2 2.88535000E+2
1.25199997E+2 1.00845211E+0 1.25300003E+2 2.88535000E+2
1.26199997E+2 1.00843279E+0 1.26300003E+2 2.88535000E+2
1.27199997E+2 1.00863451E+0 1.27300003E+2 2.88535000E+2
1.28300003E+2 1.00846505E+0 1.28300003E+2 2.88535000E+2
1.29199997E+2 1.00843136E+0 1.29300003E+2 2.88535000E+2
1.30199997E+2 1.00855446E+0 1.30300003E+2 2.88535000E+2
1.31199997E+2 1.00860700E+0 1.31300003E+2 2.88535000E+2
1.32199997E+2 1.00852105E+0 1.32300003E+2 2.88535000E+2
1.33300003E+2 1.00850886E+0 1.33300003E+2 2.88535000E+2
1.34199997E+2 1.00860233E+0 1.34300003E+2 2.88535000E+2
1.35199997E+2 1.00854980E+0 1.35300003E+2 2.88535000E+2
1.36300003E+2 1.00846461E+0 1.36300003E+2 2.88535000E+2
1.37199997E+2 1.00853177E+0 1.37300003E+2 2.88535000E+2
1.38300003E+2 1.00858500E+0 1.38300003E+2 2.88535000E+2
1.39199997E+2 1.00852234E+0 1.39300003E+2 2.88535000E+2
1.40199997E+2 1.00854387E+0 1.40300003E+2 2.88535000E+2
1.41300003E+2 1.00850653E+0 1.41300003E+2 2.88535000E+2
1.42199997E+2 1.00848577E+0 1.42300003E+2 2.88535000E+2
1.43300003E+2 1.00847262E+0 1.43300003E+2 2.88535000E+2
1.44199997E+2 1.00840669E+0 1.44300003E+2 2.88535000E+2
1.45199997E+2 1.00849499E+0 1.45300003E+2 2.88535000E+2
1.46300003E+2 1.00840161E+0 1.46300003E+2 2.88535000E+2
1.47300003E+2 1.00850580E+0 1.47300003E+2 2.88535000E+2
1.48199997E+2 1.00856522E+0 1.48300003E+2 2.88535000E+2
1.49300003E+2 1.00861659E+0 1.49300003E+2 2.88535000E+2
1.50199997E+2 1.00853875E+0 1.50300003E+2 2.88535000E+2
1.51199997E+2 1.00858048E+0 1.51300003E+2 2.88535000E+2
1.52199997E+2 1.00854860E+0 1.52300003E+2 2.88535000E+2
1.53199997E+2 1.00862042E+0 1.53300003E+2 2.88535000E+2
1.54199997E+2 1.00840117E+0 1.54300003E+2 2.88535000E+2
1.55199997E+2 1.00855532E+0 1.55300003E+2 2.88535000E+2
1.56199997E+2 1.00850756E+0 1.56300003E+2 2.88535000E+2
1.57199997E+2 1.00861825E+0 1.57300003E+2 2.88535000E+2
1.58300003E+2 1.00856892E+0 1.58300003E+2 2.88535000E+2
1.59199997E+2 1.00855186E+0 1.59300003E+2 2.88535000E+2
1.60199997E+2 1.00852877E+0 1.60300003E+2 2.88535000E+2
1.61199997E+2 1.00844936E+0 1.61300003E+2 2.88535000E+2
1.62199997E+2 1.00851889E+0 1.62300003E+2 2.88535000E+2
1.63199997E+2 1.00858557E+0 1.63300003E+2 2.88535000E+2
1.64199997E+2 1.00844112E+0 1.64300003E+2 2.88535000E+2
1.65199997E+2 1.00850426E+0 1.65300003E+2 2.88535000E+2
1.66300003E+2 1.00847637E+0 1.66300003E+2 2.88535000E+2
1.67300003E+2 1.00855461E+0 1.67300003E+2 2.88535000E+2
1.68300003E+2 1.00846424E+0 1.68300003E+2 2.88535000E+2
1.69199997E+2 1.00853643E+0 1.69300003E+2 2.88535000E+2
1.70300003E+2 1.00852654E+0 1.70300003E+2 2.88535000E+2
1.71300003E+2 1.00846394E+0 1.71300003E+2 2.88535000E+2
1.72199997E+2 1.00849181E+0 1.72300003E+2 2.88535000E+2
1.73199997E+2 1.00849151E+0 1.73300003E+2 2.88535000E+2
1.74300003E+2 1.00853079E+0 1.74300003E+2 2.88535000E+2
1.75199997E+2 1.00842873E+0 1.75300003E+2 2.88535000E+2
1.76300003E+2 1.00850818E+0 1.76300003E+2 2.88535000E+2
1.77199997E+2 1.00843361E+0 1.77300003E+2 2.88535000E+2
1.78199997E+2 1.00835685E+0 1.78300003E+2 2.88535000E+2
1.79199997E+2 1.00854038E+0 1.79300003E+2 2.88535000E+2
1.80199997E+2 1.00857614E+0 1.80300003E+2 2.88535000E+2
1.81199997E+2 1.00848267E+0 1.81300003E+2 2.88535000E+2
1.82199997E+2 1.00841434E+0 1.82300003E+2 2.88535000E+2
1.83199997E+2 1.00860637E+0 1.83300003E+2 2.88535000E+2
1.84300003E+2 1.00847082E+0 1.84300003E+2 2.88535000E+2
1.85199997E+2 1.00860364E+0 1.85300003E+2 2.88535000E+2
1.86300003E+2 1.00852110E+0 1.86300003E+2 2.88535000E+2
1.87199997E+2 1.00851637E+0 1.87300003E+2 2.88535000E+2
1.88199997E+2 1.00857441E+0 1.88300003E+2 2.88535000E+2
1.89199997E+2 1.00840944E+0 1.89300003E+2 2.88535000E+2
1.90300003E+2 1.00843320E+0 1.90300003E+2 2.88535000E+2
1.91199997E+2 1.00845108E+0 1.91300003E+2 2.88535000E+2
1.92199997E+2 1.00849092E+0 1.92300003E+2 2.88535000E+2
1.93199997E+2 1.00848128E+0 1.93300003E+2 2.88535000E+2
1.94199997E+2 1.00847340E+0 1.94300003E+2 2.88535000E+2
1.95300003E+2 1.00848253E+0 1.95300003E+2 2.88535000E+2
1.96199997E+2 1.00846081E+0 1.96300003E+2 2.88535000E+2
1.97199997E+2 1.00852771E+0 1.97300003E+2 2.88535000E+2
1.98199997E+2 1.00854464E+0 1.98300003E+2 2.88535000E+2
1.99199997E+2 1.00850257E+0 1.99300003E+2 2.88535000E+2
2.00300003E+2 1.00843138E+0 2.00300003E+2 2.88535000E+2
2.01199997E+2 1.00853324E+0 2.01300003E+2 2.88535000E+2
2.02199997E+2 1.00847415E+0 2.02300003E+2 2.88535000E+2
2.03199997E+2 1.00849704E+0 2.03300003E+2 2.88535000E+2
2.04199997E+2 1.00848956E+0 2.04300003E+2 2.88535000E+2
2.05199997E+2 1.00851370E+0 2.05300003E+2 2.88535000E+2
2.06199997E+2 1.00849078E+0 2.06300003E+2 2.88597500E+2
2.07199997E+2 1.00844745E+0 2.07300003E+2 2.88535000E+2
2.08300003E+2 1.00860133E+0 2.08300003E+2 2.88535000E+2
2.09199997E+2 1.00854474E+0 2.09300003E+2 2.88535000E+2
2.10199997E+2 1.00854181E+0 2.10300003E+2 2.88535000E+2
2.11199997E+2 1.00854889E+0 2.11300003E+2 2.88535000E+2
2.12199997E+2 1.00848842E+0 2.12300003E+2 2.88535000E+2
2.13199997E+2 1.00867136E+0 2.13300003E+2 2.88535000E+2
2.14199997E+2 1.00844068E+0 2.14300003E+2 2.88535000E+2
2.15199997E+2 1.00860041E+0 2.15300003E+2 2.88535000E+2
2.16199997E+2 1.00854606E+0 2.16300003E+2 2.88535000E+2
2.17199997E+2 1.00847767E+0 2.17300003E+2 2.88535000E+2
2.18199997E+2 1.00852175E+0 2.18300003E+2 2.88535000E+2
2.19199997E+2 1.00839280E+0 2.19300003E+2 2.88535000E+2
2.20199997E+2 1.00853007E+0 2.20300003E+2 2.88535000E+2
2.21300003E+2 1.00833163E+0 2.21300003E+2 2.88535000E+2
2.22199997E+2 1.00858542E+0 2.22300003E+2 2.88535000E+2
2.23199997E+2 1.00847214E+0 2.23300003E+2 2.88535000E+2
2.24199997E+2 1.00848762E+0 2.24300003E+2 2.88535000E+2
2.25199997E+2 1.00852300E+0 2.25300003E+2 2.88535000E+2
2.26199997E+2 1.00855408E+0 2.26300003E+2 2.88535000E+2
2.27199997E+2 1.00844218E+0 2.27300003E+2 2.88535000E+2
2.28300003E+2 1.00840599E+0 2.28300003E+2 2.88535000E+2
2.29199997E+2 1.00861627E+0 2.29300003E+2 2.88535000E+2
2.30199997E+2 1.00854733E+0 2.30300003E+2 2.88535000E+2
2.31199997E+2 1.00855822E+0 2.31300003E+2 2.88597500E+2
2.32199997E+2 1.00845072E+0 2.32300003E+2 2.88535000E+2
2.33300003E+2 1.00846701E+0 2.33300003E+2 2.88597500E+2
2.34199997E+2 1.00858296E+0 2.34300003E+2 2.88535000E+2
2.35300003E+2 1.00855336E+0 2.35300003E+2 2.88597500E+2
2.36199997E+2 1.00837709E+0 2.36300003E+2 2.88535000E+2
2.37199997E+2 1.00847956E+0 2.37300003E+2 2.88535000E+2
2.38300003E+2 1.00847149E+0 2.38300003E+2 2.88597500E+2
2.39199997E+2 1.00848779E+0 2.39300003E+2 2.88535000E+2
2.40300003E+2 1.00859094E+0 2.40300003E+2 2.88535000E+2
2.41300003E+2 1.00850473E+0 2.41300003E+2 2.88535000E+2
2.42199997E+2 1.00832435E+0 2.42300003E+2 2.88535000E+2
2.43300003E+2 1.00853665E+0 2.43300003E+2 2.88535000E+2
2.44300003E+2 1.00840449E+0 2.44300003E+2 2.88597500E+2
2.45199997E+2 1.00844211E+0 2.45300003E+2 2.88535000E+2
2.46199997E+2 1.00850594E+0 2.46300003E+2 2.88597500E+2
2.47199997E+2 1.00840742E+0 2.47300003E+2 2.88597500E+2
2.48199997E+2 1.00856388E+0 2.48300003E+2 2.88597500E+2
2.49300003E+2 1.00845370E+0 2.49300003E+2 2.88597500E+2
2.50199997E+2 1.00858111E+0 2.50300003E+2 2.88535000E+2
2.51199997E+2 1.00861740E+0 2.51300003E+2 2.88535000E+2
2.52199997E+2 1.00856263E+0 2.52300003E+2 2.88535000E+2
2.53199997E+2 1.00852250E+0 2.53300003E+2 2.88535000E+2
2.54300003E+2 1.00846206E+0 2.54300003E+2 2.88597500E+2
2.55199997E+2 1.00848101E+0 2.55300003E+2 2.88597500E+2
2.56299988E+2 1.00866340E+0 2.56299988E+2 2.88597500E+2
2.57299988E+2 1.00859110E+0 2.57299988E+2 2.88597500E+2
2.58200012E+2 1.00848593E+0 2.58299988E+2 2.88535000E+2
2.59200012E+2 1.00863043E+0 2.59299988E+2 2.88597500E+2
2.60299988E+2 1.00868979E+0 2.60299988E+2 2.88597500E+2
2.61200012E+2 1.00843890E+0 2.61299988E+2 2.88535000E+2
2.62200012E+2 1.00846104E+0 2.62299988E+2 2.88597500E+2
2.63200012E+2 1.00851878E+0 2.63299988E+2 2.88597500E+2
2.64200012E+2 1.00848651E+0 2.64299988E+2 2.88597500E+2
2.65299988E+2 1.00843009E+0 2.65299988E+2 2.88597500E+2
2.66200012E+2 1.00853610E+0 2.66299988E+2 2.88597500E+2
2.67299988E+2 1.00860248E+0 2.67299988E+2 2.88597500E+2
2.68299988E+2 1.00861514E+0 2.68299988E+2 2.88597500E+2
2.69200012E+2 1.00846108E+0 2.69299988E+2 2.88597500E+2
2.70299988E+2 1.00842965E+0 2.70299988E+2 2.88597500E+2
2.71200012E+2 1.00858546E+0 2.71299988E+2 2.88597500E+2
2.72200012E+2 1.00850029E+0 2.72299988E+2 2.88597500E+2
2.73299988E+2 1.00853665E+0 2.73299988E+2 2.88597500E+2
2.74200012E+2 1.00848621E+0 2.74299988E+2 2.88597500E+2
2.75200012E+2 1.00855569E+0 2.75299988E+2 2.88597500E+2
2.76299988E+2 1.00855773E+0 2.76299988E+2 2.88597500E+2
2.77200012E+2 1.00851638E+0 2.77299988E+2 2.88597500E+2
2.78200012E+2 1.00856646E+0 2.78299988E+2 2.88597500E+2
2.79200012E+2 1.00852564E+0 2.79299988E+2 2.88597500E+2
2.80200012E+2 1.00853163E+0 2.80299988E+2 2.88597500E+2
2.81200012E+2 1.00846427E+0 2.81299988E+2 2.88597500E+2
2.82200012E+2 1.00861566E+0 2.82299988E+2 2.88597500E+2
2.83299988E+2 1.00855023E+0 2.83299988E+2 2.88597500E+2
2.84200012E+2 1.00857526E+0 2.84299988E+2 2.88597500E+2
2.85200012E+2 1.00847945E+0 2.85299988E+2 2.88597500E+2
2.86200012E+2 1.00849513E+0 2.86299988E+2 2.88597500E+2
2.87299988E+2 1.00853609E+0 2.87299988E+2 2.88597500E+2
2.88200012E+2 1.00848738E+0 2.88299988E+2 2.88597500E+2
2.89200012E+2 1.00853970E+0 2.89299988E+2 2.88597500E+2
2.90200012E+2 1.00848776E+0 2.90299988E+2 2.88597500E+2
2.91299988E+2 1.00845541E+0 2.91299988E+2 2.88535000E+2
2.92200012E+2 1.00850507E+0 2.92299988E+2 2.88597500E+2
2.93200012E+2 1.00839779E+0 2.93299988E+2 2.88597500E+2
2.94200012E+2 1.00852845E+0 2.94299988E+2 2.88597500E+2
2.95299988E+2 1.00838607E+0 2.95299988E+2 2.88597500E+2
2.96200012E+2 1.00843442E+0 2.96299988E+2 2.88597500E+2
2.97200012E+2 1.00848439E+0 2.97299988E+2 2.88597500E+2
2.98200012E+2 1.00856209E+0 2.98299988E+2 2.88597500E+2
2.99299988E+2 1.00859004E+0 2.99299988E+2 2.88597500E+2
3.00200012E+2 1.00843651E+0 3.00299988E+2 2.88597500E+2
3.01200012E+2 1.00852122E+0 3.01299988E+2 2.88597500E+2
3.02200012E+2 1.00860131E+0 3.02299988E+2 2.88597500E+2
3.03299988E+2 1.00871051E+0 3.03299988E+2 2.88597500E+2
3.04200012E+2 1.00844894E+0 3.04299988E+2 2.88597500E+2
3.05200012E+2 1.00861209E+0 3.05299988E+2 2.88597500E+2
3.06200012E+2 1.00855125E+0 3.06299988E+2 2.88597500E+2
3.07299988E+2 1.00854744E+0 3.07299988E+2 2.88597500E+2
3.08299988E+2 1.00863172E+0 3.08299988E+2 2.88597500E+2
3.09200012E+2 1.00854300E+0 3.09299988E+2 2.88597500E+2
3.10200012E+2 1.00850564E+0 3.10299988E+2 2.88597500E+2
3.11299988E+2 1.00873588E+0 3.11299988E+2 2.88597500E+2
3.12200012E+2 1.00846872E+0 3.12299988E+2 2.88597500E+2
3.13200012E+2 1.00863236E+0 3.13299988E+2 2.88597500E+2
3.14200012E+2 1.00844236E+0 3.14299988E+2 2.88597500E+2
3.15200012E+2 1.00862655E+0 3.15299988E+2 2.88597500E+2
3.16200012E+2 1.00850702E+0 3.16299988E+2 2.88597500E+2
3.17200012E+2 1.00852365E+0 3.17299988E+2 2.88597500E+2
3.18299988E+2 1.00857597E+0 3.18299988E+2 2.88597500E+2
3.19299988E+2 1.00842679E+0 3.19299988E+2 2.88597500E+2
3.20200012E+2 1.00855315E+0 3.20299988E+2 2.88597500E+2
3.21200012E+2 1.00854071E+0 3.21299988E+2 2.88597500E+2
3.22200012E+2 1.00854519E+0 3.22299988E+2 2.88597500E+2
3.23200012E+2 1.00848932E+0 3.23299988E+2 2.88597500E+2
3.24299988E+2 1.00853870E+0 3.24299988E+2 2.88597500E+2
3.25200012E+2 1.00859594E+0 3.25299988E+2 2.88597500E+2
3.26200012E+2 1.00843567E+0 3.26299988E+2 2.88597500E+2
3.27200012E+2 1.00850161E+0 3.27299988E+2 2.88597500E+2
3.28200012E+2 1.00863676E+0 3.28299988E+2 2.88597500E+2
3.29200012E+2 1.00847813E+0 3.29299988E+2 2.88597500E+2
3.30200012E+2 1.00850361E+0 3.30299988E+2 2.88597500E+2
3.31200012E+2 1.00850264E+0 3.31299988E+2 2.88597500E+2
3.32200012E+2 1.00843901E+0 3.32299988E+2 2.88597500E+2
3.33200012E+2 1.00841632E+0 3.33299988E+2 2.88597500E+2
3.34200012E+2 1.00841046E+0 3.34299988E+2 2.88597500E+2
3.35299988E+2 1.00862420E+0 3.35299988E+2 2.88597500E+2
3.36200012E+2 1.00852935E+0 3.36299988E+2 2.88597500E+2
3.37200012E+2 1.00845836E+0 3.37299988E+2 2.88597500E+2
3.38200012E+2 1.00848064E+0 3.38299988E+2 2.88597500E+2
3.39200012E+2 1.00855105E+0 3.39299988E+2 2.88597500E+2
3.40200012E+2 1.00850100E+0 3.40299988E+2 2.88597500E+2
3.41200012E+2 1.00850718E+0 3.41299988E+2 2.88597500E+2
3.42200012E+2 1.00855222E+0 3.42299988E+2 2.88597500E+2
3.43299988E+2 1.00845896E+0 3.43299988E+2 2.88597500E+2
3.44200012E+2 1.00856860E+0 3.44299988E+2 2.88597500E+2
3.45200012E+2 1.00844256E+0 3.45299988E+2 2.88597500E+2
3.46200012E+2 1.00848675E+0 3.46299988E+2 2.88597500E+2
3.47200012E+2 1.00846019E+0 3.47299988E+2 2.88597500E+2
3.48200012E+2 1.00851191E+0 3.48299988E+2 2.88597500E+2
3.49200012E+2 1.00849818E+0 3.49299988E+2 2.88597500E+2
3.50200012E+2 1.00860262E+0 3.50299988E+2 2.88597500E+2
3.51200012E+2 1.00841099E+0 3.51299988E+2 2.88597500E+2
3.52200012E+2 1.00855718E+0 3.52299988E+2 2.88597500E+2
3.53200012E+2 1.00851228E+0 3.53299988E+2 2.88597500E+2
3.54200012E+2 1.00863340E+0 3.54299988E+2 2.88597500E+2
3.55200012E+2 1.00855774E+0 3.55299988E+2 2.88597500E+2
3.56200012E+2 1.00853667E+0 3.56299988E+2 2.88597500E+2
3.57200012E+2 1.00845285E+0 3.57299988E+2 2.88597500E+2
3.58200012E+2 1.00849214E+0 3.58299988E+2 2.88597500E+2
3.59200012E+2 1.00834599E+0 3.59299988E+2 2.88597500E+2
3.60200012E+2 1.00849930E+0 3.60299988E+2 2.88597500E+2
3.61200012E+2 1.00858796E+0 3.61299988E+2 2.88597500E+2
3.62299988E+2 1.00859372E+0 3.62299988E+2 2.88597500E+2
3.63200012E+2 1.00861442E+0 3.63299988E+2 2.88597500E+2
3.64200012E+2 1.00847668E+0 3.64299988E+2 2.88597500E+2
3.65200012E+2 1.00840847E+0 3.65299988E+2 2.88597500E+2
3.66200012E+2 1.00840684E+0 3.66299988E+2 2.88597500E+2
3.67200012E+2 1.00843708E+0 3.67299988E+2 2.88597500E+2
3.68200012E+2 1.00841861E+0 3.68299988E+2 2.88597500E+2
3.69299988E+2 1.00854159E+0 3.69299988E+2 2.88597500E+2
3.70200012E+2 1.00845195E+0 3.70299988E+2 2.88597500E+2
3.71200012E+2 1.00857946E+0 3.71299988E+2 2.88597500E+2
3.72200012E+2 1.00852749E+0 3.72299988E+2 2.88597500E+2
3.73299988E+2 1.00841176E+0 3.73299988E+2 2.88597500E+2
3.74200012E+2 1.00854557E+0 3.74299988E+2 2.88597500E+2
3.75200012E+2 1.00844937E+0 3.75299988E+2 2.88597500E+2
3.76200012E+2 1.00842767E+0 3.76299988E+2 2.88597500E+2
3.77299988E+2 1.00852312E+0 3.77299988E+2 2.88597500E+2
3.78200012E+2 1.00841605E+0 3.78299988E+2 2.88597500E+2
3.79200012E+2 1.00854768E+0 3.79299988E+2 2.88597500E+2
3.80200012E+2 1.00854227E+0 3.80299988E+2 2.88597500E+2
3.81299988E+2 1.00854542E+0 3.81299988E+2 2.88597500E+2
3.82200012E+2 1.00844969E+0 3.82299988E+2 2.88597500E+2
3.83200012E+2 1.00852408E+0 3.83299988E+2 2.88597500E+2
3.84200012E+2 1.00853630E+0 3.84299988E+2 2.88597500E+2
3.85200012E+2 1.00849324E+0 3.85299988E+2 2.88597500E+2
3.86200012E+2 1.00846674E+0 3.86299988E+2 2.88597500E+2
3.87200012E+2 1.00855087E+0 3.87299988E+2 2.88597500E+2
3.88299988E+2 1.00844486E+0 3.88299988E+2 2.88597500E+2
3.89200012E+2 1.00842400E+0 3.89299988E+2 2.88597500E+2
3.90200012E+2 1.00846334E+0 3.90299988E+2 2.88597500E+2
3.91200012E+2 1.00862674E+0 3.91299988E+2 2.88597500E+2
3.92299988E+2 1.00849217E+0 3.92299988E+2 2.88597500E+2
3.93200012E+2 1.00835336E+0 3.93299988E+2 2.88597500E+2
3.94200012E+2 1.00861374E+0 3.94299988E+2 2.88597500E+2
3.95200012E+2 1.00849546E+0 3.95299988E+2 2.88597500E+2
3.96299988E+2 1.00859712E+0 3.96299988E+2 2.88597500E+2
3.97200012E+2 1.00853008E+0 3.97299988E+2 2.88597500E+2
3.98200012E+2 1.00852395E+0 3.98299988E+2 2.88597500E+2
3.99200012E+2 1.00868042E+0 3.99299988E+2 2.88597500E+2
4.00299988E+2 1.00855268E+0 4.00299988E+2 2.88597500E+2
4.01200012E+2 1.00850912E+0 4.01299988E+2 2.88597500E+2
4.02200012E+2 1.00842200E+0 4.02299988E+2 2.88597500E+2
4.03200012E+2 1.00857770E+0 4.03299988E+2 2.88597500E+2
4.04200012E+2 1.00851850E+0 4.04299988E+2 2.88597500E+2
4.05200012E+2 1.00841910E+0 4.05299988E+2 2.88597500E+2
4.06200012E+2 1.00865902E+0 4.06299988E+2 2.88597500E+2
4.07299988E+2 1.00848922E+0 4.07299988E+2 2.88597500E+2
4.08200012E+2 1.00852881E+0 4.08299988E+2 2.88597500E+2
4.09200012E+2 1.00850089E+0 4.09299988E+2 2.88597500E+2
4.10200012E+2 1.00847497E+0 4.10299988E+2 2.88597500E+2
4.11200012E+2 1.00848619E+0 4.11299988E+2 2.88597500E+2
4.12299988E+2 1.00846835E+0 4.12299988E+2 2.88597500E+2
4.13299988E+2 1.00844486E+0 4.13299988E+2 2.88597500E+2
4.14200012E+2 1.00853534E+0 4.14299988E+2 2.88597500E+2
4.15299988E+2 1.00840569E+0 4.15299988E+2 2.88597500E+2
4.16200012E+2 1.00848641E+0 4.16299988E+2 2.88597500E+2
4.17200012E+2 1.00850684E+0 4.17299988E+2 2.88597500E+2
4.18200012E+2 1.00849058E+0 4.18299988E+2 2.88597500E+2
4.19200012E+2 1.00862565E+0 4.19299988E+2 2.88597500E+2
4.20200012E+2 1.00846313E+0 4.20299988E+2 2.88597500E+2
4.21200012E+2 1.00849763E+0 4.21299988E+2 2.88597500E+2
4.22200012E+2 1.00843830E+0 4.22299988E+2 2.88597500E+2
4.23299988E+2 1.00847445E+0 4.23299988E+2 2.88597500E+2
4.24200012E+2 1.00848800E+0 4.24299988E+2 2.88597500E+2
4.25200012E+2 1.00849137E+0 4.25299988E+2 2.88597500E+2
4.26200012E+2 1.00855712E+0 4.26299988E+2 2.88597500E+2
4.27299988E+2 1.00852104E+0 4.27299988E+2 2.88597500E+2
4.28200012E+2 1.00848618E+0 4.28299988E+2 2.88597500E+2
4.29299988E+2 1.00856249E+0 4.29299988E+2 2.88597500E+2
4.30200012E+2 1.00855338E+0 4.30299988E+2 2.88597500E+2
4.31200012E+2 1.00850819E+0 4.31299988E+2 2.88597500E+2
4.32200012E+2 1.00836229E+0 4.32299988E+2 2.88597500E+2
4.33200012E+2 1.00838125E+0 4.33299988E+2 2.88597500E+2
4.34200012E+2 1.00852276E+0 4.34299988E+2 2.88597500E+2
4.35299988E+2 1.00844427E+0 4.35299988E+2 2.88597500E+2
4.36200012E+2 1.00855817E+0 4.36299988E+2 2.88597500E+2
4.37200012E+2 1.00842026E+0 4.37299988E+2 2.88597500E+2
4.38200012E+2 1.00850286E+0 4.38299988E+2 2.88597500E+2
4.39299988E+2 1.00843305E+0 4.39299988E+2 2.88597500E+2
4.40200012E+2 1.00851656E+0 4.40299988E+2 2.88597500E+2
4.41200012E+2 1.00853497E+0 4.41299988E+2 2.88597500E+2
4.42299988E+2 1.00845127E+0 4.42299988E+2 2.88597500E+2
4.43299988E+2 1.00854756E+0 4.43299988E+2 2.88597500E+2
4.44200012E+2 1.00850035E+0 4.44299988E+2 2.88597500E+2
4.45200012E+2 1.00859037E+0 4.45299988E+2 2.88597500E+2
4.46200012E+2 1.00836350E+0 4.46299988E+2 2.88597500E+2
4.47200012E+2 1.00832145E+0 4.47299988E+2 2.88597500E+2
4.48299988E+2 1.00851430E+0 4.48299988E+2 2.88597500E+2
4.49200012E+2 1.00853942E+0 4.49299988E+2 2.88597500E+2
4.50200012E+2 1.00850364E+0 4.50299988E+2 2.88597500E+2
4.51200012E+2 1.00846581E+0 4.51299988E+2 2.88597500E+2
4.52200012E+2 1.00846288E+0 4.52299988E+2 2.88660000E+2
4.53200012E+2 1.00845902E+0 4.53299988E+2 2.88597500E+2
4.54200012E+2 1.00853783E+0 4.54299988E+2 2.88597500E+2
4.55299988E+2 1.00859336E+0 4.55299988E+2 2.88597500E+2
4.56200012E+2 1.00834150E+0 4.56299988E+2 2.88597500E+2
4.57200012E+2 1.00856630E+0 4.57299988E+2 2.88597500E+2
4.58200012E+2 1.00853712E+0 4.58299988E+2 2.88597500E+2
4.59299988E+2 1.00855093E+0 4.59299988E+2 2.88597500E+2
4.60200012E+2 1.00853694E+0 4.60299988E+2 2.88597500E+2
4.61200012E+2 1.00856498E+0 4.61299988E+2 2.88597500E+2
4.62200012E+2 1.00852200E+0 4.62299988E+2 2.88597500E+2
4.63299988E+2 1.00856167E+0 4.63299988E+2 2.88597500E+2
4.64200012E+2 1.00852220E+0 4.64299988E+2 2.88597500E+2
4.65200012E+2 1.00850371E+0 4.65299988E+2 2.88597500E+2
4.66200012E+2 1.00863062E+0 4.66299988E+2 2.88597500E+2
4.67299988E+2 1.00841356E+0 4.67299988E+2 2.88597500E+2
4.68200012E+2 1.00832626E+0 4.68299988E+2 2.88597500E+2
4.69200012E+2 1.00849069E+0 4.69299988E+2 2.88597500E+2
4.70200012E+2 1.00855389E+0 4.70299988E+2 2.88597500E+2
4.71200012E+2 1.00862364E+0 4.71299988E+2 2.88597500E+2
4.72200012E+2 1.00844280E+0 4.72299988E+2 2.88597500E+2
4.73200012E+2 1.00858191E+0 4.73299988E+2 2.88597500E+2
4.74200012E+2 1.00845317E+0 4.74299988E+2 2.88660000E+2
4.75299988E+2 1.00853473E+0 4.75299988E+2 2.88597500E+2
4.76200012E+2 1.00847823E+0 4.76299988E+2 2.88597500E+2
4.77200012E+2 1.00864696E+0 4.77299988E+2 2.88597500E+2
4.78200012E+2 1.00860069E+0 4.78299988E+2 2.88597500E+2
4.79200012E+2 1.00865399E+0 4.79299988E+2 2.88597500E+2
4.80200012E+2 1.00851540E+0 4.80299988E+2 2.88597500E+2
4.81200012E+2 1.00852579E+0 4.81299988E+2 2.88597500E+2
4.82200012E+2 1.00849453E+0 4.82299988E+2 2.88597500E+2
4.83299988E+2 1.00849670E+0 4.83299988E+2 2.88597500E+2
4.84200012E+2 1.00854057E+0 4.84299988E+2 2.88597500E+2
4.85200012E+2 1.00852575E+0 4.85299988E+2 2.88597500E+2
4.86299988E+2 1.00852395E+0 4.86299988E+2 2.88597500E+2
4.87200012E+2 1.00857130E+0 4.87299988E+2 2.88597500E+2
4.88200012E+2 1.00844126E+0 4.88299988E+2 2.88597500E+2
4.89200012E+2 1.00849641E+0 4.89299988E+2 2.88597500E+2
4.90200012E+2 1.00855635E+0 4.90299988E+2 2.88597500E+2
4.91200012E+2 1.00853582E+0 4.91299988E+2 2.88597500E+2
4.92200012E+2 1.00848556E+0 4.92299988E+2 2.88597500E+2
4.93299988E+2 1.00851522E+0 4.93299988E+2 2.88597500E+2
4.94200012E+2 1.00854930E+0 4.94299988E+2 2.88597500E+2
4.95200012E+2 1.00862554E+0 4.95299988E+2 2.88597500E+2
4.96200012E+2 1.00847697E+0 4.96299988E+2 2.88597500E+2
4.97200012E+2 1.00848784E+0 4.97299988E+2 2.88597500E+2
4.98200012E+2 1.00842552E+0 4.98299988E+2 2.88597500E+2
4.99200012E+2 1.00846370E+0 4.99299988E+2 2.88660000E+2
5.00200012E+2 1.00851670E+0 5.00299988E+2 2.88597500E+2
5.01200012E+2 1.00842176E+0 5.01299988E+2 2.88597500E+2
5.02299988E+2 1.00843792E+0 5.02299988E+2 2.88597500E+2
5.03200012E+2 1.00850551E+0 5.03299988E+2 2.88597500E+2
5.04200012E+2 1.00851720E+0 5.04299988E+2 2.88597500E+2
5.05200012E+2 1.00845594E+0 5.05299988E+2 2.88597500E+2
5.06200012E+2 1.00849820E+0 5.06299988E+2 2.88597500E+2
5.07200012E+2 1.00857721E+0 5.07299988E+2 2.88660000E+2
5.08200012E+2 1.00850764E+0 5.08299988E+2 2.88660000E+2
5.09299988E+2 1.00844518E+0 5.09299988E+2 2.88597500E+2
5.10200012E+2 1.00839739E+0 5.10299988E+2 2.88660000E+2
5.11200012E+2 1.00850175E+0 5.11299988E+2 2.88597500E+2
5.12200012E+2 1.00846886E+0 5.12299988E+2 2.88660000E+2
5.13200012E+2 1.00857491E+0 5.13299988E+2 2.88597500E+2
5.14200012E+2 1.00852140E+0 5.14299988E+2 2.88660000E+2
5.15299988E+2 1.00853270E+0 5.15299988E+2 2.88660000E+2
5.16200012E+2 1.00839422E+0 5.16299988E+2 2.88597500E+2
5.17299988E+2 1.00853092E+0 5.17299988E+2 2.88660000E+2
5.18200012E+2 1.00855571E+0 5.18299988E+2 2.88660000E+2
5.19200012E+2 1.00859454E+0 5.19299988E+2 2.88597500E+2
5.20200012E+2 1.00859484E+0 5.20299988E+2 2.88660000E+2
5.21299988E+2 1.00861085E+0 5.21299988E+2 2.88660000E+2
5.22200012E+2 1.00849474E+0 5.22299988E+2 2.88660000E+2
5.23200012E+2 1.00859005E+0 5.23299988E+2 2.88660000E+2
5.24200012E+2 1.00850132E+0 5.24299988E+2 2.88660000E+2
5.25299988E+2 1.00846988E+0 5.25299988E+2 2.88660000E+2
5.26200012E+2 1.00844329E+0 5.26299988E+2 2.88660000E+2
5.27200012E+2 1.00856148E+0 5.27299988E+2 2.88660000E+2
5.28299988E+2 1.00840679E+0 5.28299988E+2 2.88660000E+2
5.29200012E+2 1.00847971E+0 5.29299988E+2 2.88597500E+2
5.30200012E+2 1.00859761E+0 5.30299988E+2 2.88660000E+2
5.31200012E+2 1.00858877E+0 5.31299988E+2 2.88660000E+2
5.32200012E+2 1.00850124E+0 5.32299988E+2 2.88660000E+2
5.33200012E+2 1.00865535E+0 5.33299988E+2 2.88660000E+2
5.34299988E+2 1.00849950E+0 5.34299988E+2 2.88660000E+2
5.35200012E+2 1.00855587E+0 5.35299988E+2 2.88660000E+2
5.36200012E+2 1.00841739E+0 5.36299988E+2 2.88597500E+2
5.37200012E+2 1.00844149E+0 5.37299988E+2 2.88660000E+2
5.38200012E+2 1.00857029E+0 5.38299988E+2 2.88660000E+2
5.39200012E+2 1.00858749E+0 5.39299988E+2 2.88660000E+2
5.40200012E+2 1.00864997E+0 5.40299988E+2 2.88660000E+2
5.41299988E+2 1.00850723E+0 5.41299988E+2 2.88660000E+2
5.42200012E+2 1.00852295E+0 5.42299988E+2 2.88660000E+2
5.43200012E+2 1.00850627E+0 5.43299988E+2 2.88660000E+2
5.44200012E+2 1.00852876E+0 5.44299988E+2 2.88660000E+2
5.45299988E+2 1.00844379E+0 5.45299988E+2 2.88660000E+2
5.46200012E+2 1.00845825E+0 5.46299988E+2 2.88660000E+2
5.47200012E+2 1.00851058E+0 5.47299988E+2 2.88660000E+2
5.48299988E+2 1.00847947E+0 5.48299988E+2 2.88660000E+2
5.49200012E+2 1.00854304E+0 5.49299988E+2 2.88660000E+2
5.50299988E+2 1.00848085E+0 5.50299988E+2 2.88597500E+2
5.51200012E+2 1.00848318E+0 5.51299988E+2 2.88660000E+2
5.52200012E+2 1.00854321E+0 5.52299988E+2 2.88660000E+2
5.53200012E+2 1.00853702E+0 5.53299988E+2 2.88660000E+2
5.54200012E+2 1.00843842E+0 5.54299988E+2 2.88660000E+2
5.55200012E+2 1.00859004E+0 5.55299988E+2 2.88660000E+2
5.56299988E+2 1.00845564E+0 5.56299988E+2 2.88660000E+2
5.57200012E+2 1.00854586E+0 5.57299988E+2 2.88660000E+2
5.58200012E+2 1.00835882E+0 5.58299988E+2 2.88660000E+2
5.59200012E+2 1.00834086E+0 5.59299988E+2 2.88660000E+2
5.60200012E+2 1.00862765E+0 5.60299988E+2 2.88660000E+2
5.61200012E+2 1.00854867E+0 5.61299988E+2 2.88660000E+2
5.62200012E+2 1.00852647E+0 5.62299988E+2 2.88660000E+2
5.63299988E+2 1.00841482E+0 5.63299988E+2 2.88660000E+2
5.64200012E+2 1.00851432E+0 5.64299988E+2 2.88660000E+2
5.65200012E+2 1.00835798E+0 5.65299988E+2 2.88660000E+2
5.66200012E+2 1.00852632E+0 5.66299988E+2 2.88660000E+2
5.67200012E+2 1.00850413E+0 5.67299988E+2 2.88660000E+2
5.68200012E+2 1.00837474E+0 5.68299988E+2 2.88660000E+2
5.69200012E+2 1.00848293E+0 5.69299988E+2 2.88660000E+2
5.70200012E+2 1.00841472E+0 5.70299988E+2 2.88660000E+2
5.71200012E+2 1.00854862E+0 5.71299988E+2 2.88660000E+2
5.72200012E+2 1.00856116E+0 5.72299988E+2 2.88660000E+2
5.73200012E+2 1.00848201E+0 5.73299988E+2 2.88660000E+2
5.74200012E+2 1.00856814E+0 5.74299988E+2 2.88660000E+2
5.75200012E+2 1.00855159E+0 5.75299988E+2 2.88660000E+2
5.76200012E+2 1.00853074E+0 5.76299988E+2 2.88660000E+2
5.77299988E+2 1.00835013E+0 5.77299988E+2 2.88660000E+2
5.78200012E+2 1.00852457E+0 5.78299988E+2 2.88660000E+2
5.79200012E+2 1.00864032E+0 5.79299988E+2 2.88660000E+2
5.80200012E+2 1.00857950E+0 5.80299988E+2 2.88660000E+2
5.81200012E+2 1.00865531E+0 5.81299988E+2 2.88660000E+2
5.82299988E+2 1.00841453E+0 5.82299988E+2 2.88660000E+2
5.83200012E+2 1.00843897E+0 5.83299988E+2 2.88660000E+2
5.84200012E+2 1.00862130E+0 5.84299988E+2 2.88660000E+2
5.85200012E+2 1.00838710E+0 5.85299988E+2 2.88660000E+2
5.86200012E+2 1.00839534E+0 5.86299988E+2 2.88660000E+2
5.87200012E+2 1.00844358E+0 5.87299988E+2 2.88660000E+2
5.88200012E+2 1.00851747E+0 5.88299988E+2 2.88660000E+2
5.89200012E+2 1.00844615E+0 5.89299988E+2 2.88660000E+2
5.90200012E+2 1.00846449E+0 5.90299988E+2 2.88660000E+2
5.91200012E+2 1.00841087E+0 5.91299988E+2 2.88660000E+2
5.92200012E+2 1.00858785E+0 5.92299988E+2 2.88660000E+2
5.93299988E+2 1.00866293E+0 5.93299988E+2 2.88660000E+2
5.94200012E+2 1.00847504E+0 5.94299988E+2 2.88660000E+2
5.95200012E+2 1.00868084E+0 5.95299988E+2 2.88660000E+2
5.96299988E+2 1.00849784E+0 5.96299988E+2 2.88660000E+2
5.97200012E+2 1.00850480E+0 5.97299988E+2 2.88660000E+2
5.98299988E+2 1.00851300E+0 5.98299988E+2 2.88660000E+2
5.99200012E+2 1.00844678E+0 5.99299988E+2 2.88660000E+2
6.00200012E+2 1.00862846E+0 6.00299988E+2 2.88660000E+2
6.01200012E+2 1.00850043E+0 6.01299988E+2 2.88660000E+2
6.02200012E+2 1.00846662E+0 6.02299988E+2 2.88660000E+2
6.03200012E+2 1.00868218E+0 6.03299988E+2 2.88660000E+2
6.04299988E+2 1.00859760E+0 6.04299988E+2 2.88660000E+2
6.05200012E+2 1.00851285E+0 6.05299988E+2 2.88660000E+2
6.06200012E+2 1.00841914E+0 6.06299988E+2 2.88660000E+2
6.07299988E+2 1.00843113E+0 6.07299988E+2 2.88660000E+2
6.08200012E+2 1.00845405E+0 6.08299988E+2 2.88660000E+2
6.09299988E+2 1.00848007E+0 6.09299988E+2 2.88660000E+2
6.10200012E+2 1.00858756E+0 6.10299988E+2 2.88660000E+2
6.11200012E+2 1.00851446E+0 6.11299988E+2 2.88660000E+2
