0.00000000E+0 1.00732601E+0 1.00000001E-1 2.93285000E+2
1.20000005E+0 1.00732601E+0 1.20000005E+0 2.93285000E+2
2.20000005E+0 1.00732601E+0 2.20000005E+0 2.93285000E+2
3.20000005E+0 1.00824177E+0 3.20000005E+0 2.93285000E+2
4.19999981E+0 1.00732601E+0 4.19999981E+0 2.93285000E+2
5.19999981E+0 1.00763127E+0 5.30000019E+0 2.93285000E+2
6.19999981E+0 1.00763127E+0 6.30000019E+0 2.93285000E+2
7.19999981E+0 1.00763127E+0 7.30000019E+0 2.93285000E+2
8.19999981E+0 1.00763127E+0 8.30000019E+0 2.93285000E+2
9.19999981E+0 1.00732601E+0 9.30000019E+0 2.93285000E+2
1.01999998E+1 1.00763127E+0 1.03000002E+1 2.93285000E+2
1.11999998E+1 1.00824177E+0 1.13000002E+1 2.93285000E+2
1.21999998E+1 1.00763127E+0 1.23000002E+1 2.93285000E+2
1.31999998E+1 1.00732601E+0 1.33000002E+1 2.93285000E+2
1.41999998E+1 1.00732601E+0 1.43000002E+1 2.93285000E+2
1.51999998E+1 1.00732601E+0 1.53000002E+1 2.93285000E+2
1.62000008E+1 1.00702077E+0 1.62999992E+1 2.93285000E+2
1.72000008E+1 1.00732601E+0 1.72999992E+1 2.93285000E+2
1.82000008E+1 1.00824177E+0 1.82999992E+1 2.93285000E+2
1.92000008E+1 1.00824177E+0 1.92999992E+1 2.93285000E+2
2.02999992E+1 1.00824177E+0 2.02999992E+1 2.93285000E+2
2.12999992E+1 1.00732601E+0 2.12999992E+1 2.93285000E+2
2.22999992E+1 1.00732601E+0 2.22999992E+1 2.93285000E+2
2.32999992E+1 1.00824177E+0 2.32999992E+1 2.93285000E+2
2.42999992E+1 1.00824177E+0 2.42999992E+1 2.93285000E+2
2.52999992E+1 1.00702077E+0 2.52999992E+1 2.93285000E+2
2.62999992E+1 1.00824177E+0 2.63999996E+1 2.93285000E+2
2.72999992E+1 1.00702077E+0 2.73999996E+1 2.93285000E+2
2.82999992E+1 1.00732601E+0 2.82999992E+1 2.93285000E+2
2.92999992E+1 1.00824177E+0 2.92999992E+1 2.93285000E+2
3.02999992E+1 1.00824177E+0 3.03999996E+1 2.93285000E+2
3.12999992E+1 1.00732601E+0 3.13999996E+1 2.93285000E+2
3.22999992E+1 1.00732601E+0 3.24000015E+1 2.93285000E+2
3.32999992E+1 1.00671551E+0 3.34000015E+1 2.93285000E+2
3.42999992E+1 1.00702077E+0 3.44000015E+1 2.93285000E+2
3.54000015E+1 1.00793651E+0 3.54000015E+1 2.93285000E+2
3.62999992E+1 1.00702077E+0 3.64000015E+1 2.93285000E+2
3.74000015E+1 1.00793651E+0 3.74000015E+1 2.93285000E+2
3.82999992E+1 1.00702077E+0 3.84000015E+1 2.93285000E+2
3.92999992E+1 1.00824177E+0 3.94000015E+1 2.93285000E+2
4.02999992E+1 1.00763127E+0 4.04000015E+1 2.93285000E+2
4.14000015E+1 1.00824177E+0 4.14000015E+1 2.93285000E+2
4.22999992E+1 1.00824177E+0 4.24000015E+1 2.93285000E+2
4.32999992E+1 1.00732601E+0 4.34000015E+1 2.93285000E+2
4.42999992E+1 1.00702077E+0 4.44000015E+1 2.93285000E+2
4.52999992E+1 1.00763127E+0 4.54000015E+1 2.93285000E+2
4.62999992E+1 1.00732601E+0 4.64000015E+1 2.93285000E+2
4.72999992E+1 1.00824177E+0 4.74000015E+1 2.93285000E+2
4.82999992E+1 1.00732601E+0 4.84000015E+1 2.93285000E+2
4.92999992E+1 1.00702077E+0 4.94000015E+1 2.93285000E+2
5.04000015E+1 1.00824177E+0 5.04000015E+1 2.93285000E+2
5.12999992E+1 1.00732601E+0 5.14000015E+1 2.93285000E+2
5.22999992E+1 1.00824177E+0 5.24000015E+1 2.93285000E+2
5.34000015E+1 1.00702077E+0 5.34000015E+1 2.93285000E+2
5.42999992E+1 1.00732601E+0 5.44000015E+1 2.93285000E+2
5.52999992E+1 1.00763127E+0 5.54000015E+1 2.93285000E+2
5.62999992E+1 1.00732601E+0 5.64000015E+1 2.93285000E+2
5.72999992E+1 1.00824177E+0 5.74000015E+1 2.93285000E+2
5.82999992E+1 1.00732601E+0 5.84000015E+1 2.93285000E+2
5.92999992E+1 1.00702077E+0 5.94000015E+1 2.93285000E+2
6.02999992E+1 1.00763127E+0 6.04000015E+1 2.93285000E+2
6.12999992E+1 1.00702077E+0 6.14000015E+1 2.93285000E+2
6.24000015E+1 1.00732601E+0 6.24000015E+1 2.93285000E+2
6.32999992E+1 1.00824177E+0 6.34000015E+1 2.93285000E+2
6.43000031E+1 1.00732601E+0 6.44000015E+1 2.93285000E+2
6.53000031E+1 1.00824177E+0 6.54000015E+1 2.93285000E+2
6.63000031E+1 1.00763127E+0 6.64000015E+1 2.93285000E+2
6.73000031E+1 1.00824177E+0 6.74000015E+1 2.93285000E+2
6.83000031E+1 1.00824177E+0 6.84000015E+1 2.93285000E+2
6.93000031E+1 1.00824177E+0 6.94000015E+1 2.93285000E+2
7.04000015E+1 1.00824177E+0 7.04000015E+1 2.93285000E+2
7.13000031E+1 1.00732601E+0 7.14000015E+1 2.93285000E+2
7.24000015E+1 1.00763127E+0 7.24000015E+1 2.93285000E+2
7.34000015E+1 1.00763127E+0 7.34000015E+1 2.93285000E+2
7.43000031E+1 1.00824177E+0 7.44000015E+1 2.93285000E+2
7.53000031E+1 1.00824177E+0 7.54000015E+1 2.93285000E+2
7.63000031E+1 1.00702077E+0 7.64000015E+1 2.93285000E+2
7.74000015E+1 1.00732601E+0 7.74000015E+1 2.93285000E+2
7.83000031E+1 1.00824177E+0 7.84000015E+1 2.93285000E+2
7.93000031E+1 1.00824177E+0 7.94000015E+1 2.93285000E+2
8.03000031E+1 1.00763127E+0 8.04000015E+1 2.93285000E+2
8.13000031E+1 1.00702077E+0 8.14000015E+1 2.93285000E+2
8.24000015E+1 1.00824177E+0 8.24000015E+1 2.93285000E+2
8.33000031E+1 1.00732601E+0 8.34000015E+1 2.93285000E+2
8.43000031E+1 1.00824177E+0 8.44000015E+1 2.93285000E+2
8.53000031E+1 1.00824177E+0 8.54000015E+1 2.93285000E+2
8.63000031E+1 1.00732601E+0 8.64000015E+1 2.93285000E+2
8.73000031E+1 1.00763127E+0 8.74000015E+1 2.93285000E+2
8.83000031E+1 1.00763127E+0 8.84000015E+1 2.93285000E+2
8.93000031E+1 1.00824177E+0 8.94000015E+1 2.93285000E+2
9.03000031E+1 1.00763127E+0 9.04000015E+1 2.93285000E+2
9.13000031E+1 1.00824177E+0 9.14000015E+1 2.93285000E+2
9.24000015E+1 1.00732601E+0 9.24000015E+1 2.93285000E+2
9.33000031E+1 1.00702077E+0 9.34000015E+1 2.93285000E+2
9.43000031E+1 1.00824177E+0 9.44000015E+1 2.93285000E+2
9.53000031E+1 1.00824177E+0 9.54000015E+1 2.93285000E+2
9.63000031E+1 1.00763127E+0 9.64000015E+1 2.93285000E+2
9.73000031E+1 1.00824177E+0 9.74000015E+1 2.93285000E+2
9.83000031E+1 1.00732601E+0 9.84000015E+1 2.93285000E+2
9.93000031E+1 1.00732601E+0 9.94000015E+1 2.93285000E+2
1.00300003E+2 1.00732601E+0 1.00400002E+2 2.93285000E+2
1.01300003E+2 1.00702077E+0 1.01400002E+2 2.93285000E+2
1.02300003E+2 1.00732601E+0 1.02400002E+2 2.93285000E+2
1.03400002E+2 1.00732601E+0 1.03400002E+2 2.93285000E+2
1.04300003E+2 1.00824177E+0 1.04400002E+2 2.93285000E+2
1.05400002E+2 1.00824177E+0 1.05400002E+2 2.93285000E+2
1.06300003E+2 1.00732601E+0 1.06400002E+2 2.93285000E+2
1.07300003E+2 1.00763127E+0 1.07400002E+2 2.93285000E+2
1.08300003E+2 1.00824177E+0 1.08400002E+2 2.93285000E+2
1.09400002E+2 1.00824177E+0 1.09400002E+2 2.93285000E+2
1.10300003E+2 1.00702077E+0 1.10400002E+2 2.93285000E+2
1.11400002E+2 1.00732601E+0 1.11400002E+2 2.93285000E+2
1.12300003E+2 1.00732601E+0 1.12400002E+2 2.93285000E+2
1.13300003E+2 1.00732601E+0 1.13400002E+2 2.93285000E+2
1.14300003E+2 1.00732601E+0 1.14400002E+2 2.93285000E+2
1.15300003E+2 1.00702077E+0 1.15400002E+2 2.93285000E+2
1.16300003E+2 1.00824177E+0 1.16400002E+2 2.93285000E+2
1.17300003E+2 1.00702077E+0 1.17400002E+2 2.93285000E+2
1.18300003E+2 1.00824177E+0 1.18400002E+2 2.93285000E+2
1.19300003E+2 1.00732601E+0 1.19400002E+2 2.93285000E+2
1.20300003E+2 1.00702077E+0 1.20400002E+2 2.93285000E+2
1.21300003E+2 1.00824177E+0 1.21400002E+2 2.93285000E+2
1.22300003E+2 1.00702077E+0 1.22400002E+2 2.93285000E+2
1.23300003E+2 1.00763127E+0 1.23400002E+2 2.93285000E+2
1.24400002E+2 1.00824177E+0 1.24400002E+2 2.93285000E+2
1.25300003E+2 1.00732601E+0 1.25400002E+2 2.93285000E+2
1.26300003E+2 1.00824177E+0 1.26400002E+2 2.93285000E+2
1.27300003E+2 1.00732601E+0 1.27400002E+2 2.93285000E+2
1.28300003E+2 1.00671551E+0 1.28399994E+2 2.93285000E+2
1.29300003E+2 1.00763127E+0 1.29399994E+2 2.93285000E+2
1.30300003E+2 1.00732601E+0 1.30399994E+2 2.93285000E+2
1.31300003E+2 1.00824177E+0 1.31399994E+2 2.93285000E+2
1.32300003E+2 1.00824177E+0 1.32399994E+2 2.93285000E+2
1.33300003E+2 1.00702077E+0 1.33399994E+2 2.93285000E+2
1.34300003E+2 1.00732601E+0 1.34399994E+2 2.93285000E+2
1.35300003E+2 1.00702077E+0 1.35399994E+2 2.93285000E+2
1.36300003E+2 1.00824177E+0 1.36399994E+2 2.93222500E+2
1.37300003E+2 1.00763127E+0 1.37399994E+2 2.93285000E+2
1.38300003E+2 1.00732601E+0 1.38399994E+2 2.93285000E+2
1.39300003E+2 1.00763127E+0 1.39399994E+2 2.93285000E+2
1.40300003E+2 1.00824177E+0 1.40399994E+2 2.93285000E+2
1.41300003E+2 1.00763127E+0 1.41399994E+2 2.93285000E+2
1.42300003E+2 1.00763127E+0 1.42399994E+2 2.93285000E+2
1.43300003E+2 1.00824177E+0 1.43399994E+2 2.93285000E+2
1.44300003E+2 1.00793651E+0 1.44399994E+2 2.93285000E+2
1.45399994E+2 1.00732601E+0 1.45399994E+2 2.93285000E+2
1.46399994E+2 1.00732601E+0 1.46399994E+2 2.93285000E+2
1.47300003E+2 1.00824177E+0 1.47399994E+2 2.93285000E+2
1.48300003E+2 1.00793651E+0 1.48399994E+2 2.93285000E+2
1.49300003E+2 1.00732601E+0 1.49399994E+2 2.93222500E+2
1.50300003E+2 1.00702077E+0 1.50399994E+2 2.93285000E+2
1.51399994E+2 1.00732601E+0 1.51399994E+2 2.93285000E+2
1.52300003E+2 1.00824177E+0 1.52399994E+2 2.93285000E+2
1.53300003E+2 1.00793651E+0 1.53399994E+2 2.93285000E+2
1.54399994E+2 1.00763127E+0 1.54399994E+2 2.93222500E+2
1.55300003E+2 1.00702077E+0 1.55399994E+2 2.93285000E+2
1.56300003E+2 1.00824177E+0 1.56399994E+2 2.93285000E+2
1.57399994E+2 1.00824177E+0 1.57399994E+2 2.93285000E+2
1.58399994E+2 1.00732601E+0 1.58399994E+2 2.93285000E+2
1.59300003E+2 1.00702077E+0 1.59399994E+2 2.93285000E+2
1.60300003E+2 1.00732601E+0 1.60399994E+2 2.93285000E+2
1.61300003E+2 1.00763127E+0 1.61399994E+2 2.93285000E+2
1.62399994E+2 1.00702077E+0 1.62399994E+2 2.93285000E+2
1.63300003E+2 1.00824177E+0 1.63399994E+2 2.93285000E+2
1.64300003E+2 1.00824177E+0 1.64399994E+2 2.93285000E+2
1.65300003E+2 1.00702077E+0 1.65399994E+2 2.93285000E+2
1.66399994E+2 1.00824177E+0 1.66399994E+2 2.93285000E+2
1.67399994E+2 1.00702077E+0 1.67399994E+2 2.93285000E+2
1.68300003E+2 1.00763127E+0 1.68399994E+2 2.93285000E+2
1.69399994E+2 1.00763127E+0 1.69399994E+2 2.93285000E+2
1.70399994E+2 1.00702077E+0 1.70399994E+2 2.93285000E+2
1.71300003E+2 1.00732601E+0 1.71399994E+2 2.93285000E+2
1.72399994E+2 1.00763127E+0 1.72399994E+2 2.93285000E+2
1.73300003E+2 1.00702077E+0 1.73399994E+2 2.93285000E+2
1.74399994E+2 1.00824177E+0 1.74399994E+2 2.93285000E+2
1.75399994E+2 1.00763127E+0 1.75399994E+2 2.93285000E+2
1.76399994E+2 1.00702077E+0 1.76399994E+2 2.93285000E+2
1.77300003E+2 1.00763127E+0 1.77399994E+2 2.93285000E+2
1.78399994E+2 1.00732601E+0 1.78399994E+2 2.93285000E+2
1.79399994E+2 1.00824177E+0 1.79399994E+2 2.93285000E+2
1.80399994E+2 1.00702077E+0 1.80500000E+2 2.93285000E+2
1.81399994E+2 1.00702077E+0 1.81500000E+2 2.93285000E+2
1.82399994E+2 1.00824177E+0 1.82500000E+2 2.93285000E+2
1.83399994E+2 1.00732601E+0 1.83500000E+2 2.93285000E+2
1.84399994E+2 1.00702077E+0 1.84500000E+2 2.93285000E+2
1.85399994E+2 1.00763127E+0 1.85500000E+2 2.93285000E+2
1.86399994E+2 1.00732601E+0 1.86500000E+2 2.93222500E+2
1.87399994E+2 1.00763127E+0 1.87500000E+2 2.93285000E+2
1.88399994E+2 1.00824177E+0 1.88500000E+2 2.93285000E+2
1.89399994E+2 1.00824177E+0 1.89500000E+2 2.93285000E+2
1.90500000E+2 1.00732601E+0 1.90500000E+2 2.93285000E+2
1.91500000E+2 1.00824177E+0 1.91500000E+2 2.93285000E+2
1.92500000E+2 1.00824177E+0 1.92500000E+2 2.93285000E+2
1.93500000E+2 1.00732601E+0 1.93500000E+2 2.93285000E+2
1.94500000E+2 1.00793651E+0 1.94500000E+2 2.93285000E+2
1.95500000E+2 1.00702077E+0 1.95500000E+2 2.93285000E+2
1.96500000E+2 1.00732601E+0 1.96500000E+2 2.93285000E+2
1.97500000E+2 1.00732601E+0 1.97500000E+2 2.93285000E+2
1.98500000E+2 1.00702077E+0 1.98500000E+2 2.93285000E+2
1.99500000E+2 1.00763127E+0 1.99500000E+2 2.93285000E+2
2.00500000E+2 1.00702077E+0 2.00500000E+2 2.93285000E+2
2.01500000E+2 1.00763127E+0 2.01500000E+2 2.93285000E+2
2.02500000E+2 1.00824177E+0 2.02500000E+2 2.93285000E+2
2.03500000E+2 1.00824177E+0 2.03500000E+2 2.93285000E+2
2.04500000E+2 1.00732601E+0 2.04500000E+2 2.93285000E+2
2.05500000E+2 1.00732601E+0 2.05500000E+2 2.93285000E+2
2.06500000E+2 1.00732601E+0 2.06500000E+2 2.93285000E+2
2.07500000E+2 1.00702077E+0 2.07500000E+2 2.93285000E+2
2.08500000E+2 1.00732601E+0 2.08500000E+2 2.93222500E+2
2.09500000E+2 1.00763127E+0 2.09500000E+2 2.93285000E+2
2.10500000E+2 1.00824177E+0 2.10500000E+2 2.93285000E+2
2.11500000E+2 1.00763127E+0 2.11500000E+2 2.93285000E+2
2.12500000E+2 1.00824177E+0 2.12500000E+2 2.93285000E+2
2.13500000E+2 1.00824177E+0 2.13500000E+2 2.93285000E+2
2.14500000E+2 1.00732601E+0 2.14500000E+2 2.93285000E+2
2.15500000E+2 1.00732601E+0 2.15500000E+2 2.93285000E+2
2.16500000E+2 1.00763127E+0 2.16500000E+2 2.93285000E+2
2.17500000E+2 1.00732601E+0 2.17500000E+2 2.93285000E+2
2.18500000E+2 1.00824177E+0 2.18500000E+2 2.93285000E+2
2.19500000E+2 1.00732601E+0 2.19500000E+2 2.93285000E+2
2.20500000E+2 1.00763127E+0 2.20500000E+2 2.93285000E+2
2.21500000E+2 1.00732601E+0 2.21500000E+2 2.93285000E+2
2.22500000E+2 1.00702077E+0 2.22500000E+2 2.93285000E+2
2.23500000E+2 1.00732601E+0 2.23500000E+2 2.93285000E+2
2.24500000E+2 1.00824177E+0 2.24500000E+2 2.93285000E+2
2.25500000E+2 1.00732601E+0 2.25500000E+2 2.93285000E+2
2.26500000E+2 1.00824177E+0 2.26500000E+2 2.93285000E+2
2.27500000E+2 1.00732601E+0 2.27500000E+2 2.93285000E+2
2.28500000E+2 1.00732601E+0 2.28500000E+2 2.93285000E+2
2.29500000E+2 1.00763127E+0 2.29500000E+2 2.93285000E+2
2.30500000E+2 1.00824177E+0 2.30500000E+2 2.93285000E+2
2.31500000E+2 1.00732601E+0 2.31500000E+2 2.93285000E+2
2.32500000E+2 1.00763127E+0 2.32500000E+2 2.93285000E+2
2.33500000E+2 1.00824177E+0 2.33500000E+2 2.93285000E+2
2.34500000E+2 1.00732601E+0 2.34500000E+2 2.93285000E+2
2.35500000E+2 1.00763127E+0 2.35500000E+2 2.93285000E+2
2.36500000E+2 1.00732601E+0 2.36500000E+2 2.93285000E+2
2.37500000E+2 1.00763127E+0 2.37500000E+2 2.93285000E+2
2.38500000E+2 1.00763127E+0 2.38500000E+2 2.93285000E+2
2.39500000E+2 1.00763127E+0 2.39500000E+2 2.93285000E+2
2.40500000E+2 1.00824177E+0 2.40500000E+2 2.93285000E+2
2.41500000E+2 1.00763127E+0 2.41500000E+2 2.93285000E+2
2.42500000E+2 1.00732601E+0 2.42500000E+2 2.93285000E+2
2.43500000E+2 1.00763127E+0 2.43500000E+2 2.93285000E+2
2.44500000E+2 1.00793651E+0 2.44500000E+2 2.93285000E+2
2.45500000E+2 1.00702077E+0 2.45500000E+2 2.93285000E+2
2.46500000E+2 1.00793651E+0 2.46500000E+2 2.93285000E+2
2.47500000E+2 1.00793651E+0 2.47500000E+2 2.93285000E+2
2.48500000E+2 1.00702077E+0 2.48500000E+2 2.93285000E+2
2.49500000E+2 1.00732601E+0 2.49600006E+2 2.93222500E+2
2.50500000E+2 1.00702077E+0 2.50500000E+2 2.93285000E+2
2.51500000E+2 1.00702077E+0 2.51500000E+2 2.93285000E+2
2.52500000E+2 1.00763127E+0 2.52500000E+2 2.93285000E+2
2.53500000E+2 1.00763127E+0 2.53500000E+2 2.93285000E+2
2.54500000E+2 1.00702077E+0 2.54500000E+2 2.93285000E+2
2.55500000E+2 1.00763127E+0 2.55500000E+2 2.93285000E+2
2.56500000E+2 1.00824177E+0 2.56500000E+2 2.93285000E+2
2.57500000E+2 1.00824177E+0 2.57500000E+2 2.93285000E+2
2.58500000E+2 1.00732601E+0 2.58500000E+2 2.93285000E+2
2.59500000E+2 1.00824177E+0 2.59500000E+2 2.93285000E+2
2.60500000E+2 1.00702077E+0 2.60500000E+2 2.93285000E+2
2.61500000E+2 1.00732601E+0 2.61500000E+2 2.93285000E+2
2.62500000E+2 1.00732601E+0 2.62500000E+2 2.93285000E+2
2.63500000E+2 1.00732601E+0 2.63500000E+2 2.93285000E+2
2.64500000E+2 1.00824177E+0 2.64500000E+2 2.93285000E+2
2.65500000E+2 1.00763127E+0 2.65500000E+2 2.93222500E+2
2.66500000E+2 1.00824177E+0 2.66500000E+2 2.93285000E+2
2.67500000E+2 1.00702077E+0 2.67500000E+2 2.93285000E+2
2.68500000E+2 1.00824177E+0 2.68500000E+2 2.93285000E+2
2.69500000E+2 1.00763127E+0 2.69500000E+2 2.93285000E+2
2.70500000E+2 1.00824177E+0 2.70500000E+2 2.93285000E+2
2.71500000E+2 1.00732601E+0 2.71500000E+2 2.93285000E+2
2.72500000E+2 1.00702077E+0 2.72500000E+2 2.93285000E+2
2.73500000E+2 1.00732601E+0 2.73500000E+2 2.93285000E+2
2.74500000E+2 1.00824177E+0 2.74500000E+2 2.93285000E+2
2.75500000E+2 1.00732601E+0 2.75500000E+2 2.93285000E+2
2.76500000E+2 1.00824177E+0 2.76500000E+2 2.93285000E+2
2.77500000E+2 1.00732601E+0 2.77500000E+2 2.93285000E+2
2.78500000E+2 1.00732601E+0 2.78500000E+2 2.93285000E+2
2.79500000E+2 1.00732601E+0 2.79500000E+2 2.93285000E+2
2.80500000E+2 1.00763127E+0 2.80500000E+2 2.93285000E+2
2.81500000E+2 1.00671551E+0 2.81500000E+2 2.93285000E+2
2.82500000E+2 1.00763127E+0 2.82500000E+2 2.93285000E+2
2.83500000E+2 1.00824177E+0 2.83500000E+2 2.93285000E+2
2.84500000E+2 1.00763127E+0 2.84500000E+2 2.93285000E+2
2.85500000E+2 1.00732601E+0 2.85500000E+2 2.93285000E+2
2.86500000E+2 1.00824177E+0 2.86500000E+2 2.93222500E+2
2.87500000E+2 1.00732601E+0 2.87500000E+2 2.93285000E+2
2.88500000E+2 1.00732601E+0 2.88500000E+2 2.93285000E+2
2.89500000E+2 1.00824177E+0 2.89500000E+2 2.93285000E+2
2.90500000E+2 1.00702077E+0 2.90500000E+2 2.93285000E+2
2.91500000E+2 1.00824177E+0 2.91500000E+2 2.93285000E+2
2.92500000E+2 1.00702077E+0 2.92500000E+2 2.93285000E+2
2.93500000E+2 1.00763127E+0 2.93500000E+2 2.93285000E+2
2.94500000E+2 1.00702077E+0 2.94500000E+2 2.93285000E+2
2.95500000E+2 1.00732601E+0 2.95500000E+2 2.93285000E+2
2.96500000E+2 1.00824177E+0 2.96500000E+2 2.93285000E+2
2.97500000E+2 1.00732601E+0 2.97500000E+2 2.93285000E+2
2.98500000E+2 1.00824177E+0 2.98500000E+2 2.93285000E+2
2.99500000E+2 1.00702077E+0 2.99500000E+2 2.93222500E+2
3.00500000E+2 1.00702077E+0 3.00500000E+2 2.93285000E+2
3.01500000E+2 1.00732601E+0 3.01500000E+2 2.93285000E+2
3.02500000E+2 1.00763127E+0 3.02500000E+2 2.93285000E+2
3.03500000E+2 1.00702077E+0 3.03500000E+2 2.93285000E+2
3.04500000E+2 1.00702077E+0 3.04500000E+2 2.93285000E+2
3.05500000E+2 1.00763127E+0 3.05500000E+2 2.93285000E+2
3.06500000E+2 1.00824177E+0 3.06500000E+2 2.93285000E+2
3.07500000E+2 1.00732601E+0 3.07500000E+2 2.93285000E+2
3.08500000E+2 1.00763127E+0 3.08500000E+2 2.93285000E+2
3.09500000E+2 1.00824177E+0 3.09500000E+2 2.93222500E+2
3.10500000E+2 1.00824177E+0 3.10500000E+2 2.93285000E+2
3.11500000E+2 1.00824177E+0 3.11600006E+2 2.93285000E+2
3.12500000E+2 1.00824177E+0 3.12600006E+2 2.93285000E+2
3.13500000E+2 1.00732601E+0 3.13600006E+2 2.93285000E+2
3.14500000E+2 1.00702077E+0 3.14600006E+2 2.93285000E+2
3.15500000E+2 1.00732601E+0 3.15600006E+2 2.93222500E+2
3.16500000E+2 1.00824177E+0 3.16600006E+2 2.93285000E+2
3.17500000E+2 1.00824177E+0 3.17600006E+2 2.93285000E+2
3.18500000E+2 1.00824177E+0 3.18600006E+2 2.93285000E+2
3.19500000E+2 1.00732601E+0 3.19600006E+2 2.93285000E+2
3.20500000E+2 1.00732601E+0 3.20600006E+2 2.93285000E+2
3.21600006E+2 1.00702077E+0 3.21600006E+2 2.93285000E+2
3.22600006E+2 1.00824177E+0 3.22600006E+2 2.93285000E+2
3.23600006E+2 1.00763127E+0 3.23600006E+2 2.93285000E+2
3.24600006E+2 1.00824177E+0 3.24700012E+2 2.93285000E+2
3.25600006E+2 1.00763127E+0 3.25700012E+2 2.93285000E+2
3.26600006E+2 1.00824177E+0 3.26700012E+2 2.93222500E+2
3.27600006E+2 1.00732601E+0 3.27700012E+2 2.93285000E+2
3.28600006E+2 1.00824177E+0 3.28700012E+2 2.93285000E+2
3.29600006E+2 1.00702077E+0 3.29700012E+2 2.93222500E+2
3.30600006E+2 1.00702077E+0 3.30700012E+2 2.93285000E+2
3.31600006E+2 1.00702077E+0 3.31700012E+2 2.93285000E+2
3.32600006E+2 1.00702077E+0 3.32700012E+2 2.93285000E+2
3.33600006E+2 1.00763127E+0 3.33700012E+2 2.93285000E+2
3.34600006E+2 1.00824177E+0 3.34700012E+2 2.93285000E+2
3.35600006E+2 1.00824177E+0 3.35700012E+2 2.93285000E+2
3.36600006E+2 1.00732601E+0 3.36700012E+2 2.93285000E+2
3.37600006E+2 1.00763127E+0 3.37700012E+2 2.93285000E+2
3.38600006E+2 1.00732601E+0 3.38700012E+2 2.93285000E+2
3.39600006E+2 1.00702077E+0 3.39700012E+2 2.93285000E+2
3.40600006E+2 1.00763127E+0 3.40600006E+2 2.93222500E+2
3.41600006E+2 1.00763127E+0 3.41700012E+2 2.93285000E+2
3.42600006E+2 1.00824177E+0 3.42700012E+2 2.93285000E+2
3.43600006E+2 1.00824177E+0 3.43700012E+2 2.93285000E+2
3.44600006E+2 1.00732601E+0 3.44700012E+2 2.93285000E+2
3.45600006E+2 1.00732601E+0 3.45700012E+2 2.93285000E+2
3.46600006E+2 1.00824177E+0 3.46700012E+2 2.93285000E+2
3.47600006E+2 1.00824177E+0 3.47700012E+2 2.93285000E+2
3.48600006E+2 1.00824177E+0 3.48700012E+2 2.93285000E+2
3.49600006E+2 1.00732601E+0 3.49700012E+2 2.93285000E+2
3.50600006E+2 1.00763127E+0 3.50700012E+2 2.93285000E+2
3.51600006E+2 1.00702077E+0 3.51700012E+2 2.93285000E+2
3.52600006E+2 1.00732601E+0 3.52700012E+2 2.93285000E+2
3.53600006E+2 1.00763127E+0 3.53700012E+2 2.93222500E+2
3.54600006E+2 1.00732601E+0 3.54700012E+2 2.93285000E+2
3.55600006E+2 1.00732601E+0 3.55700012E+2 2.93285000E+2
3.56600006E+2 1.00702077E+0 3.56700012E+2 2.93285000E+2
3.57600006E+2 1.00732601E+0 3.57700012E+2 2.93285000E+2
3.58600006E+2 1.00763127E+0 3.58700012E+2 2.93285000E+2
3.59600006E+2 1.00732601E+0 3.59700012E+2 2.93285000E+2
3.60600006E+2 1.00763127E+0 3.60700012E+2 2.93222500E+2
3.61600006E+2 1.00732601E+0 3.61700012E+2 2.93285000E+2
3.62600006E+2 1.00824177E+0 3.62700012E+2 2.93222500E+2
3.63600006E+2 1.00824177E+0 3.63700012E+2 2.93285000E+2
3.64600006E+2 1.00702077E+0 3.64700012E+2 2.93285000E+2
3.65600006E+2 1.00732601E+0 3.65700012E+2 2.93285000E+2
3.66600006E+2 1.00732601E+0 3.66700012E+2 2.93285000E+2
3.67600006E+2 1.00824177E+0 3.67700012E+2 2.93285000E+2
3.68600006E+2 1.00763127E+0 3.68700012E+2 2.93285000E+2
3.69600006E+2 1.00702077E+0 3.69700012E+2 2.93285000E+2
3.70600006E+2 1.00732601E+0 3.70700012E+2 2.93285000E+2
3.71600006E+2 1.00732601E+0 3.71700012E+2 2.93285000E+2
3.72600006E+2 1.00732601E+0 3.72700012E+2 2.93285000E+2
3.73600006E+2 1.00763127E+0 3.73700012E+2 2.93285000E+2
3.74600006E+2 1.00824177E+0 3.74700012E+2 2.93285000E+2
3.75600006E+2 1.00763127E+0 3.75700012E+2 2.93285000E+2
3.76600006E+2 1.00763127E+0 3.76700012E+2 2.93222500E+2
3.77600006E+2 1.00702077E+0 3.77700012E+2 2.93285000E+2
3.78600006E+2 1.00824177E+0 3.78700012E+2 2.93285000E+2
3.79600006E+2 1.00702077E+0 3.79700012E+2 2.93285000E+2
3.80600006E+2 1.00763127E+0 3.80700012E+2 2.93285000E+2
3.81600006E+2 1.00824177E+0 3.81700012E+2 2.93285000E+2
3.82600006E+2 1.00824177E+0 3.82700012E+2 2.93285000E+2
3.83600006E+2 1.00732601E+0 3.83700012E+2 2.93285000E+2
3.84600006E+2 1.00732601E+0 3.84700012E+2 2.93285000E+2
3.85600006E+2 1.00732601E+0 3.85700012E+2 2.93285000E+2
3.86600006E+2 1.00732601E+0 3.86700012E+2 2.93285000E+2
3.87600006E+2 1.00702077E+0 3.87700012E+2 2.93285000E+2
3.88600006E+2 1.00732601E+0 3.88700012E+2 2.93285000E+2
3.89600006E+2 1.00824177E+0 3.89700012E+2 2.93285000E+2
3.90600006E+2 1.00763127E+0 3.90700012E+2 2.93285000E+2
3.91600006E+2 1.00763127E+0 3.91700012E+2 2.93285000E+2
3.92600006E+2 1.00824177E+0 3.92700012E+2 2.93285000E+2
3.93600006E+2 1.00732601E+0 3.93700012E+2 2.93285000E+2
3.94600006E+2 1.00824177E+0 3.94700012E+2 2.93285000E+2
3.95600006E+2 1.00732601E+0 3.95700012E+2 2.93285000E+2
3.96600006E+2 1.00793651E+0 3.96700012E+2 2.93222500E+2
3.97600006E+2 1.00824177E+0 3.97700012E+2 2.93285000E+2
3.98600006E+2 1.00732601E+0 3.98700012E+2 2.93222500E+2
3.99600006E+2 1.00732601E+0 3.99700012E+2 2.93285000E+2
4.00600006E+2 1.00732601E+0 4.00700012E+2 2.93285000E+2
4.01600006E+2 1.00732601E+0 4.01700012E+2 2.93285000E+2
4.02600006E+2 1.00763127E+0 4.02700012E+2 2.93285000E+2
4.03600006E+2 1.00732601E+0 4.03700012E+2 2.93285000E+2
4.04600006E+2 1.00824177E+0 4.04700012E+2 2.93285000E+2
4.05600006E+2 1.00824177E+0 4.05700012E+2 2.93285000E+2
4.06600006E+2 1.00732601E+0 4.06700012E+2 2.93285000E+2
4.07600006E+2 1.00763127E+0 4.07700012E+2 2.93285000E+2
4.08600006E+2 1.00824177E+0 4.08700012E+2 2.93285000E+2
4.09600006E+2 1.00824177E+0 4.09700012E+2 2.93222500E+2
4.10600006E+2 1.00732601E+0 4.10700012E+2 2.93285000E+2
4.11600006E+2 1.00763127E+0 4.11700012E+2 2.93285000E+2
4.12600006E+2 1.00702077E+0 4.12700012E+2 2.93285000E+2
4.13600006E+2 1.00824177E+0 4.13700012E+2 2.93222500E+2
4.14600006E+2 1.00702077E+0 4.14700012E+2 2.93285000E+2
4.15600006E+2 1.00763127E+0 4.15700012E+2 2.93285000E+2
4.16600006E+2 1.00732601E+0 4.16700012E+2 2.93285000E+2
4.17600006E+2 1.00824177E+0 4.17700012E+2 2.93285000E+2
4.18600006E+2 1.00763127E+0 4.18700012E+2 2.93285000E+2
4.19600006E+2 1.00824177E+0 4.19700012E+2 2.93285000E+2
4.20600006E+2 1.00702077E+0 4.20600006E+2 2.93285000E+2
4.21600006E+2 1.00732601E+0 4.21700012E+2 2.93285000E+2
4.22600006E+2 1.00702077E+0 4.22700012E+2 2.93285000E+2
4.23600006E+2 1.00824177E+0 4.23700012E+2 2.93222500E+2
4.24600006E+2 1.00732601E+0 4.24700012E+2 2.93285000E+2
4.25600006E+2 1.00732601E+0 4.25700012E+2 2.93285000E+2
4.26600006E+2 1.00732601E+0 4.26700012E+2 2.93222500E+2
4.27600006E+2 1.00763127E+0 4.27700012E+2 2.93285000E+2
4.28600006E+2 1.00763127E+0 4.28700012E+2 2.93285000E+2
4.29600006E+2 1.00702077E+0 4.29700012E+2 2.93222500E+2
4.30600006E+2 1.00824177E+0 4.30600006E+2 2.93285000E+2
4.31600006E+2 1.00732601E+0 4.31700012E+2 2.93285000E+2
4.32600006E+2 1.00824177E+0 4.32700012E+2 2.93285000E+2
4.33600006E+2 1.00732601E+0 4.33700012E+2 2.93222500E+2
4.34600006E+2 1.00732601E+0 4.34700012E+2 2.93222500E+2
4.35600006E+2 1.00763127E+0 4.35700012E+2 2.93222500E+2
4.36600006E+2 1.00702077E+0 4.36700012E+2 2.93222500E+2
4.37600006E+2 1.00824177E+0 4.37700012E+2 2.93285000E+2
4.38600006E+2 1.00824177E+0 4.38700012E+2 2.93222500E+2
4.39600006E+2 1.00702077E+0 4.39700012E+2 2.93285000E+2
4.40600006E+2 1.00824177E+0 4.40700012E+2 2.93285000E+2
4.41600006E+2 1.00763127E+0 4.41700012E+2 2.93285000E+2
4.42600006E+2 1.00732601E+0 4.42700012E+2 2.93285000E+2
4.43600006E+2 1.00824177E+0 4.43700012E+2 2.93285000E+2
4.44600006E+2 1.00732601E+0 4.44700012E+2 2.93285000E+2
4.45600006E+2 1.00702077E+0 4.45700012E+2 2.93222500E+2
4.46600006E+2 1.00732601E+0 4.46700012E+2 2.93285000E+2
4.47600006E+2 1.00702077E+0 4.47700012E+2 2.93285000E+2
4.48600006E+2 1.00732601E+0 4.48700012E+2 2.93285000E+2
4.49600006E+2 1.00824177E+0 4.49700012E+2 2.93285000E+2
4.50600006E+2 1.00702077E+0 4.50600006E+2 2.93285000E+2
4.51600006E+2 1.00732601E+0 4.51700012E+2 2.93285000E+2
4.52600006E+2 1.00763127E+0 4.52700012E+2 2.93285000E+2
4.53600006E+2 1.00824177E+0 4.53700012E+2 2.93285000E+2
4.54600006E+2 1.00824177E+0 4.54700012E+2 2.93222500E+2
4.55600006E+2 1.00824177E+0 4.55700012E+2 2.93222500E+2
4.56600006E+2 1.00824177E+0 4.56700012E+2 2.93285000E+2
4.57600006E+2 1.00732601E+0 4.57700012E+2 2.93285000E+2
4.58600006E+2 1.00824177E+0 4.58700012E+2 2.93222500E+2
4.59600006E+2 1.00702077E+0 4.59700012E+2 2.93222500E+2
4.60600006E+2 1.00732601E+0 4.60700012E+2 2.93285000E+2
4.61600006E+2 1.00824177E+0 4.61700012E+2 2.93285000E+2
4.62600006E+2 1.00732601E+0 4.62700012E+2 2.93285000E+2
4.63600006E+2 1.00763127E+0 4.63700012E+2 2.93285000E+2
4.64600006E+2 1.00732601E+0 4.64700012E+2 2.93285000E+2
4.65600006E+2 1.00824177E+0 4.65700012E+2 2.93285000E+2
4.66600006E+2 1.00732601E+0 4.66700012E+2 2.93285000E+2
4.67600006E+2 1.00732601E+0 4.67700012E+2 2.93222500E+2
4.68600006E+2 1.00732601E+0 4.68700012E+2 2.93222500E+2
4.69600006E+2 1.00732601E+0 4.69700012E+2 2.93285000E+2
4.70600006E+2 1.00824177E+0 4.70700012E+2 2.93285000E+2
4.71600006E+2 1.00732601E+0 4.71700012E+2 2.93285000E+2
4.72600006E+2 1.00824177E+0 4.72700012E+2 2.93285000E+2
4.73600006E+2 1.00763127E+0 4.73700012E+2 2.93285000E+2
4.74600006E+2 1.00702077E+0 4.74700012E+2 2.93285000E+2
4.75600006E+2 1.00824177E+0 4.75700012E+2 2.93285000E+2
4.76600006E+2 1.00824177E+0 4.76700012E+2 2.93222500E+2
4.77600006E+2 1.00732601E+0 4.77700012E+2 2.93222500E+2
4.78600006E+2 1.00824177E+0 4.78700012E+2 2.93285000E+2
4.79600006E+2 1.00824177E+0 4.79700012E+2 2.93285000E+2
4.80600006E+2 1.00702077E+0 4.80700012E+2 2.93222500E+2
4.81600006E+2 1.00763127E+0 4.81700012E+2 2.93285000E+2
4.82600006E+2 1.00732601E+0 4.82700012E+2 2.93285000E+2
4.83600006E+2 1.00763127E+0 4.83700012E+2 2.93222500E+2
4.84600006E+2 1.00732601E+0 4.84700012E+2 2.93285000E+2
4.85600006E+2 1.00732601E+0 4.85700012E+2 2.93222500E+2
4.86600006E+2 1.00763127E+0 4.86700012E+2 2.93222500E+2
4.87600006E+2 1.00763127E+0 4.87700012E+2 2.93285000E+2
4.88600006E+2 1.00732601E+0 4.88700012E+2 2.93285000E+2
4.89600006E+2 1.00732601E+0 4.89700012E+2 2.93285000E+2
4.90600006E+2 1.00732601E+0 4.90700012E+2 2.93222500E+2
4.91600006E+2 1.00732601E+0 4.91700012E+2 2.93285000E+2
4.92600006E+2 1.00824177E+0 4.92700012E+2 2.93285000E+2
4.93600006E+2 1.00702077E+0 4.93700012E+2 2.93285000E+2
4.94600006E+2 1.00732601E+0 4.94700012E+2 2.93285000E+2
4.95600006E+2 1.00824177E+0 4.95700012E+2 2.93285000E+2
4.96600006E+2 1.00824177E+0 4.96700012E+2 2.93222500E+2
4.97600006E+2 1.00824177E+0 4.97700012E+2 2.93285000E+2
4.98600006E+2 1.00763127E+0 4.98700012E+2 2.93222500E+2
4.99600006E+2 1.00824177E+0 4.99700012E+2 2.93222500E+2
5.00600006E+2 1.00702077E+0 5.00700012E+2 2.93285000E+2
5.01600006E+2 1.00732601E+0 5.01700012E+2 2.93285000E+2
5.02600006E+2 1.00702077E+0 5.02700012E+2 2.93285000E+2
5.03600006E+2 1.00732601E+0 5.03700012E+2 2.93222500E+2
5.04600006E+2 1.00824177E+0 5.04700012E+2 2.93285000E+2
5.05600006E+2 1.00732601E+0 5.05700012E+2 2.93222500E+2
5.06600006E+2 1.00732601E+0 5.06700012E+2 2.93285000E+2
5.07600006E+2 1.00824177E+0 5.07700012E+2 2.93285000E+2
5.08700012E+2 1.00732601E+0 5.08700012E+2 2.93285000E+2
5.09600006E+2 1.00702077E+0 5.09700012E+2 2.93222500E+2
5.10600006E+2 1.00732601E+0 5.10700012E+2 2.93285000E+2
5.11600006E+2 1.00824177E+0 5.11700012E+2 2.93285000E+2
5.12700012E+2 1.00702077E+0 5.12700012E+2 2.93222500E+2
5.13700012E+2 1.00702077E+0 5.13700012E+2 2.93285000E+2
5.14700012E+2 1.00732601E+0 5.14700012E+2 2.93222500E+2
5.15700012E+2 1.00763127E+0 5.15799988E+2 2.93285000E+2
5.16700012E+2 1.00732601E+0 5.16799988E+2 2.93222500E+2
5.17700012E+2 1.00763127E+0 5.17799988E+2 2.93285000E+2
5.18700012E+2 1.00824177E+0 5.18799988E+2 2.93285000E+2
5.19700012E+2 1.00824177E+0 5.19799988E+2 2.93285000E+2
5.20700012E+2 1.00824177E+0 5.20799988E+2 2.93285000E+2
5.21700012E+2 1.00702077E+0 5.21799988E+2 2.93285000E+2
5.22700012E+2 1.00702077E+0 5.22799988E+2 2.93222500E+2
5.23700012E+2 1.00763127E+0 5.23799988E+2 2.93222500E+2
5.24700012E+2 1.00702077E+0 5.24799988E+2 2.93222500E+2
5.25700012E+2 1.00763127E+0 5.25799988E+2 2.93285000E+2
5.26700012E+2 1.00763127E+0 5.26799988E+2 2.93285000E+2
5.27700012E+2 1.00824177E+0 5.27799988E+2 2.93285000E+2
5.28700012E+2 1.00824177E+0 5.28799988E+2 2.93285000E+2
5.29700012E+2 1.00702077E+0 5.29799988E+2 2.93222500E+2
5.30700012E+2 1.00824177E+0 5.30799988E+2 2.93222500E+2
5.31700012E+2 1.00824177E+0 5.31799988E+2 2.93285000E+2
5.32700012E+2 1.00702077E+0 5.32799988E+2 2.93285000E+2
5.33700012E+2 1.00824177E+0 5.33799988E+2 2.93285000E+2
5.34700012E+2 1.00824177E+0 5.34799988E+2 2.93285000E+2
5.35700012E+2 1.00702077E+0 5.35799988E+2 2.93285000E+2
5.36700012E+2 1.00702077E+0 5.36799988E+2 2.93222500E+2
5.37700012E+2 1.00824177E+0 5.37799988E+2 2.93285000E+2
5.38700012E+2 1.00763127E+0 5.38799988E+2 2.93285000E+2
5.39700012E+2 1.00702077E+0 5.39799988E+2 2.93222500E+2
5.40700012E+2 1.00702077E+0 5.40799988E+2 2.93222500E+2
5.41700012E+2 1.00763127E+0 5.41799988E+2 2.93222500E+2
5.42700012E+2 1.00702077E+0 5.42799988E+2 2.93222500E+2
5.43700012E+2 1.00763127E+0 5.43799988E+2 2.93222500E+2
5.44700012E+2 1.00824177E+0 5.44799988E+2 2.93285000E+2
5.45700012E+2 1.00702077E+0 5.45799988E+2 2.93222500E+2
5.46700012E+2 1.00732601E+0 5.46799988E+2 2.93285000E+2
5.47700012E+2 1.00824177E+0 5.47799988E+2 2.93285000E+2
5.48700012E+2 1.00824177E+0 5.48799988E+2 2.93285000E+2
5.49700012E+2 1.00702077E+0 5.49799988E+2 2.93222500E+2
5.50700012E+2 1.00763127E+0 5.50799988E+2 2.93222500E+2
5.51700012E+2 1.00702077E+0 5.51799988E+2 2.93222500E+2
5.52700012E+2 1.00702077E+0 5.52799988E+2 2.93285000E+2
5.53700012E+2 1.00732601E+0 5.53799988E+2 2.93285000E+2
5.54700012E+2 1.00732601E+0 5.54799988E+2 2.93222500E+2
5.55700012E+2 1.00763127E+0 5.55799988E+2 2.93222500E+2
5.56700012E+2 1.00732601E+0 5.56799988E+2 2.93222500E+2
5.57700012E+2 1.00702077E+0 5.57799988E+2 2.93222500E+2
5.58700012E+2 1.00702077E+0 5.58799988E+2 2.93285000E+2
5.59700012E+2 1.00824177E+0 5.59799988E+2 2.93222500E+2
5.60700012E+2 1.00824177E+0 5.60799988E+2 2.93222500E+2
5.61700012E+2 1.00732601E+0 5.61799988E+2 2.93222500E+2
5.62700012E+2 1.00824177E+0 5.62799988E+2 2.93285000E+2
5.63700012E+2 1.00763127E+0 5.63799988E+2 2.93222500E+2
5.64700012E+2 1.00732601E+0 5.64799988E+2 2.93222500E+2
5.65700012E+2 1.00763127E+0 5.65799988E+2 2.93285000E+2
5.66700012E+2 1.00732601E+0 5.66799988E+2 2.93222500E+2
5.67700012E+2 1.00824177E+0 5.67799988E+2 2.93285000E+2
5.68700012E+2 1.00732601E+0 5.68799988E+2 2.93222500E+2
5.69700012E+2 1.00763127E+0 5.69799988E+2 2.93222500E+2
5.70700012E+2 1.00763127E+0 5.70799988E+2 2.93222500E+2
5.71700012E+2 1.00702077E+0 5.71799988E+2 2.93285000E+2
5.72700012E+2 1.00763127E+0 5.72799988E+2 2.93222500E+2
5.73700012E+2 1.00732601E+0 5.73799988E+2 2.93285000E+2
5.74700012E+2 1.00732601E+0 5.74799988E+2 2.93222500E+2
5.75700012E+2 1.00702077E+0 5.75799988E+2 2.93222500E+2
5.76700012E+2 1.00763127E+0 5.76799988E+2 2.93222500E+2
5.77700012E+2 1.00763127E+0 5.77799988E+2 2.93222500E+2
5.78700012E+2 1.00732601E+0 5.78799988E+2 2.93222500E+2
5.79700012E+2 1.00732601E+0 5.79799988E+2 2.93222500E+2
5.80700012E+2 1.00702077E+0 5.80799988E+2 2.93222500E+2
5.81700012E+2 1.00824177E+0 5.81799988E+2 2.93222500E+2
5.82700012E+2 1.00732601E+0 5.82799988E+2 2.93222500E+2
5.83700012E+2 1.00763127E+0 5.83799988E+2 2.93222500E+2
5.84700012E+2 1.00824177E+0 5.84799988E+2 2.93222500E+2
5.85700012E+2 1.00824177E+0 5.85799988E+2 2.93222500E+2
5.86700012E+2 1.00732601E+0 5.86799988E+2 2.93222500E+2
5.87700012E+2 1.00732601E+0 5.87799988E+2 2.93222500E+2
5.88700012E+2 1.00763127E+0 5.88799988E+2 2.93285000E+2
5.89700012E+2 1.00824177E+0 5.89799988E+2 2.93285000E+2
5.90700012E+2 1.00702077E+0 5.90799988E+2 2.93285000E+2
5.91700012E+2 1.00763127E+0 5.91799988E+2 2.93285000E+2
5.92700012E+2 1.00702077E+0 5.92799988E+2 2.93222500E+2
5.93700012E+2 1.00763127E+0 5.93799988E+2 2.93285000E+2
5.94700012E+2 1.00763127E+0 5.94799988E+2 2.93222500E+2
5.95700012E+2 1.00824177E+0 5.95799988E+2 2.93222500E+2
5.96700012E+2 1.00732601E+0 5.96799988E+2 2.93285000E+2
5.97700012E+2 1.00732601E+0 5.97799988E+2 2.93222500E+2
5.98700012E+2 1.00824177E+0 5.98799988E+2 2.93222500E+2
5.99700012E+2 1.00732601E+0 5.99799988E+2 2.93222500E+2
6.00700012E+2 1.00824177E+0 6.00799988E+2 2.93222500E+2
6.01700012E+2 1.00702077E+0 6.01799988E+2 2.93222500E+2
6.02700012E+2 1.00702077E+0 6.02799988E+2 2.93222500E+2
6.03700012E+2 1.00732601E+0 6.03799988E+2 2.93222500E+2
6.04700012E+2 1.00824177E+0 6.04799988E+2 2.93222500E+2
6.05700012E+2 1.00824177E+0 6.05799988E+2 2.93222500E+2
6.06700012E+2 1.00824177E+0 6.06799988E+2 2.93222500E+2
6.07700012E+2 1.00702077E+0 6.07799988E+2 2.93222500E+2
6.08700012E+2 1.00824177E+0 6.08799988E+2 2.93222500E+2
6.09700012E+2 1.00763127E+0 6.09799988E+2 2.93222500E+2
6.10700012E+2 1.00702077E+0 6.10799988E+2 2.93285000E+2
6.11700012E+2 1.00824177E+0 6.11799988E+2 2.93285000E+2
6.12799988E+2 1.00824177E+0 6.12799988E+2 2.93222500E+2
6.13799988E+2 1.00763127E+0 6.13799988E+2 2.93222500E+2
6.14799988E+2 1.00732601E+0 6.14900024E+2 2.93222500E+2
6.15799988E+2 1.00702077E+0 6.15799988E+2 2.93222500E+2
6.16799988E+2 1.00824177E+0 6.16900024E+2 2.93222500E+2
6.17799988E+2 1.00732601E+0 6.17900024E+2 2.93285000E+2
6.18799988E+2 1.00824177E+0 6.18900024E+2 2.93222500E+2
6.19799988E+2 1.00763127E+0 6.19900024E+2 2.93222500E+2
6.20799988E+2 1.00763127E+0 6.20900024E+2 2.93222500E+2
6.21799988E+2 1.00732601E+0 6.21900024E+2 2.93222500E+2
6.22799988E+2 1.00763127E+0 6.22900024E+2 2.93222500E+2
6.23799988E+2 1.00732601E+0 6.23900024E+2 2.93285000E+2
6.24900024E+2 1.00763127E+0 6.24900024E+2 2.93222500E+2
6.25799988E+2 1.00732601E+0 6.25900024E+2 2.93222500E+2
6.26799988E+2 1.00763127E+0 6.26900024E+2 2.93222500E+2
6.27900024E+2 1.00732601E+0 6.27900024E+2 2.93285000E+2
6.28900024E+2 1.00763127E+0 6.28900024E+2 2.93222500E+2
6.29799988E+2 1.00732601E+0 6.29900024E+2 2.93222500E+2
6.30799988E+2 1.00763127E+0 6.30900024E+2 2.93222500E+2
6.31799988E+2 1.00824177E+0 6.31900024E+2 2.93222500E+2
6.32799988E+2 1.00702077E+0 6.32900024E+2 2.93222500E+2
6.33799988E+2 1.00702077E+0 6.33900024E+2 2.93285000E+2
6.34799988E+2 1.00824177E+0 6.34900024E+2 2.93222500E+2
6.35900024E+2 1.00824177E+0 6.35900024E+2 2.93285000E+2
6.36799988E+2 1.00824177E+0 6.36900024E+2 2.93222500E+2
6.37799988E+2 1.00702077E+0 6.37900024E+2 2.93222500E+2
6.38799988E+2 1.00732601E+0 6.38900024E+2 2.93222500E+2
6.39799988E+2 1.00824177E+0 6.39900024E+2 2.93222500E+2
6.40799988E+2 1.00732601E+0 6.40900024E+2 2.93222500E+2
6.41799988E+2 1.00702077E+0 6.41900024E+2 2.93222500E+2
6.42799988E+2 1.00824177E+0 6.42900024E+2 2.93222500E+2
6.43799988E+2 1.00763127E+0 6.43900024E+2 2.93222500E+2
6.44799988E+2 1.00763127E+0 6.44900024E+2 2.93222500E+2
6.45900024E+2 1.00824177E+0 6.45900024E+2 2.93222500E+2
6.46799988E+2 1.00702077E+0 6.46900024E+2 2.93222500E+2
6.47799988E+2 1.00702077E+0 6.47900024E+2 2.93222500E+2
6.48799988E+2 1.00824177E+0 6.48900024E+2 2.93222500E+2
6.49900024E+2 1.00732601E+0 6.49900024E+2 2.93222500E+2
6.50799988E+2 1.00763127E+0 6.50900024E+2 2.93285000E+2
6.51799988E+2 1.00732601E+0 6.51900024E+2 2.93222500E+2
6.52900024E+2 1.00732601E+0 6.52900024E+2 2.93222500E+2
6.53900024E+2 1.00824177E+0 6.53900024E+2 2.93222500E+2
6.54799988E+2 1.00763127E+0 6.54900024E+2 2.93222500E+2
6.55799988E+2 1.00824177E+0 6.55900024E+2 2.93222500E+2
6.56799988E+2 1.00702077E+0 6.56900024E+2 2.93285000E+2
6.57900024E+2 1.00732601E+0 6.57900024E+2 2.93222500E+2
6.58799988E+2 1.00702077E+0 6.58900024E+2 2.93222500E+2
6.59799988E+2 1.00824177E+0 6.59900024E+2 2.93285000E+2
6.60799988E+2 1.00702077E+0 6.60900024E+2 2.93222500E+2
6.61799988E+2 1.00732601E+0 6.61900024E+2 2.93222500E+2
6.62799988E+2 1.00702077E+0 6.62900024E+2 2.93222500E+2
6.63900024E+2 1.00702077E+0 6.64000000E+2 2.93222500E+2
6.64799988E+2 1.00824177E+0 6.64900024E+2 2.93222500E+2
6.65900024E+2 1.00763127E+0 6.65900024E+2 2.93222500E+2
6.66900024E+2 1.00702077E+0 6.66900024E+2 2.93222500E+2
6.67799988E+2 1.00824177E+0 6.67900024E+2 2.93222500E+2
6.68799988E+2 1.00732601E+0 6.68900024E+2 2.93222500E+2
6.69900024E+2 1.00702077E+0 6.69900024E+2 2.93222500E+2
6.70799988E+2 1.00824177E+0 6.70900024E+2 2.93222500E+2
6.71900024E+2 1.00824177E+0 6.71900024E+2 2.93285000E+2
6.72799988E+2 1.00732601E+0 6.72900024E+2 2.93222500E+2
6.73799988E+2 1.00824177E+0 6.73900024E+2 2.93222500E+2
6.74799988E+2 1.00763127E+0 6.74900024E+2 2.93222500E+2
6.75799988E+2 1.00824177E+0 6.75900024E+2 2.93222500E+2
6.76799988E+2 1.00824177E+0 6.76900024E+2 2.93222500E+2
6.77799988E+2 1.00763127E+0 6.77900024E+2 2.93222500E+2
6.78900024E+2 1.00824177E+0 6.78900024E+2 2.93222500E+2
6.79900024E+2 1.00824177E+0 6.80000000E+2 2.93222500E+2
6.80799988E+2 1.00824177E+0 6.80900024E+2 2.93222500E+2
6.81799988E+2 1.00763127E+0 6.81900024E+2 2.93222500E+2
6.82900024E+2 1.00763127E+0 6.82900024E+2 2.93222500E+2
6.83799988E+2 1.00824177E+0 6.83900024E+2 2.93222500E+2
6.84900024E+2 1.00824177E+0 6.84900024E+2 2.93222500E+2
6.85799988E+2 1.00824177E+0 6.85900024E+2 2.93222500E+2
6.86799988E+2 1.00702077E+0 6.86900024E+2 2.93222500E+2
6.87900024E+2 1.00732601E+0 6.87900024E+2 2.93222500E+2
6.88799988E+2 1.00824177E+0 6.88900024E+2 2.93222500E+2
6.89799988E+2 1.00824177E+0 6.89900024E+2 2.93222500E+2
6.90799988E+2 1.00824177E+0 6.90900024E+2 2.93222500E+2
6.91900024E+2 1.00732601E+0 6.91900024E+2 2.93222500E+2
6.92799988E+2 1.00763127E+0 6.92900024E+2 2.93222500E+2
6.93799988E+2 1.00824177E+0 6.93900024E+2 2.93222500E+2
6.94799988E+2 1.00702077E+0 6.94900024E+2 2.93222500E+2
6.95799988E+2 1.00824177E+0 6.95900024E+2 2.93222500E+2
6.96799988E+2 1.00702077E+0 6.96900024E+2 2.93222500E+2
6.97799988E+2 1.00702077E+0 6.97900024E+2 2.93222500E+2
6.98799988E+2 1.00824177E+0 6.98900024E+2 2.93222500E+2
6.99799988E+2 1.00763127E+0 6.99900024E+2 2.93222500E+2
7.00799988E+2 1.00793651E+0 7.00900024E+2 2.93222500E+2
7.01799988E+2 1.00763127E+0 7.01900024E+2 2.93222500E+2
7.02799988E+2 1.00763127E+0 7.02900024E+2 2.93222500E+2
7.03900024E+2 1.00732601E+0 7.03900024E+2 2.93222500E+2
7.04900024E+2 1.00763127E+0 7.04900024E+2 2.93222500E+2
7.05900024E+2 1.00763127E+0 7.05900024E+2 2.93222500E+2
7.06799988E+2 1.00702077E+0 7.06900024E+2 2.93222500E+2
7.07799988E+2 1.00763127E+0 7.07900024E+2 2.93222500E+2
7.08900024E+2 1.00824177E+0 7.08900024E+2 2.93222500E+2
7.09799988E+2 1.00793651E+0 7.09900024E+2 2.93285000E+2
7.10799988E+2 1.00732601E+0 7.10900024E+2 2.93222500E+2
7.11799988E+2 1.00702077E+0 7.11900024E+2 2.93222500E+2
7.12799988E+2 1.00702077E+0 7.12900024E+2 2.93222500E+2
7.13900024E+2 1.00763127E+0 7.13900024E+2 2.93222500E+2
7.14799988E+2 1.00732601E+0 7.14900024E+2 2.93222500E+2
7.15799988E+2 1.00702077E+0 7.15900024E+2 2.93222500E+2
7.16900024E+2 1.00763127E+0 7.16900024E+2 2.93222500E+2
7.17900024E+2 1.00702077E+0 7.17900024E+2 2.93222500E+2
7.18799988E+2 1.00763127E+0 7.18900024E+2 2.93222500E+2
7.19799988E+2 1.00824177E+0 7.19900024E+2 2.93222500E+2
7.20900024E+2 1.00793651E+0 7.20900024E+2 2.93222500E+2
7.21799988E+2 1.00732601E+0 7.21900024E+2 2.93222500E+2
7.22799988E+2 1.00763127E+0 7.22900024E+2 2.93222500E+2
7.23799988E+2 1.00702077E+0 7.23900024E+2 2.93222500E+2
7.24799988E+2 1.00824177E+0 7.24900024E+2 2.93222500E+2
7.25799988E+2 1.00824177E+0 7.25900024E+2 2.93222500E+2
7.26900024E+2 1.00824177E+0 7.26900024E+2 2.93222500E+2
7.27799988E+2 1.00824177E+0 7.27900024E+2 2.93222500E+2
7.28799988E+2 1.00824177E+0 7.28900024E+2 2.93222500E+2
7.29900024E+2 1.00824177E+0 7.29900024E+2 2.93222500E+2
7.30799988E+2 1.00763127E+0 7.30900024E+2 2.93222500E+2
7.31799988E+2 1.00824177E+0 7.31900024E+2 2.93222500E+2
7.32799988E+2 1.00732601E+0 7.32900024E+2 2.93222500E+2
7.33799988E+2 1.00702077E+0 7.33900024E+2 2.93222500E+2
7.34900024E+2 1.00732601E+0 7.34900024E+2 2.93222500E+2
7.35799988E+2 1.00702077E+0 7.35900024E+2 2.93222500E+2
7.36799988E+2 1.00824177E+0 7.36900024E+2 2.93222500E+2
7.37900024E+2 1.00824177E+0 7.37900024E+2 2.93222500E+2
7.38799988E+2 1.00702077E+0 7.38900024E+2 2.93222500E+2
7.39799988E+2 1.00702077E+0 7.39900024E+2 2.93222500E+2
7.40799988E+2 1.00702077E+0 7.40900024E+2 2.93222500E+2
7.41799988E+2 1.00732601E+0 7.41900024E+2 2.93222500E+2
7.42799988E+2 1.00824177E+0 7.42900024E+2 2.93222500E+2
7.43799988E+2 1.00824177E+0 7.43900024E+2 2.93222500E+2
7.44799988E+2 1.00732601E+0 7.44900024E+2 2.93222500E+2
7.45799988E+2 1.00763127E+0 7.45900024E+2 2.93222500E+2
7.46900024E+2 1.00763127E+0 7.46900024E+2 2.93222500E+2
7.47900024E+2 1.00732601E+0 7.47900024E+2 2.93222500E+2
7.48799988E+2 1.00702077E+0 7.48900024E+2 2.93222500E+2
7.49799988E+2 1.00824177E+0 7.49900024E+2 2.93222500E+2
7.50799988E+2 1.00824177E+0 7.50900024E+2 2.93222500E+2
7.51799988E+2 1.00732601E+0 7.51900024E+2 2.93222500E+2
7.52799988E+2 1.00702077E+0 7.52900024E+2 2.93222500E+2
7.53799988E+2 1.00824177E+0 7.53900024E+2 2.93222500E+2
7.54799988E+2 1.00732601E+0 7.54900024E+2 2.93222500E+2
7.55900024E+2 1.00732601E+0 7.55900024E+2 2.93222500E+2
7.56799988E+2 1.00732601E+0 7.56900024E+2 2.93222500E+2
7.57799988E+2 1.00732601E+0 7.57900024E+2 2.93222500E+2
7.58900024E+2 1.00763127E+0 7.58900024E+2 2.93222500E+2
7.59900024E+2 1.00702077E+0 7.59900024E+2 2.93222500E+2
7.60900024E+2 1.00763127E+0 7.60900024E+2 2.93222500E+2
7.61799988E+2 1.00732601E+0 7.61900024E+2 2.93222500E+2
7.62799988E+2 1.00824177E+0 7.62900024E+2 2.93222500E+2
7.63799988E+2 1.00732601E+0 7.63900024E+2 2.93222500E+2
7.64900024E+2 1.00824177E+0 7.64900024E+2 2.93222500E+2
7.65799988E+2 1.00732601E+0 7.65900024E+2 2.93285000E+2
7.66799988E+2 1.00702077E+0 7.66900024E+2 2.93222500E+2
7.67900024E+2 1.00702077E+0 7.67900024E+2 2.93222500E+2
7.68799988E+2 1.00763127E+0 7.68900024E+2 2.93222500E+2
7.69799988E+2 1.00763127E+0 7.69900024E+2 2.93222500E+2
7.70799988E+2 1.00824177E+0 7.70900024E+2 2.93222500E+2
7.71799988E+2 1.00702077E+0 7.71900024E+2 2.93222500E+2
7.72900024E+2 1.00763127E+0 7.72900024E+2 2.93222500E+2
7.73799988E+2 1.00732601E+0 7.73900024E+2 2.93222500E+2
7.74799988E+2 1.00702077E+0 7.74900024E+2 2.93222500E+2
7.75799988E+2 1.00702077E+0 7.75900024E+2 2.93222500E+2
7.76900024E+2 1.00763127E+0 7.76900024E+2 2.93222500E+2
7.77799988E+2 1.00824177E+0 7.77900024E+2 2.93222500E+2
7.78799988E+2 1.00824177E+0 7.78900024E+2 2.93222500E+2
7.79799988E+2 1.00824177E+0 7.79900024E+2 2.93222500E+2
7.80900024E+2 1.00702077E+0 7.80900024E+2 2.93222500E+2
7.81799988E+2 1.00763127E+0 7.81900024E+2 2.93222500E+2
7.82799988E+2 1.00732601E+0 7.82900024E+2 2.93222500E+2
7.83799988E+2 1.00763127E+0 7.83900024E+2 2.93222500E+2
7.84799988E+2 1.00824177E+0 7.84900024E+2 2.93222500E+2
7.85799988E+2 1.00824177E+0 7.85900024E+2 2.93222500E+2
7.86799988E+2 1.00732601E+0 7.86900024E+2 2.93222500E+2
7.87799988E+2 1.00702077E+0 7.87900024E+2 2.93222500E+2
7.88799988E+2 1.00824177E+0 7.88900024E+2 2.93222500E+2
7.89900024E+2 1.00763127E+0 7.89900024E+2 2.93222500E+2
7.90799988E+2 1.00702077E+0 7.90900024E+2 2.93222500E+2
7.91900024E+2 1.00824177E+0 7.91900024E+2 2.93222500E+2
7.92900024E+2 1.00702077E+0 7.92900024E+2 2.93222500E+2
7.93799988E+2 1.00702077E+0 7.93900024E+2 2.93222500E+2
7.94799988E+2 1.00732601E+0 7.94900024E+2 2.93222500E+2
7.95799988E+2 1.00793651E+0 7.95900024E+2 2.93222500E+2
7.96799988E+2 1.00732601E+0 7.96900024E+2 2.93222500E+2
7.97799988E+2 1.00824177E+0 7.97900024E+2 2.93222500E+2
7.98799988E+2 1.00732601E+0 7.98900024E+2 2.93222500E+2
7.99799988E+2 1.00824177E+0 7.99900024E+2 2.93222500E+2
8.00799988E+2 1.00824177E+0 8.00900024E+2 2.93222500E+2
8.01799988E+2 1.00824177E+0 8.01900024E+2 2.93222500E+2
8.02900024E+2 1.00824177E+0 8.02900024E+2 2.93222500E+2
8.03799988E+2 1.00732601E+0 8.03900024E+2 2.93222500E+2
8.04799988E+2 1.00824177E+0 8.04900024E+2 2.93222500E+2
8.05900024E+2 1.00824177E+0 8.05900024E+2 2.93222500E+2
8.06799988E+2 1.00732601E+0 8.06900024E+2 2.93222500E+2
8.07900024E+2 1.00824177E+0 8.07900024E+2 2.93222500E+2
8.08799988E+2 1.00732601E+0 8.08900024E+2 2.93222500E+2
8.09900024E+2 1.00702077E+0 8.09900024E+2 2.93222500E+2
8.10799988E+2 1.00732601E+0 8.10900024E+2 2.93222500E+2
8.11900024E+2 1.00702077E+0 8.11900024E+2 2.93222500E+2
8.12799988E+2 1.00732601E+0 8.12900024E+2 2.93222500E+2
8.13799988E+2 1.00763127E+0 8.13900024E+2 2.93222500E+2
8.14799988E+2 1.00732601E+0 8.14900024E+2 2.93222500E+2
8.15799988E+2 1.00732601E+0 8.15900024E+2 2.93222500E+2
8.16799988E+2 1.00763127E+0 8.16900024E+2 2.93222500E+2
8.17900024E+2 1.00702077E+0 8.17900024E+2 2.93222500E+2
8.18799988E+2 1.00824177E+0 8.18900024E+2 2.93222500E+2
8.19799988E+2 1.00824177E+0 8.19900024E+2 2.93222500E+2
8.20799988E+2 1.00763127E+0 8.20900024E+2 2.93222500E+2
8.21799988E+2 1.00824177E+0 8.21900024E+2 2.93222500E+2
8.22799988E+2 1.00763127E+0 8.22900024E+2 2.93222500E+2
8.23799988E+2 1.00732601E+0 8.23900024E+2 2.93222500E+2
8.24900024E+2 1.00824177E+0 8.24900024E+2 2.93222500E+2
8.25799988E+2 1.00824177E+0 8.25900024E+2 2.93222500E+2
8.26799988E+2 1.00824177E+0 8.26900024E+2 2.93222500E+2
8.27900024E+2 1.00732601E+0 8.27900024E+2 2.93222500E+2
8.28799988E+2 1.00824177E+0 8.28900024E+2 2.93222500E+2
8.29799988E+2 1.00702077E+0 8.29900024E+2 2.93222500E+2
8.30900024E+2 1.00824177E+0 8.30900024E+2 2.93222500E+2
8.31799988E+2 1.00732601E+0 8.31900024E+2 2.93222500E+2
8.32900024E+2 1.00702077E+0 8.32900024E+2 2.93222500E+2
8.33799988E+2 1.00732601E+0 8.33900024E+2 2.93222500E+2
8.34799988E+2 1.00702077E+0 8.34900024E+2 2.93222500E+2
8.35799988E+2 1.00824177E+0 8.35900024E+2 2.93222500E+2
8.36900024E+2 1.00702077E+0 8.36900024E+2 2.93222500E+2
8.37799988E+2 1.00824177E+0 8.37900024E+2 2.93222500E+2
8.38799988E+2 1.00763127E+0 8.38900024E+2 2.93222500E+2
8.39799988E+2 1.00732601E+0 8.39900024E+2 2.93222500E+2
8.40900024E+2 1.00763127E+0 8.40900024E+2 2.93222500E+2
8.41799988E+2 1.00824177E+0 8.41900024E+2 2.93222500E+2
8.42900024E+2 1.00702077E+0 8.42900024E+2 2.93222500E+2
8.43900024E+2 1.00702077E+0 8.43900024E+2 2.93222500E+2
8.44799988E+2 1.00732601E+0 8.44900024E+2 2.93222500E+2
8.45799988E+2 1.00824177E+0 8.45900024E+2 2.93222500E+2
8.46799988E+2 1.00763127E+0 8.46900024E+2 2.93222500E+2
8.47799988E+2 1.00702077E+0 8.47900024E+2 2.93222500E+2
8.48799988E+2 1.00732601E+0 8.48900024E+2 2.93222500E+2
8.49799988E+2 1.00702077E+0 8.49900024E+2 2.93222500E+2
8.50799988E+2 1.00824177E+0 8.50900024E+2 2.93222500E+2
8.51900024E+2 1.00763127E+0 8.51900024E+2 2.93222500E+2
8.52799988E+2 1.00702077E+0 8.52900024E+2 2.93222500E+2
8.53799988E+2 1.00702077E+0 8.53900024E+2 2.93222500E+2
8.54799988E+2 1.00732601E+0 8.54900024E+2 2.93222500E+2
8.55799988E+2 1.00763127E+0 8.55900024E+2 2.93222500E+2
8.56799988E+2 1.00824177E+0 8.56900024E+2 2.93222500E+2
8.57799988E+2 1.00763127E+0 8.57900024E+2 2.93222500E+2
8.58799988E+2 1.00732601E+0 8.58900024E+2 2.93222500E+2
8.59799988E+2 1.00702077E+0 8.59900024E+2 2.93222500E+2
8.60799988E+2 1.00732601E+0 8.60900024E+2 2.93222500E+2
8.61799988E+2 1.00702077E+0 8.61900024E+2 2.93222500E+2
8.62799988E+2 1.00824177E+0 8.62900024E+2 2.93222500E+2
8.63799988E+2 1.00793651E+0 8.63900024E+2 2.93222500E+2
8.64799988E+2 1.00732601E+0 8.64900024E+2 2.93222500E+2
8.65799988E+2 1.00824177E+0 8.65900024E+2 2.93222500E+2
8.66799988E+2 1.00732601E+0 8.66900024E+2 2.93222500E+2
8.67799988E+2 1.00732601E+0 8.67900024E+2 2.93222500E+2
8.68799988E+2 1.00824177E+0 8.68900024E+2 2.93222500E+2
8.69900024E+2 1.00763127E+0 8.69900024E+2 2.93222500E+2
8.70799988E+2 1.00732601E+0 8.70900024E+2 2.93222500E+2
8.71799988E+2 1.00732601E+0 8.71900024E+2 2.93222500E+2
8.72799988E+2 1.00793651E+0 8.72900024E+2 2.93222500E+2
8.73900024E+2 1.00702077E+0 8.73900024E+2 2.93222500E+2
8.74900024E+2 1.00763127E+0 8.74900024E+2 2.93222500E+2
8.75900024E+2 1.00793651E+0 8.76000000E+2 2.93222500E+2
8.76900024E+2 1.00732601E+0 8.77000000E+2 2.93222500E+2
8.77900024E+2 1.00702077E+0 8.78000000E+2 2.93222500E+2
8.78900024E+2 1.00732601E+0 8.79000000E+2 2.93222500E+2
8.79900024E+2 1.00824177E+0 8.80000000E+2 2.93222500E+2
8.81000000E+2 1.00763127E+0 8.81000000E+2 2.93222500E+2
8.82000000E+2 1.00824177E+0 8.82000000E+2 2.93222500E+2
8.83000000E+2 1.00702077E+0 8.83000000E+2 2.93222500E+2
8.84000000E+2 1.00702077E+0 8.84000000E+2 2.93222500E+2
8.85000000E+2 1.00763127E+0 8.85000000E+2 2.93222500E+2
8.86000000E+2 1.00763127E+0 8.86000000E+2 2.93222500E+2
8.87000000E+2 1.00732601E+0 8.87000000E+2 2.93222500E+2
8.88000000E+2 1.00824177E+0 8.88000000E+2 2.93222500E+2
8.89000000E+2 1.00824177E+0 8.89000000E+2 2.93222500E+2
8.90000000E+2 1.00702077E+0 8.90000000E+2 2.93222500E+2
8.91000000E+2 1.00732601E+0 8.91000000E+2 2.93222500E+2
8.92000000E+2 1.00702077E+0 8.92000000E+2 2.93222500E+2
8.93000000E+2 1.00763127E+0 8.93000000E+2 2.93222500E+2
8.94000000E+2 1.00824177E+0 8.94000000E+2 2.93222500E+2
8.95000000E+2 1.00732601E+0 8.95099976E+2 2.93222500E+2
8.96000000E+2 1.00824177E+0 8.96099976E+2 2.93222500E+2
8.97000000E+2 1.00732601E+0 8.97099976E+2 2.93222500E+2
8.98000000E+2 1.00732601E+0 8.98099976E+2 2.93222500E+2
8.99000000E+2 1.00824177E+0 8.99099976E+2 2.93222500E+2
9.00099976E+2 1.00702077E+0 9.00099976E+2 2.93222500E+2
9.01099976E+2 1.00702077E+0 9.01099976E+2 2.93222500E+2
9.02099976E+2 1.00732601E+0 9.02099976E+2 2.93222500E+2
9.03099976E+2 1.00702077E+0 9.03099976E+2 2.93222500E+2
9.04099976E+2 1.00702077E+0 9.04200012E+2 2.93222500E+2
9.05099976E+2 1.00824177E+0 9.05200012E+2 2.93222500E+2
9.06099976E+2 1.00824177E+0 9.06200012E+2 2.93222500E+2
9.07099976E+2 1.00763127E+0 9.07200012E+2 2.93222500E+2
9.08099976E+2 1.00824177E+0 9.08200012E+2 2.93222500E+2
9.09099976E+2 1.00732601E+0 9.09200012E+2 2.93222500E+2
9.10099976E+2 1.00732601E+0 9.10200012E+2 2.93222500E+2
9.11099976E+2 1.00702077E+0 9.11200012E+2 2.93222500E+2
9.12099976E+2 1.00824177E+0 9.12200012E+2 2.93222500E+2
9.13099976E+2 1.00702077E+0 9.13200012E+2 2.93222500E+2
9.14099976E+2 1.00763127E+0 9.14200012E+2 2.93222500E+2
9.15099976E+2 1.00763127E+0 9.15200012E+2 2.93222500E+2
9.16099976E+2 1.00732601E+0 9.16200012E+2 2.93222500E+2
9.17099976E+2 1.00824177E+0 9.17200012E+2 2.93222500E+2
9.18099976E+2 1.00732601E+0 9.18200012E+2 2.93222500E+2
9.19099976E+2 1.00763127E+0 9.19200012E+2 2.93222500E+2
9.20099976E+2 1.00732601E+0 9.20200012E+2 2.93222500E+2
9.21099976E+2 1.00732601E+0 9.21200012E+2 2.93222500E+2
9.22099976E+2 1.00702077E+0 9.22200012E+2 2.93222500E+2
9.23099976E+2 1.00702077E+0 9.23200012E+2 2.93222500E+2
9.24099976E+2 1.00763127E+0 9.24200012E+2 2.93222500E+2
9.25099976E+2 1.00732601E+0 9.25200012E+2 2.93222500E+2
9.26099976E+2 1.00702077E+0 9.26200012E+2 2.93222500E+2
9.27099976E+2 1.00702077E+0 9.27200012E+2 2.93222500E+2
9.28099976E+2 1.00732601E+0 9.28200012E+2 2.93222500E+2
9.29099976E+2 1.00824177E+0 9.29200012E+2 2.93222500E+2
9.30099976E+2 1.00732601E+0 9.30200012E+2 2.93222500E+2
9.31099976E+2 1.00824177E+0 9.31200012E+2 2.93222500E+2
9.32099976E+2 1.00702077E+0 9.32099976E+2 2.93222500E+2
9.33099976E+2 1.00732601E+0 9.33200012E+2 2.93222500E+2
9.34099976E+2 1.00732601E+0 9.34200012E+2 2.93222500E+2
9.35099976E+2 1.00763127E+0 9.35200012E+2 2.93222500E+2
9.36099976E+2 1.00763127E+0 9.36200012E+2 2.93222500E+2
9.37099976E+2 1.00763127E+0 9.37200012E+2 2.93222500E+2
9.38099976E+2 1.00824177E+0 9.38200012E+2 2.93222500E+2
9.39099976E+2 1.00763127E+0 9.39200012E+2 2.93222500E+2
9.40099976E+2 1.00824177E+0 9.40099976E+2 2.93222500E+2
9.41099976E+2 1.00824177E+0 9.41200012E+2 2.93222500E+2
