0.00000000E+0 1.00686846E+0 1.00000001E-1 2.93097500E+2
1.10000002E+0 1.00696992E+0 1.20000005E+0 2.93097500E+2
2.09999990E+0 1.00702279E+0 2.20000005E+0 2.93097500E+2
3.20000005E+0 1.00691735E+0 3.20000005E+0 2.93097500E+2
4.19999981E+0 1.00688546E+0 4.19999981E+0 2.93097500E+2
5.19999981E+0 1.00697994E+0 5.19999981E+0 2.93097500E+2
6.19999981E+0 1.00701697E+0 6.30000019E+0 2.93097500E+2
7.19999981E+0 1.00695560E+0 7.30000019E+0 2.93097500E+2
8.19999981E+0 1.00698585E+0 8.30000019E+0 2.93097500E+2
9.19999981E+0 1.00696636E+0 9.30000019E+0 2.93097500E+2
1.01999998E+1 1.00696852E+0 1.03000002E+1 2.93097500E+2
1.11999998E+1 1.00695496E+0 1.13000002E+1 2.93097500E+2
1.21999998E+1 1.00696512E+0 1.23000002E+1 2.93097500E+2
1.33000002E+1 1.00695663E+0 1.33000002E+1 2.93097500E+2
1.41999998E+1 1.00697253E+0 1.43000002E+1 2.93097500E+2
1.51999998E+1 1.00697553E+0 1.53000002E+1 2.93097500E+2
1.62000008E+1 1.00697515E+0 1.62999992E+1 2.93097500E+2
1.72000008E+1 1.00697787E+0 1.72999992E+1 2.93097500E+2
1.82000008E+1 1.00698002E+0 1.82999992E+1 2.93097500E+2
1.92000008E+1 1.00696352E+0 1.92999992E+1 2.93097500E+2
2.02000008E+1 1.00689341E+0 2.02999992E+1 2.93097500E+2
2.12000008E+1 1.00698316E+0 2.12999992E+1 2.93097500E+2
2.22000008E+1 1.00698620E+0 2.22999992E+1 2.93097500E+2
2.32000008E+1 1.00698001E+0 2.32999992E+1 2.93097500E+2
2.42000008E+1 1.00690500E+0 2.42999992E+1 2.93097500E+2
2.52000008E+1 1.00698698E+0 2.52999992E+1 2.93097500E+2
2.62999992E+1 1.00697930E+0 2.62999992E+1 2.93097500E+2
2.72999992E+1 1.00709955E+0 2.72999992E+1 2.93097500E+2
2.82999992E+1 1.00701196E+0 2.82999992E+1 2.93097500E+2
2.92999992E+1 1.00691181E+0 2.92999992E+1 2.93097500E+2
3.02999992E+1 1.00694339E+0 3.02999992E+1 2.93097500E+2
3.12999992E+1 1.00703399E+0 3.12999992E+1 2.93097500E+2
3.22999992E+1 1.00694634E+0 3.22999992E+1 2.93097500E+2
3.32999992E+1 1.00692631E+0 3.32999992E+1 2.93097500E+2
3.42999992E+1 1.00696072E+0 3.44000015E+1 2.93097500E+2
3.52999992E+1 1.00696167E+0 3.54000015E+1 2.93097500E+2
3.62999992E+1 1.00698298E+0 3.64000015E+1 2.93097500E+2
3.72999992E+1 1.00698235E+0 3.74000015E+1 2.93097500E+2
3.82999992E+1 1.00695549E+0 3.84000015E+1 2.93097500E+2
3.92999992E+1 1.00693633E+0 3.94000015E+1 2.93097500E+2
4.02999992E+1 1.00702057E+0 4.04000015E+1 2.93097500E+2
4.12999992E+1 1.00693220E+0 4.14000015E+1 2.93097500E+2
4.22999992E+1 1.00688984E+0 4.24000015E+1 2.93097500E+2
4.34000015E+1 1.00700817E+0 4.34000015E+1 2.93097500E+2
4.42999992E+1 1.00693820E+0 4.44000015E+1 2.93097500E+2
4.54000015E+1 1.00691926E+0 4.54000015E+1 2.93097500E+2
4.62999992E+1 1.00692548E+0 4.64000015E+1 2.93097500E+2
4.72999992E+1 1.00695361E+0 4.74000015E+1 2.93097500E+2
4.82999992E+1 1.00691820E+0 4.84000015E+1 2.93097500E+2
4.92999992E+1 1.00697345E+0 4.94000015E+1 2.93097500E+2
5.02999992E+1 1.00693765E+0 5.04000015E+1 2.93097500E+2
5.14000015E+1 1.00705903E+0 5.14000015E+1 2.93097500E+2
5.22999992E+1 1.00684527E+0 5.24000015E+1 2.93097500E+2
5.34000015E+1 1.00704740E+0 5.34000015E+1 2.93097500E+2
5.42999992E+1 1.00690936E+0 5.44000015E+1 2.93097500E+2
5.52999992E+1 1.00691640E+0 5.54000015E+1 2.93097500E+2
5.64000015E+1 1.00692516E+0 5.64000015E+1 2.93097500E+2
5.72999992E+1 1.00698390E+0 5.74000015E+1 2.93097500E+2
5.82999992E+1 1.00695985E+0 5.84000015E+1 2.93097500E+2
5.94000015E+1 1.00696488E+0 5.94000015E+1 2.93097500E+2
6.02999992E+1 1.00696064E+0 6.04000015E+1 2.93097500E+2
6.14000015E+1 1.00703660E+0 6.14000015E+1 2.93097500E+2
6.22999992E+1 1.00700372E+0 6.24000015E+1 2.93097500E+2
6.32999992E+1 1.00699531E+0 6.34000015E+1 2.93097500E+2
6.44000015E+1 1.00700195E+0 6.44000015E+1 2.93097500E+2
6.53000031E+1 1.00698005E+0 6.54000015E+1 2.93097500E+2
6.63000031E+1 1.00694530E+0 6.64000015E+1 2.93097500E+2
6.74000015E+1 1.00696952E+0 6.74000015E+1 2.93097500E+2
6.84000015E+1 1.00693550E+0 6.84000015E+1 2.93097500E+2
6.94000015E+1 1.00697191E+0 6.94000015E+1 2.93097500E+2
7.03000031E+1 1.00699161E+0 7.04000015E+1 2.93097500E+2
7.13000031E+1 1.00696988E+0 7.14000015E+1 2.93097500E+2
7.24000015E+1 1.00700825E+0 7.24000015E+1 2.93097500E+2
7.33000031E+1 1.00698257E+0 7.34000015E+1 2.93097500E+2
7.43000031E+1 1.00700046E+0 7.44000015E+1 2.93097500E+2
7.54000015E+1 1.00704944E+0 7.54000015E+1 2.93097500E+2
7.64000015E+1 1.00700047E+0 7.64000015E+1 2.93097500E+2
7.74000015E+1 1.00696546E+0 7.74000015E+1 2.93097500E+2
7.84000015E+1 1.00696183E+0 7.84000015E+1 2.93097500E+2
7.94000015E+1 1.00695582E+0 7.94000015E+1 2.93097500E+2
8.03000031E+1 1.00690861E+0 8.04000015E+1 2.93097500E+2
8.13000031E+1 1.00695187E+0 8.14000015E+1 2.93097500E+2
8.24000015E+1 1.00691347E+0 8.24000015E+1 2.93097500E+2
8.34000015E+1 1.00703493E+0 8.34000015E+1 2.93097500E+2
8.44000015E+1 1.00698051E+0 8.44000015E+1 2.93097500E+2
8.53000031E+1 1.00700741E+0 8.54000015E+1 2.93097500E+2
8.64000015E+1 1.00693620E+0 8.64000015E+1 2.93097500E+2
8.74000015E+1 1.00708496E+0 8.74000015E+1 2.93097500E+2
8.83000031E+1 1.00693965E+0 8.84000015E+1 2.93097500E+2
8.93000031E+1 1.00697285E+0 8.94000015E+1 2.93097500E+2
9.03000031E+1 1.00694140E+0 9.04000015E+1 2.93097500E+2
9.13000031E+1 1.00696466E+0 9.14000015E+1 2.93097500E+2
9.24000015E+1 1.00713445E+0 9.24000015E+1 2.93097500E+2
9.34000015E+1 1.00703791E+0 9.34000015E+1 2.93097500E+2
9.43000031E+1 1.00702779E+0 9.44000015E+1 2.93097500E+2
9.53000031E+1 1.00698569E+0 9.54000015E+1 2.93097500E+2
9.64000015E+1 1.00694743E+0 9.64000015E+1 2.93097500E+2
9.74000015E+1 1.00698533E+0 9.74000015E+1 2.93097500E+2
9.83000031E+1 1.00705765E+0 9.84000015E+1 2.93097500E+2
9.94000015E+1 1.00701947E+0 9.94000015E+1 2.93097500E+2
1.00300003E+2 1.00693110E+0 1.00400002E+2 2.93097500E+2
1.01400002E+2 1.00697676E+0 1.01400002E+2 2.93097500E+2
1.02400002E+2 1.00689839E+0 1.02400002E+2 2.93097500E+2
1.03400002E+2 1.00702041E+0 1.03400002E+2 2.93097500E+2
1.04300003E+2 1.00696203E+0 1.04400002E+2 2.93097500E+2
1.05300003E+2 1.00699846E+0 1.05400002E+2 2.93097500E+2
1.06300003E+2 1.00696821E+0 1.06400002E+2 2.93097500E+2
1.07300003E+2 1.00699625E+0 1.07400002E+2 2.93097500E+2
1.08400002E+2 1.00702867E+0 1.08400002E+2 2.93097500E+2
1.09300003E+2 1.00690797E+0 1.09400002E+2 2.93097500E+2
1.10300003E+2 1.00701988E+0 1.10400002E+2 2.93097500E+2
1.11400002E+2 1.00698851E+0 1.11400002E+2 2.93097500E+2
1.12300003E+2 1.00699746E+0 1.12400002E+2 2.93097500E+2
1.13400002E+2 1.00697986E+0 1.13400002E+2 2.93097500E+2
1.14300003E+2 1.00700240E+0 1.14400002E+2 2.93097500E+2
1.15300003E+2 1.00695872E+0 1.15400002E+2 2.93097500E+2
1.16400002E+2 1.00702151E+0 1.16400002E+2 2.93097500E+2
1.17300003E+2 1.00694534E+0 1.17400002E+2 2.93097500E+2
1.18400002E+2 1.00697788E+0 1.18400002E+2 2.93097500E+2
1.19400002E+2 1.00696159E+0 1.19400002E+2 2.93097500E+2
1.20400002E+2 1.00698782E+0 1.20400002E+2 2.93097500E+2
1.21400002E+2 1.00696947E+0 1.21400002E+2 2.93097500E+2
1.22400002E+2 1.00699700E+0 1.22400002E+2 2.93097500E+2
1.23300003E+2 1.00696336E+0 1.23400002E+2 2.93097500E+2
1.24400002E+2 1.00691162E+0 1.24400002E+2 2.93097500E+2
1.25300003E+2 1.00698054E+0 1.25400002E+2 2.93097500E+2
1.26400002E+2 1.00697572E+0 1.26400002E+2 2.93097500E+2
1.27400002E+2 1.00696630E+0 1.27400002E+2 2.93097500E+2
1.28399994E+2 1.00691399E+0 1.28399994E+2 2.93097500E+2
1.29300003E+2 1.00702490E+0 1.29399994E+2 2.93097500E+2
1.30399994E+2 1.00694036E+0 1.30399994E+2 2.93097500E+2
1.31399994E+2 1.00692107E+0 1.31399994E+2 2.93097500E+2
1.32399994E+2 1.00685581E+0 1.32399994E+2 2.93097500E+2
1.33399994E+2 1.00694535E+0 1.33399994E+2 2.93097500E+2
1.34399994E+2 1.00691743E+0 1.34399994E+2 2.93097500E+2
1.35300003E+2 1.00696540E+0 1.35399994E+2 2.93097500E+2
1.36399994E+2 1.00688905E+0 1.36399994E+2 2.93097500E+2
1.37300003E+2 1.00695589E+0 1.37399994E+2 2.93097500E+2
1.38300003E+2 1.00699960E+0 1.38399994E+2 2.93097500E+2
1.39300003E+2 1.00698621E+0 1.39399994E+2 2.93097500E+2
1.40399994E+2 1.00699759E+0 1.40399994E+2 2.93097500E+2
1.41300003E+2 1.00686457E+0 1.41399994E+2 2.93097500E+2
1.42300003E+2 1.00705599E+0 1.42399994E+2 2.93097500E+2
1.43399994E+2 1.00694803E+0 1.43399994E+2 2.93097500E+2
1.44300003E+2 1.00694546E+0 1.44399994E+2 2.93097500E+2
1.45399994E+2 1.00707788E+0 1.45399994E+2 2.93097500E+2
1.46399994E+2 1.00696494E+0 1.46399994E+2 2.93097500E+2
1.47300003E+2 1.00691630E+0 1.47399994E+2 2.93097500E+2
1.48300003E+2 1.00692665E+0 1.48399994E+2 2.93097500E+2
1.49399994E+2 1.00688594E+0 1.49399994E+2 2.93097500E+2
1.50399994E+2 1.00698025E+0 1.50399994E+2 2.93097500E+2
1.51399994E+2 1.00688960E+0 1.51399994E+2 2.93097500E+2
1.52300003E+2 1.00701459E+0 1.52399994E+2 2.93097500E+2
1.53399994E+2 1.00693064E+0 1.53399994E+2 2.93097500E+2
1.54399994E+2 1.00691529E+0 1.54399994E+2 2.93097500E+2
1.55300003E+2 1.00699465E+0 1.55399994E+2 2.93097500E+2
1.56300003E+2 1.00697938E+0 1.56399994E+2 2.93097500E+2
1.57300003E+2 1.00699059E+0 1.57399994E+2 2.93097500E+2
1.58300003E+2 1.00701861E+0 1.58399994E+2 2.93097500E+2
1.59399994E+2 1.00702293E+0 1.59399994E+2 2.93097500E+2
1.60399994E+2 1.00697360E+0 1.60399994E+2 2.93097500E+2
1.61399994E+2 1.00696778E+0 1.61399994E+2 2.93097500E+2
1.62300003E+2 1.00694150E+0 1.62399994E+2 2.93097500E+2
1.63300003E+2 1.00702725E+0 1.63399994E+2 2.93097500E+2
1.64300003E+2 1.00692861E+0 1.64399994E+2 2.93097500E+2
1.65300003E+2 1.00689435E+0 1.65399994E+2 2.93097500E+2
1.66399994E+2 1.00696467E+0 1.66399994E+2 2.93097500E+2
1.67399994E+2 1.00694047E+0 1.67399994E+2 2.93097500E+2
1.68300003E+2 1.00701743E+0 1.68399994E+2 2.93097500E+2
1.69300003E+2 1.00698729E+0 1.69399994E+2 2.93097500E+2
1.70300003E+2 1.00697012E+0 1.70399994E+2 2.93097500E+2
1.71300003E+2 1.00699470E+0 1.71399994E+2 2.93097500E+2
1.72300003E+2 1.00694557E+0 1.72399994E+2 2.93097500E+2
1.73300003E+2 1.00686220E+0 1.73399994E+2 2.93097500E+2
1.74300003E+2 1.00694554E+0 1.74399994E+2 2.93097500E+2
1.75399994E+2 1.00691204E+0 1.75399994E+2 2.93097500E+2
1.76399994E+2 1.00691782E+0 1.76399994E+2 2.93097500E+2
1.77399994E+2 1.00686966E+0 1.77399994E+2 2.93097500E+2
1.78300003E+2 1.00702189E+0 1.78399994E+2 2.93097500E+2
1.79399994E+2 1.00692239E+0 1.79399994E+2 2.93097500E+2
1.80300003E+2 1.00696929E+0 1.80399994E+2 2.93097500E+2
1.81300003E+2 1.00701791E+0 1.81399994E+2 2.93097500E+2
1.82300003E+2 1.00697002E+0 1.82399994E+2 2.93097500E+2
1.83399994E+2 1.00691818E+0 1.83399994E+2 2.93097500E+2
1.84399994E+2 1.00695236E+0 1.84399994E+2 2.93097500E+2
1.85399994E+2 1.00689996E+0 1.85399994E+2 2.93097500E+2
1.86300003E+2 1.00694108E+0 1.86399994E+2 2.93097500E+2
1.87300003E+2 1.00695695E+0 1.87399994E+2 2.93097500E+2
1.88300003E+2 1.00696560E+0 1.88399994E+2 2.93097500E+2
1.89300003E+2 1.00698153E+0 1.89399994E+2 2.93097500E+2
1.90300003E+2 1.00692777E+0 1.90399994E+2 2.93097500E+2
1.91300003E+2 1.00703124E+0 1.91399994E+2 2.93097500E+2
1.92399994E+2 1.00706292E+0 1.92399994E+2 2.93097500E+2
1.93399994E+2 1.00701506E+0 1.93399994E+2 2.93097500E+2
1.94399994E+2 1.00691513E+0 1.94399994E+2 2.93097500E+2
1.95300003E+2 1.00692238E+0 1.95399994E+2 2.93097500E+2
1.96300003E+2 1.00692068E+0 1.96399994E+2 2.93097500E+2
1.97399994E+2 1.00695279E+0 1.97399994E+2 2.93097500E+2
1.98399994E+2 1.00694711E+0 1.98399994E+2 2.93097500E+2
1.99300003E+2 1.00687452E+0 1.99399994E+2 2.93097500E+2
2.00300003E+2 1.00695359E+0 2.00399994E+2 2.93097500E+2
2.01300003E+2 1.00696219E+0 2.01399994E+2 2.93097500E+2
2.02300003E+2 1.00700329E+0 2.02399994E+2 2.93097500E+2
2.03399994E+2 1.00698495E+0 2.03399994E+2 2.93097500E+2
2.04399994E+2 1.00695793E+0 2.04399994E+2 2.93097500E+2
2.05399994E+2 1.00693754E+0 2.05399994E+2 2.93097500E+2
2.06300003E+2 1.00702361E+0 2.06399994E+2 2.93097500E+2
2.07300003E+2 1.00694343E+0 2.07399994E+2 2.93097500E+2
2.08300003E+2 1.00692343E+0 2.08399994E+2 2.93097500E+2
2.09300003E+2 1.00698096E+0 2.09399994E+2 2.93097500E+2
2.10300003E+2 1.00702011E+0 2.10399994E+2 2.93097500E+2
2.11300003E+2 1.00694910E+0 2.11399994E+2 2.93097500E+2
2.12300003E+2 1.00705029E+0 2.12399994E+2 2.93097500E+2
2.13300003E+2 1.00700844E+0 2.13399994E+2 2.93097500E+2
2.14300003E+2 1.00700247E+0 2.14399994E+2 2.93097500E+2
2.15300003E+2 1.00702021E+0 2.15399994E+2 2.93097500E+2
2.16300003E+2 1.00703950E+0 2.16399994E+2 2.93097500E+2
2.17300003E+2 1.00698405E+0 2.17399994E+2 2.93097500E+2
2.18399994E+2 1.00700363E+0 2.18399994E+2 2.93097500E+2
2.19300003E+2 1.00696441E+0 2.19399994E+2 2.93097500E+2
2.20300003E+2 1.00694806E+0 2.20399994E+2 2.93097500E+2
2.21300003E+2 1.00699425E+0 2.21399994E+2 2.93097500E+2
2.22300003E+2 1.00706396E+0 2.22399994E+2 2.93097500E+2
2.23300003E+2 1.00695759E+0 2.23399994E+2 2.93097500E+2
2.24300003E+2 1.00699441E+0 2.24399994E+2 2.93097500E+2
2.25399994E+2 1.00696689E+0 2.25399994E+2 2.93097500E+2
2.26300003E+2 1.00695762E+0 2.26399994E+2 2.93097500E+2
2.27399994E+2 1.00702618E+0 2.27399994E+2 2.93097500E+2
2.28399994E+2 1.00698324E+0 2.28399994E+2 2.93097500E+2
2.29300003E+2 1.00695387E+0 2.29399994E+2 2.93097500E+2
2.30399994E+2 1.00694339E+0 2.30399994E+2 2.93097500E+2
2.31399994E+2 1.00698826E+0 2.31399994E+2 2.93097500E+2
2.32399994E+2 1.00701244E+0 2.32500000E+2 2.93097500E+2
2.33399994E+2 1.00693896E+0 2.33500000E+2 2.93097500E+2
2.34399994E+2 1.00705311E+0 2.34500000E+2 2.93097500E+2
2.35399994E+2 1.00702410E+0 2.35500000E+2 2.93097500E+2
2.36399994E+2 1.00697796E+0 2.36500000E+2 2.93097500E+2
2.37399994E+2 1.00701264E+0 2.37500000E+2 2.93097500E+2
2.38399994E+2 1.00699213E+0 2.38500000E+2 2.93097500E+2
2.39399994E+2 1.00701238E+0 2.39500000E+2 2.93097500E+2
2.40399994E+2 1.00704130E+0 2.40500000E+2 2.93097500E+2
2.41500000E+2 1.00701442E+0 2.41500000E+2 2.93097500E+2
2.42500000E+2 1.00694197E+0 2.42500000E+2 2.93097500E+2
2.43500000E+2 1.00697478E+0 2.43500000E+2 2.93097500E+2
2.44500000E+2 1.00702279E+0 2.44500000E+2 2.93097500E+2
2.45500000E+2 1.00700719E+0 2.45500000E+2 2.93097500E+2
2.46500000E+2 1.00692763E+0 2.46500000E+2 2.93097500E+2
2.47500000E+2 1.00705444E+0 2.47500000E+2 2.93097500E+2
2.48500000E+2 1.00693284E+0 2.48500000E+2 2.93097500E+2
2.49500000E+2 1.00701664E+0 2.49500000E+2 2.93097500E+2
2.50500000E+2 1.00701258E+0 2.50500000E+2 2.93097500E+2
2.51500000E+2 1.00690619E+0 2.51500000E+2 2.93097500E+2
2.52500000E+2 1.00691313E+0 2.52500000E+2 2.93097500E+2
2.53500000E+2 1.00696505E+0 2.53500000E+2 2.93097500E+2
2.54500000E+2 1.00694554E+0 2.54500000E+2 2.93097500E+2
2.55500000E+2 1.00694311E+0 2.55500000E+2 2.93097500E+2
2.56500000E+2 1.00695144E+0 2.56500000E+2 2.93097500E+2
2.57500000E+2 1.00701097E+0 2.57500000E+2 2.93097500E+2
2.58500000E+2 1.00692560E+0 2.58500000E+2 2.93097500E+2
2.59500000E+2 1.00702833E+0 2.59500000E+2 2.93097500E+2
2.60500000E+2 1.00696966E+0 2.60500000E+2 2.93097500E+2
2.61500000E+2 1.00697326E+0 2.61500000E+2 2.93097500E+2
2.62500000E+2 1.00695961E+0 2.62500000E+2 2.93097500E+2
2.63500000E+2 1.00695343E+0 2.63600006E+2 2.93097500E+2
2.64500000E+2 1.00687999E+0 2.64600006E+2 2.93097500E+2
2.65500000E+2 1.00699900E+0 2.65500000E+2 2.93097500E+2
2.66500000E+2 1.00695831E+0 2.66500000E+2 2.93097500E+2
2.67500000E+2 1.00700581E+0 2.67500000E+2 2.93097500E+2
2.68500000E+2 1.00695991E+0 2.68600006E+2 2.93097500E+2
2.69500000E+2 1.00698265E+0 2.69500000E+2 2.93097500E+2
2.70500000E+2 1.00687650E+0 2.70500000E+2 2.93097500E+2
2.71500000E+2 1.00698451E+0 2.71500000E+2 2.93097500E+2
2.72500000E+2 1.00693503E+0 2.72500000E+2 2.93097500E+2
2.73500000E+2 1.00699496E+0 2.73500000E+2 2.93097500E+2
2.74500000E+2 1.00694286E+0 2.74500000E+2 2.93097500E+2
2.75500000E+2 1.00694103E+0 2.75500000E+2 2.93097500E+2
2.76500000E+2 1.00697053E+0 2.76500000E+2 2.93097500E+2
2.77500000E+2 1.00694427E+0 2.77500000E+2 2.93097500E+2
2.78500000E+2 1.00695682E+0 2.78500000E+2 2.93097500E+2
2.79500000E+2 1.00696740E+0 2.79500000E+2 2.93097500E+2
2.80500000E+2 1.00701327E+0 2.80500000E+2 2.93097500E+2
2.81500000E+2 1.00689265E+0 2.81500000E+2 2.93097500E+2
2.82500000E+2 1.00707351E+0 2.82500000E+2 2.93097500E+2
2.83500000E+2 1.00695404E+0 2.83500000E+2 2.93097500E+2
2.84500000E+2 1.00693569E+0 2.84500000E+2 2.93097500E+2
2.85500000E+2 1.00697862E+0 2.85500000E+2 2.93097500E+2
2.86500000E+2 1.00693090E+0 2.86500000E+2 2.93097500E+2
2.87500000E+2 1.00691631E+0 2.87500000E+2 2.93097500E+2
2.88500000E+2 1.00693453E+0 2.88500000E+2 2.93097500E+2
2.89500000E+2 1.00691082E+0 2.89500000E+2 2.93097500E+2
2.90500000E+2 1.00697766E+0 2.90500000E+2 2.93097500E+2
2.91500000E+2 1.00696686E+0 2.91500000E+2 2.93097500E+2
2.92500000E+2 1.00698936E+0 2.92500000E+2 2.93097500E+2
2.93500000E+2 1.00692375E+0 2.93500000E+2 2.93097500E+2
2.94500000E+2 1.00698636E+0 2.94500000E+2 2.93097500E+2
2.95500000E+2 1.00684983E+0 2.95500000E+2 2.93097500E+2
2.96500000E+2 1.00688158E+0 2.96500000E+2 2.93097500E+2
2.97500000E+2 1.00702119E+0 2.97500000E+2 2.93097500E+2
2.98500000E+2 1.00700617E+0 2.98500000E+2 2.93097500E+2
2.99500000E+2 1.00699471E+0 2.99500000E+2 2.93097500E+2
3.00500000E+2 1.00688288E+0 3.00500000E+2 2.93097500E+2
3.01500000E+2 1.00695412E+0 3.01500000E+2 2.93097500E+2
3.02500000E+2 1.00696638E+0 3.02500000E+2 2.93097500E+2
3.03500000E+2 1.00698473E+0 3.03600006E+2 2.93097500E+2
3.04500000E+2 1.00695070E+0 3.04500000E+2 2.93097500E+2
3.05500000E+2 1.00701230E+0 3.05500000E+2 2.93097500E+2
3.06500000E+2 1.00697583E+0 3.06500000E+2 2.93097500E+2
3.07500000E+2 1.00693004E+0 3.07500000E+2 2.93097500E+2
3.08500000E+2 1.00692055E+0 3.08500000E+2 2.93097500E+2
3.09500000E+2 1.00698351E+0 3.09500000E+2 2.93097500E+2
3.10500000E+2 1.00699297E+0 3.10500000E+2 2.93097500E+2
3.11500000E+2 1.00694226E+0 3.11500000E+2 2.93097500E+2
3.12500000E+2 1.00697714E+0 3.12500000E+2 2.93097500E+2
3.13500000E+2 1.00695812E+0 3.13500000E+2 2.93097500E+2
3.14500000E+2 1.00696128E+0 3.14500000E+2 2.93097500E+2
3.15500000E+2 1.00695676E+0 3.15500000E+2 2.93097500E+2
3.16500000E+2 1.00694361E+0 3.16500000E+2 2.93097500E+2
3.17500000E+2 1.00692564E+0 3.17500000E+2 2.93097500E+2
3.18500000E+2 1.00698725E+0 3.18500000E+2 2.93097500E+2
3.19500000E+2 1.00692178E+0 3.19500000E+2 2.93097500E+2
3.20500000E+2 1.00697483E+0 3.20500000E+2 2.93097500E+2
3.21500000E+2 1.00687759E+0 3.21500000E+2 2.93097500E+2
3.22500000E+2 1.00690712E+0 3.22500000E+2 2.93097500E+2
3.23500000E+2 1.00690434E+0 3.23500000E+2 2.93097500E+2
3.24500000E+2 1.00693074E+0 3.24500000E+2 2.93097500E+2
3.25500000E+2 1.00700250E+0 3.25500000E+2 2.93097500E+2
3.26500000E+2 1.00700328E+0 3.26500000E+2 2.93097500E+2
3.27500000E+2 1.00691317E+0 3.27500000E+2 2.93097500E+2
3.28500000E+2 1.00692433E+0 3.28500000E+2 2.93097500E+2
3.29500000E+2 1.00696684E+0 3.29500000E+2 2.93097500E+2
3.30500000E+2 1.00691644E+0 3.30500000E+2 2.93097500E+2
3.31500000E+2 1.00692657E+0 3.31500000E+2 2.93097500E+2
3.32500000E+2 1.00697015E+0 3.32500000E+2 2.93097500E+2
3.33500000E+2 1.00696184E+0 3.33500000E+2 2.93097500E+2
3.34500000E+2 1.00691830E+0 3.34500000E+2 2.93097500E+2
3.35500000E+2 1.00697959E+0 3.35500000E+2 2.93097500E+2
3.36500000E+2 1.00694506E+0 3.36500000E+2 2.93097500E+2
3.37500000E+2 1.00694231E+0 3.37500000E+2 2.93097500E+2
3.38500000E+2 1.00692447E+0 3.38500000E+2 2.93097500E+2
3.39500000E+2 1.00692403E+0 3.39500000E+2 2.93097500E+2
3.40500000E+2 1.00693801E+0 3.40500000E+2 2.93097500E+2
3.41500000E+2 1.00698283E+0 3.41500000E+2 2.93097500E+2
3.42500000E+2 1.00698573E+0 3.42500000E+2 2.93097500E+2
3.43500000E+2 1.00693011E+0 3.43500000E+2 2.93097500E+2
3.44500000E+2 1.00689404E+0 3.44500000E+2 2.93097500E+2
3.45500000E+2 1.00700659E+0 3.45500000E+2 2.93097500E+2
3.46500000E+2 1.00704184E+0 3.46500000E+2 2.93097500E+2
3.47500000E+2 1.00692233E+0 3.47500000E+2 2.93097500E+2
3.48500000E+2 1.00693217E+0 3.48500000E+2 2.93097500E+2
3.49500000E+2 1.00699294E+0 3.49500000E+2 2.93097500E+2
3.50500000E+2 1.00691267E+0 3.50500000E+2 2.93097500E+2
3.51500000E+2 1.00690085E+0 3.51500000E+2 2.93097500E+2
3.52500000E+2 1.00697262E+0 3.52500000E+2 2.93097500E+2
3.53500000E+2 1.00697571E+0 3.53500000E+2 2.93097500E+2
3.54500000E+2 1.00688922E+0 3.54500000E+2 2.93097500E+2
3.55500000E+2 1.00698307E+0 3.55500000E+2 2.93097500E+2
3.56500000E+2 1.00698233E+0 3.56500000E+2 2.93097500E+2
3.57500000E+2 1.00692286E+0 3.57500000E+2 2.93097500E+2
3.58500000E+2 1.00697666E+0 3.58500000E+2 2.93097500E+2
3.59500000E+2 1.00697329E+0 3.59500000E+2 2.93097500E+2
3.60500000E+2 1.00696144E+0 3.60500000E+2 2.93097500E+2
3.61500000E+2 1.00688435E+0 3.61500000E+2 2.93097500E+2
3.62500000E+2 1.00695136E+0 3.62500000E+2 2.93097500E+2
3.63500000E+2 1.00702652E+0 3.63500000E+2 2.93097500E+2
3.64500000E+2 1.00698407E+0 3.64500000E+2 2.93097500E+2
3.65500000E+2 1.00695129E+0 3.65600006E+2 2.93097500E+2
3.66500000E+2 1.00687252E+0 3.66500000E+2 2.93097500E+2
3.67500000E+2 1.00696716E+0 3.67500000E+2 2.93097500E+2
3.68500000E+2 1.00695406E+0 3.68500000E+2 2.93097500E+2
3.69500000E+2 1.00692857E+0 3.69500000E+2 2.93097500E+2
3.70500000E+2 1.00701017E+0 3.70500000E+2 2.93097500E+2
3.71500000E+2 1.00697423E+0 3.71500000E+2 2.93097500E+2
3.72500000E+2 1.00693818E+0 3.72500000E+2 2.93097500E+2
3.73500000E+2 1.00697678E+0 3.73500000E+2 2.93097500E+2
3.74500000E+2 1.00693478E+0 3.74600006E+2 2.93097500E+2
3.75500000E+2 1.00698605E+0 3.75600006E+2 2.93097500E+2
3.76500000E+2 1.00695555E+0 3.76600006E+2 2.93097500E+2
3.77500000E+2 1.00697937E+0 3.77600006E+2 2.93097500E+2
3.78500000E+2 1.00696774E+0 3.78600006E+2 2.93097500E+2
3.79500000E+2 1.00696005E+0 3.79600006E+2 2.93097500E+2
3.80500000E+2 1.00700618E+0 3.80600006E+2 2.93097500E+2
3.81500000E+2 1.00691756E+0 3.81600006E+2 2.93097500E+2
3.82500000E+2 1.00698789E+0 3.82600006E+2 2.93097500E+2
3.83500000E+2 1.00691416E+0 3.83600006E+2 2.93097500E+2
3.84500000E+2 1.00683875E+0 3.84600006E+2 2.93097500E+2
3.85500000E+2 1.00693514E+0 3.85600006E+2 2.93097500E+2
3.86600006E+2 1.00694274E+0 3.86600006E+2 2.93097500E+2
3.87600006E+2 1.00690219E+0 3.87700012E+2 2.93097500E+2
3.88600006E+2 1.00698322E+0 3.88700012E+2 2.93035000E+2
3.89600006E+2 1.00693060E+0 3.89700012E+2 2.93097500E+2
3.90600006E+2 1.00695309E+0 3.90700012E+2 2.93097500E+2
3.91600006E+2 1.00693320E+0 3.91700012E+2 2.93097500E+2
3.92600006E+2 1.00691955E+0 3.92700012E+2 2.93097500E+2
3.93600006E+2 1.00698400E+0 3.93700012E+2 2.93097500E+2
3.94600006E+2 1.00690530E+0 3.94700012E+2 2.93097500E+2
3.95600006E+2 1.00700473E+0 3.95700012E+2 2.93097500E+2
3.96600006E+2 1.00707305E+0 3.96700012E+2 2.93097500E+2
3.97600006E+2 1.00685969E+0 3.97700012E+2 2.93097500E+2
3.98600006E+2 1.00694576E+0 3.98700012E+2 2.93097500E+2
3.99600006E+2 1.00706426E+0 3.99700012E+2 2.93097500E+2
4.00600006E+2 1.00698872E+0 4.00700012E+2 2.93097500E+2
4.01600006E+2 1.00700624E+0 4.01700012E+2 2.93097500E+2
4.02600006E+2 1.00696253E+0 4.02700012E+2 2.93097500E+2
4.03600006E+2 1.00694286E+0 4.03700012E+2 2.93097500E+2
4.04600006E+2 1.00700466E+0 4.04700012E+2 2.93097500E+2
4.05600006E+2 1.00691768E+0 4.05700012E+2 2.93097500E+2
4.06600006E+2 1.00698786E+0 4.06700012E+2 2.93097500E+2
4.07600006E+2 1.00687971E+0 4.07700012E+2 2.93097500E+2
4.08600006E+2 1.00693847E+0 4.08700012E+2 2.93097500E+2
4.09600006E+2 1.00692670E+0 4.09700012E+2 2.93097500E+2
4.10600006E+2 1.00697456E+0 4.10700012E+2 2.93097500E+2
4.11600006E+2 1.00694680E+0 4.11700012E+2 2.93097500E+2
4.12600006E+2 1.00699955E+0 4.12700012E+2 2.93097500E+2
4.13600006E+2 1.00693595E+0 4.13700012E+2 2.93097500E+2
4.14600006E+2 1.00691528E+0 4.14700012E+2 2.93097500E+2
4.15600006E+2 1.00693914E+0 4.15700012E+2 2.93097500E+2
4.16600006E+2 1.00700299E+0 4.16700012E+2 2.93097500E+2
4.17600006E+2 1.00701585E+0 4.17700012E+2 2.93097500E+2
4.18600006E+2 1.00704514E+0 4.18700012E+2 2.93097500E+2
4.19600006E+2 1.00690783E+0 4.19700012E+2 2.93097500E+2
4.20600006E+2 1.00703731E+0 4.20700012E+2 2.93097500E+2
4.21600006E+2 1.00691947E+0 4.21700012E+2 2.93097500E+2
4.22600006E+2 1.00696123E+0 4.22700012E+2 2.93097500E+2
4.23600006E+2 1.00698124E+0 4.23700012E+2 2.93097500E+2
4.24600006E+2 1.00699668E+0 4.24700012E+2 2.93097500E+2
4.25600006E+2 1.00696104E+0 4.25700012E+2 2.93097500E+2
4.26600006E+2 1.00694850E+0 4.26700012E+2 2.93097500E+2
4.27600006E+2 1.00697286E+0 4.27700012E+2 2.93097500E+2
4.28600006E+2 1.00697331E+0 4.28700012E+2 2.93097500E+2
4.29600006E+2 1.00711163E+0 4.29700012E+2 2.93097500E+2
4.30600006E+2 1.00703055E+0 4.30700012E+2 2.93097500E+2
4.31600006E+2 1.00702125E+0 4.31700012E+2 2.93097500E+2
4.32600006E+2 1.00699363E+0 4.32700012E+2 2.93097500E+2
4.33600006E+2 1.00695858E+0 4.33700012E+2 2.93097500E+2
4.34600006E+2 1.00692720E+0 4.34700012E+2 2.93097500E+2
4.35600006E+2 1.00695123E+0 4.35700012E+2 2.93097500E+2
4.36600006E+2 1.00700195E+0 4.36700012E+2 2.93035000E+2
4.37600006E+2 1.00693177E+0 4.37700012E+2 2.93097500E+2
4.38600006E+2 1.00694404E+0 4.38700012E+2 2.93097500E+2
4.39600006E+2 1.00704562E+0 4.39700012E+2 2.93097500E+2
4.40600006E+2 1.00700878E+0 4.40700012E+2 2.93097500E+2
4.41600006E+2 1.00705641E+0 4.41700012E+2 2.93097500E+2
4.42600006E+2 1.00706662E+0 4.42700012E+2 2.93097500E+2
4.43600006E+2 1.00701685E+0 4.43700012E+2 2.93097500E+2
4.44600006E+2 1.00691595E+0 4.44700012E+2 2.93097500E+2
4.45600006E+2 1.00702975E+0 4.45700012E+2 2.93097500E+2
4.46600006E+2 1.00699426E+0 4.46700012E+2 2.93097500E+2
4.47600006E+2 1.00698836E+0 4.47700012E+2 2.93097500E+2
4.48600006E+2 1.00699950E+0 4.48700012E+2 2.93097500E+2
4.49600006E+2 1.00699273E+0 4.49700012E+2 2.93097500E+2
4.50600006E+2 1.00699009E+0 4.50700012E+2 2.93097500E+2
4.51600006E+2 1.00703153E+0 4.51700012E+2 2.93097500E+2
4.52600006E+2 1.00697113E+0 4.52700012E+2 2.93097500E+2
4.53600006E+2 1.00694458E+0 4.53700012E+2 2.93097500E+2
4.54600006E+2 1.00704841E+0 4.54700012E+2 2.93097500E+2
4.55600006E+2 1.00697580E+0 4.55700012E+2 2.93097500E+2
4.56600006E+2 1.00695421E+0 4.56700012E+2 2.93097500E+2
4.57600006E+2 1.00702964E+0 4.57700012E+2 2.93097500E+2
4.58600006E+2 1.00699467E+0 4.58700012E+2 2.93097500E+2
4.59600006E+2 1.00696827E+0 4.59700012E+2 2.93097500E+2
4.60600006E+2 1.00697893E+0 4.60700012E+2 2.93097500E+2
4.61600006E+2 1.00697354E+0 4.61700012E+2 2.93097500E+2
4.62600006E+2 1.00701275E+0 4.62700012E+2 2.93097500E+2
4.63600006E+2 1.00701414E+0 4.63700012E+2 2.93097500E+2
4.64600006E+2 1.00695000E+0 4.64700012E+2 2.93097500E+2
4.65600006E+2 1.00699733E+0 4.65700012E+2 2.93097500E+2
4.66600006E+2 1.00692456E+0 4.66700012E+2 2.93097500E+2
4.67600006E+2 1.00701777E+0 4.67700012E+2 2.93097500E+2
4.68600006E+2 1.00699387E+0 4.68700012E+2 2.93097500E+2
4.69600006E+2 1.00696994E+0 4.69700012E+2 2.93097500E+2
4.70600006E+2 1.00701851E+0 4.70700012E+2 2.93097500E+2
4.71600006E+2 1.00701103E+0 4.71700012E+2 2.93097500E+2
4.72600006E+2 1.00700485E+0 4.72700012E+2 2.93097500E+2
4.73600006E+2 1.00702522E+0 4.73700012E+2 2.93097500E+2
4.74600006E+2 1.00701578E+0 4.74700012E+2 2.93097500E+2
4.75600006E+2 1.00698267E+0 4.75700012E+2 2.93097500E+2
4.76600006E+2 1.00698839E+0 4.76700012E+2 2.93097500E+2
4.77600006E+2 1.00699450E+0 4.77700012E+2 2.93097500E+2
4.78600006E+2 1.00695572E+0 4.78700012E+2 2.93097500E+2
4.79600006E+2 1.00696541E+0 4.79700012E+2 2.93097500E+2
4.80600006E+2 1.00696727E+0 4.80700012E+2 2.93097500E+2
4.81600006E+2 1.00701779E+0 4.81700012E+2 2.93097500E+2
4.82600006E+2 1.00699926E+0 4.82700012E+2 2.93097500E+2
4.83600006E+2 1.00696556E+0 4.83700012E+2 2.93097500E+2
4.84600006E+2 1.00701936E+0 4.84700012E+2 2.93097500E+2
4.85600006E+2 1.00699415E+0 4.85700012E+2 2.93097500E+2
4.86600006E+2 1.00698914E+0 4.86700012E+2 2.93097500E+2
4.87600006E+2 1.00704360E+0 4.87700012E+2 2.93097500E+2
4.88600006E+2 1.00704126E+0 4.88700012E+2 2.93097500E+2
4.89600006E+2 1.00702067E+0 4.89700012E+2 2.93097500E+2
4.90600006E+2 1.00693505E+0 4.90700012E+2 2.93097500E+2
4.91600006E+2 1.00695003E+0 4.91700012E+2 2.93097500E+2
4.92600006E+2 1.00697465E+0 4.92700012E+2 2.93097500E+2
4.93600006E+2 1.00692905E+0 4.93700012E+2 2.93097500E+2
4.94600006E+2 1.00703051E+0 4.94700012E+2 2.93097500E+2
4.95600006E+2 1.00696349E+0 4.95700012E+2 2.93097500E+2
4.96600006E+2 1.00701005E+0 4.96700012E+2 2.93097500E+2
4.97600006E+2 1.00698581E+0 4.97700012E+2 2.93097500E+2
4.98600006E+2 1.00701942E+0 4.98700012E+2 2.93097500E+2
4.99700012E+2 1.00697713E+0 4.99700012E+2 2.93097500E+2
5.00700012E+2 1.00699103E+0 5.00700012E+2 2.93097500E+2
5.01700012E+2 1.00704618E+0 5.01700012E+2 2.93097500E+2
5.02700012E+2 1.00702374E+0 5.02700012E+2 2.93097500E+2
5.03700012E+2 1.00694152E+0 5.03700012E+2 2.93097500E+2
