0.00000E+0 1.01663E+0 0.00000E+0 2.91910E+2
1.40000E+0 1.01663E+0 1.70000E+0 2.91910E+2
2.40000E+0 1.01663E+0 2.70000E+0 2.91910E+2
3.40000E+0 1.01663E+0 3.70000E+0 2.91910E+2
4.40000E+0 1.01663E+0 4.70000E+0 2.91910E+2
5.40000E+0 1.01663E+0 5.70000E+0 2.91910E+2
6.40000E+0 1.01663E+0 6.70000E+0 2.91910E+2
7.40000E+0 1.01663E+0 7.70000E+0 2.91910E+2
8.40000E+0 1.01663E+0 8.70000E+0 2.91910E+2
9.40000E+0 1.01663E+0 9.70000E+0 2.91910E+2
1.04000E+1 1.01663E+0 1.07000E+1 2.91910E+2
1.14000E+1 1.01663E+0 1.17000E+1 2.91910E+2
1.24000E+1 1.01663E+0 1.27000E+1 2.91910E+2
1.34000E+1 1.01663E+0 1.37000E+1 2.91910E+2
1.44000E+1 1.01663E+0 1.47000E+1 2.91910E+2
1.54000E+1 1.01663E+0 1.57000E+1 2.91910E+2
1.64000E+1 1.01663E+0 1.67000E+1 2.91910E+2
1.74000E+1 1.01663E+0 1.77000E+1 2.91910E+2
1.84000E+1 1.01663E+0 1.87000E+1 2.91910E+2
1.94000E+1 1.01663E+0 1.97000E+1 2.91910E+2
2.04000E+1 1.01663E+0 2.07000E+1 2.91910E+2
2.14000E+1 1.01663E+0 2.17000E+1 2.91910E+2
2.24000E+1 1.01663E+0 2.27000E+1 2.91910E+2
2.34000E+1 1.01663E+0 2.37000E+1 2.91910E+2
2.44000E+1 1.01663E+0 2.47000E+1 2.91910E+2
2.54000E+1 1.01663E+0 2.57000E+1 2.91910E+2
2.64000E+1 1.01663E+0 2.67000E+1 2.91910E+2
2.74000E+1 1.01663E+0 2.77000E+1 2.91910E+2
2.84000E+1 1.01663E+0 2.87000E+1 2.91910E+2
2.94000E+1 1.01663E+0 2.97000E+1 2.91910E+2
3.04000E+1 1.01663E+0 3.07000E+1 2.91910E+2
3.14000E+1 1.01663E+0 3.17000E+1 2.91910E+2
3.24000E+1 1.01663E+0 3.27000E+1 2.91910E+2
3.34000E+1 1.01663E+0 3.37000E+1 2.91910E+2
3.44000E+1 1.01663E+0 3.47000E+1 2.91910E+2
3.54000E+1 1.01663E+0 3.57000E+1 2.91910E+2
3.64000E+1 1.01663E+0 3.67000E+1 2.91910E+2
3.74000E+1 1.01663E+0 3.77000E+1 2.91910E+2
3.84000E+1 1.01663E+0 3.87000E+1 2.91910E+2
3.94000E+1 1.01663E+0 3.97000E+1 2.91910E+2
4.04000E+1 1.01663E+0 4.07000E+1 2.91910E+2
4.14000E+1 1.01663E+0 4.17000E+1 2.91910E+2
4.24000E+1 1.01663E+0 4.27000E+1 2.91910E+2
4.34000E+1 1.01663E+0 4.37000E+1 2.91910E+2
4.44000E+1 1.01663E+0 4.47000E+1 2.91910E+2
4.54000E+1 1.01663E+0 4.57000E+1 2.91910E+2
4.64000E+1 1.01663E+0 4.67000E+1 2.91910E+2
4.74000E+1 1.01663E+0 4.77000E+1 2.91910E+2
4.84000E+1 1.01663E+0 4.87000E+1 2.91910E+2
4.94000E+1 1.01663E+0 4.97000E+1 2.91910E+2
5.04000E+1 1.01663E+0 5.07000E+1 2.91910E+2
5.14000E+1 1.01663E+0 5.17000E+1 2.91910E+2
5.24000E+1 1.01663E+0 5.27000E+1 2.91910E+2
5.34000E+1 1.01663E+0 5.37000E+1 2.91910E+2
5.44000E+1 1.01663E+0 5.47000E+1 2.91910E+2
5.54000E+1 1.01663E+0 5.57000E+1 2.91910E+2
5.64000E+1 1.01663E+0 5.67000E+1 2.91910E+2
5.74000E+1 1.01663E+0 5.77000E+1 2.91910E+2
5.84000E+1 1.01663E+0 5.87000E+1 2.91910E+2
5.94000E+1 1.01663E+0 5.97000E+1 2.91910E+2
6.04000E+1 1.01663E+0 6.07000E+1 2.91910E+2
6.14000E+1 1.01663E+0 6.17000E+1 2.91910E+2
6.24000E+1 1.01663E+0 6.27000E+1 2.91910E+2
6.34000E+1 1.01661E+0 6.37000E+1 2.91910E+2
6.44000E+1 1.01663E+0 6.47000E+1 2.91910E+2
6.54000E+1 1.01663E+0 6.57000E+1 2.91910E+2
6.64000E+1 1.01663E+0 6.67000E+1 2.91910E+2
6.74000E+1 1.01663E+0 6.77000E+1 2.91910E+2
6.84000E+1 1.01663E+0 6.87000E+1 2.91910E+2
6.94000E+1 1.01663E+0 6.97000E+1 2.91910E+2
7.04000E+1 1.01663E+0 7.07000E+1 2.91910E+2
7.14000E+1 1.01663E+0 7.17000E+1 2.91910E+2
7.24000E+1 1.01663E+0 7.27000E+1 2.91910E+2
7.34000E+1 1.01661E+0 7.37000E+1 2.91910E+2
7.44000E+1 1.01663E+0 7.47000E+1 2.91910E+2
7.54000E+1 1.01663E+0 7.57000E+1 2.91910E+2
7.64000E+1 1.01661E+0 7.67000E+1 2.91910E+2
7.74000E+1 1.01663E+0 7.77000E+1 2.91910E+2
7.84000E+1 1.01663E+0 7.87000E+1 2.91910E+2
7.94000E+1 1.01663E+0 7.97000E+1 2.91910E+2
8.04000E+1 1.01661E+0 8.07000E+1 2.91910E+2
8.14000E+1 1.01663E+0 8.17000E+1 2.91910E+2
8.24000E+1 1.01663E+0 8.27000E+1 2.91910E+2
8.34000E+1 1.01663E+0 8.37000E+1 2.91910E+2
8.44000E+1 1.01663E+0 8.47000E+1 2.91910E+2
8.54000E+1 1.01663E+0 8.57000E+1 2.91910E+2
8.64000E+1 1.01663E+0 8.67000E+1 2.91910E+2
8.74000E+1 1.01663E+0 8.77000E+1 2.91910E+2
8.84000E+1 1.01663E+0 8.87000E+1 2.91910E+2
8.94000E+1 1.01663E+0 8.97000E+1 2.91910E+2
9.04000E+1 1.01663E+0 9.07000E+1 2.91910E+2
9.14000E+1 1.01663E+0 9.17000E+1 2.91910E+2
9.24000E+1 1.01663E+0 9.27000E+1 2.91910E+2
9.34000E+1 1.01663E+0 9.37000E+1 2.91910E+2
9.44000E+1 1.01663E+0 9.47000E+1 2.91910E+2
9.54000E+1 1.01663E+0 9.57000E+1 2.91910E+2
9.64000E+1 1.01663E+0 9.67000E+1 2.91910E+2
9.74000E+1 1.01663E+0 9.77000E+1 2.91910E+2
9.84000E+1 1.01661E+0 9.87000E+1 2.91910E+2
9.94000E+1 1.01663E+0 9.97000E+1 2.91910E+2
1.00400E+2 1.01663E+0 1.00700E+2 2.91910E+2
1.01400E+2 1.01663E+0 1.01700E+2 2.91910E+2
1.02400E+2 1.01661E+0 1.02700E+2 2.91910E+2
1.03400E+2 1.01663E+0 1.03700E+2 2.91910E+2
1.04400E+2 1.01663E+0 1.04700E+2 2.91910E+2
1.05400E+2 1.01663E+0 1.05700E+2 2.91910E+2
1.06400E+2 1.01663E+0 1.06700E+2 2.91910E+2
1.07400E+2 1.01663E+0 1.07700E+2 2.91910E+2
1.08400E+2 1.01661E+0 1.08700E+2 2.91910E+2
1.09400E+2 1.01663E+0 1.09700E+2 2.91910E+2
1.10400E+2 1.01663E+0 1.10700E+2 2.91910E+2
1.11400E+2 1.01663E+0 1.11700E+2 2.91910E+2
1.12400E+2 1.01663E+0 1.12700E+2 2.91910E+2
1.13400E+2 1.01663E+0 1.13700E+2 2.91910E+2
1.14400E+2 1.01663E+0 1.14700E+2 2.91910E+2
1.15400E+2 1.01661E+0 1.15700E+2 2.91910E+2
1.16400E+2 1.01663E+0 1.16700E+2 2.91910E+2
1.17400E+2 1.01663E+0 1.17700E+2 2.91910E+2
1.18400E+2 1.01663E+0 1.18700E+2 2.91910E+2
1.19400E+2 1.01663E+0 1.19700E+2 2.91910E+2
1.20400E+2 1.01663E+0 1.20700E+2 2.91910E+2
1.21400E+2 1.01663E+0 1.21700E+2 2.91910E+2
1.22400E+2 1.01663E+0 1.22700E+2 2.91910E+2
1.23400E+2 1.01663E+0 1.23700E+2 2.91910E+2
1.24400E+2 1.01663E+0 1.24700E+2 2.91910E+2
1.25400E+2 1.01663E+0 1.25700E+2 2.91973E+2
1.26400E+2 1.01663E+0 1.26700E+2 2.91910E+2
1.27400E+2 1.01663E+0 1.27700E+2 2.91910E+2
1.28400E+2 1.01663E+0 1.28700E+2 2.91910E+2
1.29400E+2 1.01663E+0 1.29700E+2 2.91910E+2
1.30400E+2 1.01663E+0 1.30700E+2 2.91910E+2
1.31400E+2 1.01661E+0 1.31700E+2 2.91910E+2
1.32400E+2 1.01663E+0 1.32700E+2 2.91910E+2
1.33400E+2 1.01661E+0 1.33700E+2 2.91910E+2
1.34400E+2 1.01663E+0 1.34700E+2 2.91910E+2
1.35400E+2 1.01663E+0 1.35700E+2 2.91910E+2
1.36400E+2 1.01661E+0 1.36700E+2 2.91910E+2
1.37400E+2 1.01661E+0 1.37700E+2 2.91910E+2
1.38400E+2 1.01663E+0 1.38700E+2 2.91910E+2
1.39400E+2 1.01663E+0 1.39700E+2 2.91910E+2
1.40400E+2 1.01663E+0 1.40700E+2 2.91910E+2
1.41400E+2 1.01663E+0 1.41700E+2 2.91910E+2
1.42400E+2 1.01663E+0 1.42700E+2 2.91910E+2
1.43400E+2 1.01663E+0 1.43700E+2 2.91910E+2
1.44400E+2 1.01663E+0 1.44700E+2 2.91910E+2
1.45400E+2 1.01663E+0 1.45700E+2 2.91910E+2
1.46400E+2 1.01663E+0 1.46700E+2 2.91910E+2
1.47400E+2 1.01663E+0 1.47700E+2 2.91910E+2
1.48400E+2 1.01663E+0 1.48700E+2 2.91910E+2
1.49400E+2 1.01663E+0 1.49700E+2 2.91910E+2
1.50400E+2 1.01663E+0 1.50700E+2 2.91910E+2
1.51400E+2 1.01663E+0 1.51700E+2 2.91910E+2
1.52400E+2 1.01663E+0 1.52700E+2 2.91910E+2
1.53400E+2 1.01663E+0 1.53700E+2 2.91910E+2
1.54400E+2 1.01663E+0 1.54700E+2 2.91910E+2
1.55400E+2 1.01663E+0 1.55700E+2 2.91910E+2
1.56400E+2 1.01663E+0 1.56700E+2 2.91910E+2
1.57400E+2 1.01663E+0 1.57700E+2 2.91910E+2
1.58400E+2 1.01663E+0 1.58700E+2 2.91910E+2
1.59400E+2 1.01663E+0 1.59700E+2 2.91910E+2
1.60400E+2 1.01663E+0 1.60700E+2 2.91910E+2
1.61400E+2 1.01663E+0 1.61700E+2 2.91910E+2
1.62400E+2 1.01663E+0 1.62700E+2 2.91910E+2
1.63400E+2 1.01663E+0 1.63700E+2 2.91973E+2
1.64400E+2 1.01661E+0 1.64700E+2 2.91910E+2
1.65400E+2 1.01663E+0 1.65700E+2 2.91910E+2
1.66400E+2 1.01663E+0 1.66700E+2 2.91910E+2
1.67400E+2 1.01661E+0 1.67700E+2 2.91910E+2
1.68400E+2 1.01663E+0 1.68700E+2 2.91910E+2
1.69400E+2 1.01663E+0 1.69700E+2 2.91973E+2
1.70400E+2 1.01663E+0 1.70700E+2 2.91910E+2
1.71400E+2 1.01663E+0 1.71700E+2 2.91973E+2
1.72400E+2 1.01663E+0 1.72700E+2 2.91910E+2
1.73400E+2 1.01663E+0 1.73700E+2 2.91910E+2
1.74400E+2 1.01663E+0 1.74700E+2 2.91910E+2
1.75400E+2 1.01663E+0 1.75700E+2 2.91910E+2
1.76400E+2 1.01663E+0 1.76700E+2 2.91910E+2
1.77400E+2 1.01663E+0 1.77700E+2 2.91910E+2
1.78400E+2 1.01663E+0 1.78700E+2 2.91910E+2
1.79400E+2 1.01663E+0 1.79700E+2 2.91910E+2
1.80400E+2 1.01663E+0 1.80700E+2 2.91910E+2
1.81400E+2 1.01663E+0 1.81700E+2 2.91910E+2
1.82400E+2 1.01663E+0 1.82700E+2 2.91910E+2
1.83400E+2 1.01663E+0 1.83700E+2 2.91910E+2
1.84400E+2 1.01663E+0 1.84700E+2 2.91910E+2
1.85400E+2 1.01663E+0 1.85700E+2 2.91910E+2
1.86400E+2 1.01663E+0 1.86700E+2 2.91910E+2
1.87400E+2 1.01663E+0 1.87700E+2 2.91910E+2
1.88400E+2 1.01663E+0 1.88700E+2 2.91973E+2
1.89400E+2 1.01663E+0 1.89700E+2 2.91910E+2
1.90400E+2 1.01663E+0 1.90700E+2 2.91973E+2
1.91400E+2 1.01663E+0 1.91700E+2 2.91973E+2
1.92400E+2 1.01663E+0 1.92700E+2 2.91910E+2
1.93400E+2 1.01663E+0 1.93700E+2 2.91910E+2
1.94400E+2 1.01663E+0 1.94700E+2 2.91973E+2
1.95400E+2 1.01663E+0 1.95700E+2 2.91910E+2
1.96400E+2 1.01663E+0 1.96700E+2 2.91910E+2
1.97400E+2 1.01663E+0 1.97700E+2 2.91910E+2
1.98400E+2 1.01663E+0 1.98700E+2 2.91973E+2
1.99400E+2 1.01663E+0 1.99700E+2 2.91910E+2
2.00400E+2 1.01663E+0 2.00700E+2 2.91910E+2
2.01400E+2 1.01663E+0 2.01700E+2 2.91973E+2
2.02400E+2 1.01663E+0 2.02700E+2 2.91910E+2
2.03400E+2 1.01661E+0 2.03700E+2 2.91910E+2
2.04400E+2 1.01663E+0 2.04700E+2 2.91910E+2
2.05400E+2 1.01663E+0 2.05700E+2 2.91973E+2
2.06400E+2 1.01663E+0 2.06700E+2 2.91910E+2
2.07400E+2 1.01663E+0 2.07700E+2 2.91910E+2
2.08400E+2 1.01661E+0 2.08700E+2 2.91910E+2
2.09400E+2 1.01663E+0 2.09700E+2 2.91910E+2
2.10400E+2 1.01663E+0 2.10700E+2 2.91910E+2
2.11400E+2 1.01663E+0 2.11700E+2 2.91910E+2
2.12400E+2 1.01663E+0 2.12700E+2 2.91910E+2
2.13400E+2 1.01663E+0 2.13700E+2 2.91910E+2
2.14400E+2 1.01663E+0 2.14700E+2 2.91973E+2
2.15400E+2 1.01661E+0 2.15700E+2 2.91973E+2
2.16400E+2 1.01663E+0 2.16700E+2 2.91910E+2
2.17400E+2 1.01663E+0 2.17700E+2 2.91910E+2
2.18400E+2 1.01663E+0 2.18700E+2 2.91910E+2
2.19400E+2 1.01663E+0 2.19700E+2 2.91910E+2
2.20400E+2 1.01663E+0 2.20700E+2 2.91910E+2
2.21400E+2 1.01663E+0 2.21700E+2 2.91973E+2
2.22400E+2 1.01663E+0 2.22700E+2 2.91910E+2
2.23400E+2 1.01663E+0 2.23700E+2 2.91910E+2
2.24400E+2 1.01663E+0 2.24700E+2 2.91910E+2
2.25400E+2 1.01663E+0 2.25700E+2 2.91910E+2
2.26400E+2 1.01663E+0 2.26700E+2 2.91910E+2
2.27400E+2 1.01663E+0 2.27700E+2 2.91910E+2
2.28400E+2 1.01663E+0 2.28700E+2 2.91973E+2
2.29400E+2 1.01661E+0 2.29700E+2 2.91910E+2
2.30400E+2 1.01663E+0 2.30700E+2 2.91910E+2
2.31400E+2 1.01663E+0 2.31700E+2 2.91973E+2
2.32400E+2 1.01663E+0 2.32700E+2 2.91910E+2
2.33400E+2 1.01663E+0 2.33700E+2 2.91973E+2
2.34400E+2 1.01663E+0 2.34700E+2 2.91910E+2
2.35400E+2 1.01663E+0 2.35700E+2 2.91910E+2
2.36400E+2 1.01663E+0 2.36700E+2 2.91973E+2
2.37400E+2 1.01663E+0 2.37700E+2 2.91973E+2
2.38400E+2 1.01663E+0 2.38700E+2 2.91910E+2
2.39400E+2 1.01663E+0 2.39700E+2 2.91910E+2
2.40400E+2 1.01663E+0 2.40700E+2 2.91973E+2
2.41400E+2 1.01663E+0 2.41700E+2 2.91973E+2
2.42400E+2 1.01663E+0 2.42700E+2 2.91910E+2
2.43400E+2 1.01663E+0 2.43700E+2 2.91973E+2
2.44400E+2 1.01663E+0 2.44700E+2 2.91910E+2
2.45400E+2 1.01663E+0 2.45700E+2 2.91910E+2
2.46400E+2 1.01663E+0 2.46700E+2 2.91973E+2
2.47400E+2 1.01663E+0 2.47700E+2 2.91910E+2
2.48400E+2 1.01661E+0 2.48700E+2 2.91910E+2
2.49400E+2 1.01663E+0 2.49700E+2 2.91973E+2
2.50400E+2 1.01663E+0 2.50700E+2 2.91973E+2
2.51400E+2 1.01663E+0 2.51700E+2 2.91910E+2
2.52400E+2 1.01663E+0 2.52700E+2 2.91910E+2
2.53400E+2 1.01663E+0 2.53700E+2 2.91910E+2
2.54400E+2 1.01663E+0 2.54700E+2 2.91910E+2
2.55400E+2 1.01663E+0 2.55700E+2 2.91910E+2
2.56400E+2 1.01663E+0 2.56700E+2 2.91910E+2
2.57400E+2 1.01663E+0 2.57700E+2 2.91910E+2
2.58400E+2 1.01663E+0 2.58700E+2 2.91973E+2
2.59400E+2 1.01663E+0 2.59700E+2 2.91910E+2
2.60400E+2 1.01661E+0 2.60700E+2 2.91910E+2
2.61400E+2 1.01663E+0 2.61700E+2 2.91910E+2
2.62400E+2 1.01663E+0 2.62700E+2 2.91973E+2
2.63400E+2 1.01663E+0 2.63700E+2 2.91973E+2
2.64400E+2 1.01661E+0 2.64700E+2 2.91910E+2
2.65400E+2 1.01663E+0 2.65700E+2 2.91910E+2
2.66400E+2 1.01663E+0 2.66700E+2 2.91973E+2
2.67400E+2 1.01663E+0 2.67700E+2 2.91910E+2
2.68400E+2 1.01661E+0 2.68700E+2 2.91910E+2
2.69400E+2 1.01663E+0 2.69700E+2 2.91973E+2
2.70400E+2 1.01663E+0 2.70700E+2 2.91910E+2
2.71400E+2 1.01663E+0 2.71700E+2 2.91973E+2
2.72400E+2 1.01661E+0 2.72700E+2 2.91973E+2
2.73400E+2 1.01663E+0 2.73700E+2 2.91910E+2
2.74400E+2 1.01663E+0 2.74700E+2 2.91910E+2
2.75400E+2 1.01663E+0 2.75700E+2 2.91973E+2
2.76400E+2 1.01663E+0 2.76700E+2 2.91973E+2
2.77400E+2 1.01661E+0 2.77700E+2 2.91973E+2
2.78400E+2 1.01663E+0 2.78700E+2 2.91910E+2
2.79400E+2 1.01663E+0 2.79700E+2 2.91973E+2
2.80400E+2 1.01663E+0 2.80700E+2 2.91973E+2
2.81400E+2 1.01661E+0 2.81700E+2 2.91910E+2
2.82400E+2 1.01663E+0 2.82700E+2 2.91973E+2
2.83400E+2 1.01663E+0 2.83700E+2 2.91910E+2
2.84400E+2 1.01663E+0 2.84700E+2 2.91973E+2
2.85400E+2 1.01663E+0 2.85700E+2 2.91973E+2
2.86400E+2 1.01663E+0 2.86700E+2 2.91973E+2
2.87400E+2 1.01663E+0 2.87700E+2 2.91973E+2
2.88400E+2 1.01663E+0 2.88700E+2 2.91973E+2
2.89400E+2 1.01663E+0 2.89700E+2 2.91973E+2
2.90400E+2 1.01663E+0 2.90700E+2 2.91910E+2
2.91400E+2 1.01663E+0 2.91700E+2 2.91973E+2
2.92400E+2 1.01663E+0 2.92700E+2 2.91973E+2
2.93400E+2 1.01663E+0 2.93700E+2 2.91973E+2
2.94400E+2 1.01663E+0 2.94700E+2 2.91910E+2
2.95400E+2 1.01663E+0 2.95700E+2 2.91973E+2
2.96400E+2 1.01663E+0 2.96700E+2 2.91910E+2
2.97400E+2 1.01663E+0 2.97700E+2 2.91973E+2
2.98400E+2 1.01663E+0 2.98700E+2 2.91973E+2
2.99400E+2 1.01663E+0 2.99700E+2 2.91973E+2
3.00400E+2 1.01663E+0 3.00700E+2 2.91973E+2
3.01400E+2 1.01663E+0 3.01700E+2 2.91910E+2
3.02400E+2 1.01663E+0 3.02700E+2 2.91910E+2
3.03400E+2 1.01663E+0 3.03700E+2 2.91973E+2
3.04400E+2 1.01663E+0 3.04700E+2 2.91973E+2
3.05400E+2 1.01663E+0 3.05700E+2 2.91973E+2
3.06400E+2 1.01663E+0 3.06700E+2 2.91910E+2
3.07400E+2 1.01663E+0 3.07700E+2 2.91910E+2
3.08400E+2 1.01663E+0 3.08700E+2 2.91973E+2
3.09400E+2 1.01663E+0 3.09700E+2 2.91973E+2
3.10400E+2 1.01663E+0 3.10700E+2 2.91973E+2
3.11400E+2 1.01663E+0 3.11700E+2 2.91910E+2
3.12400E+2 1.01663E+0 3.12700E+2 2.91973E+2
3.13400E+2 1.01663E+0 3.13700E+2 2.91973E+2
3.14400E+2 1.01663E+0 3.14700E+2 2.91910E+2
3.15400E+2 1.01663E+0 3.15700E+2 2.91910E+2
3.16400E+2 1.01663E+0 3.16700E+2 2.91973E+2
3.17400E+2 1.01663E+0 3.17700E+2 2.91973E+2
3.18400E+2 1.01663E+0 3.18700E+2 2.91973E+2
3.19400E+2 1.01663E+0 3.19700E+2 2.91910E+2
3.20400E+2 1.01663E+0 3.20700E+2 2.91973E+2
3.21400E+2 1.01663E+0 3.21700E+2 2.91973E+2
3.22400E+2 1.01663E+0 3.22700E+2 2.91973E+2
3.23400E+2 1.01663E+0 3.23700E+2 2.91910E+2
3.24400E+2 1.01663E+0 3.24700E+2 2.91973E+2
3.25400E+2 1.01663E+0 3.25700E+2 2.91973E+2
3.26400E+2 1.01663E+0 3.26700E+2 2.91973E+2
3.27400E+2 1.01663E+0 3.27700E+2 2.91973E+2
3.28400E+2 1.01663E+0 3.28700E+2 2.91973E+2
3.29400E+2 1.01663E+0 3.29700E+2 2.91973E+2
3.30400E+2 1.01663E+0 3.30700E+2 2.91973E+2
3.31400E+2 1.01663E+0 3.31700E+2 2.91910E+2
3.32400E+2 1.01663E+0 3.32700E+2 2.91973E+2
3.33400E+2 1.01663E+0 3.33700E+2 2.91973E+2
3.34400E+2 1.01663E+0 3.34700E+2 2.91973E+2
3.35400E+2 1.01663E+0 3.35700E+2 2.91973E+2
3.36400E+2 1.01663E+0 3.36700E+2 2.91910E+2
3.37400E+2 1.01663E+0 3.37700E+2 2.91973E+2
3.38400E+2 1.01663E+0 3.38700E+2 2.91973E+2
3.39400E+2 1.01663E+0 3.39700E+2 2.91973E+2
3.40400E+2 1.01663E+0 3.40700E+2 2.91973E+2
3.41400E+2 1.01663E+0 3.41700E+2 2.91973E+2
3.42400E+2 1.01663E+0 3.42700E+2 2.91973E+2
3.43400E+2 1.01663E+0 3.43700E+2 2.91973E+2
3.44400E+2 1.01663E+0 3.44700E+2 2.91973E+2
3.45400E+2 1.01663E+0 3.45700E+2 2.91973E+2
3.46400E+2 1.01663E+0 3.46700E+2 2.91973E+2
3.47400E+2 1.01663E+0 3.47700E+2 2.91973E+2
3.48400E+2 1.01663E+0 3.48700E+2 2.91973E+2
3.49400E+2 1.01663E+0 3.49700E+2 2.91973E+2
3.50400E+2 1.01663E+0 3.50700E+2 2.91910E+2
3.51400E+2 1.01663E+0 3.51700E+2 2.91973E+2
3.52400E+2 1.01663E+0 3.52700E+2 2.91973E+2
3.53400E+2 1.01663E+0 3.53700E+2 2.91973E+2
3.54400E+2 1.01663E+0 3.54700E+2 2.91973E+2
3.55400E+2 1.01663E+0 3.55700E+2 2.91973E+2
3.56400E+2 1.01663E+0 3.56700E+2 2.91910E+2
3.57400E+2 1.01663E+0 3.57700E+2 2.91973E+2
3.58400E+2 1.01663E+0 3.58700E+2 2.91973E+2
3.59400E+2 1.01663E+0 3.59700E+2 2.91973E+2
3.60400E+2 1.01663E+0 3.60700E+2 2.91973E+2
3.61400E+2 1.01663E+0 3.61700E+2 2.91973E+2
3.62400E+2 1.01663E+0 3.62700E+2 2.91973E+2
3.63400E+2 1.01663E+0 3.63700E+2 2.91973E+2
3.64400E+2 1.01663E+0 3.64700E+2 2.91910E+2
3.65400E+2 1.01663E+0 3.65700E+2 2.91910E+2
3.66400E+2 1.01663E+0 3.66700E+2 2.91910E+2
3.67400E+2 1.01663E+0 3.67700E+2 2.91973E+2
3.68400E+2 1.01663E+0 3.68700E+2 2.91973E+2
3.69400E+2 1.01663E+0 3.69700E+2 2.91973E+2
3.70400E+2 1.01663E+0 3.70700E+2 2.91973E+2
3.71400E+2 1.01663E+0 3.71700E+2 2.91910E+2
3.72400E+2 1.01663E+0 3.72700E+2 2.91973E+2
3.73400E+2 1.01663E+0 3.73700E+2 2.91910E+2
3.74400E+2 1.01663E+0 3.74700E+2 2.91973E+2
3.75400E+2 1.01663E+0 3.75700E+2 2.91973E+2
3.76400E+2 1.01663E+0 3.76700E+2 2.91973E+2
3.77400E+2 1.01663E+0 3.77700E+2 2.91910E+2
3.78400E+2 1.01663E+0 3.78700E+2 2.91973E+2
3.79400E+2 1.01663E+0 3.79700E+2 2.91973E+2
3.80400E+2 1.01663E+0 3.80700E+2 2.91973E+2
3.81400E+2 1.01663E+0 3.81700E+2 2.91973E+2
3.82400E+2 1.01663E+0 3.82700E+2 2.91973E+2
3.83400E+2 1.01663E+0 3.83700E+2 2.91973E+2
3.84400E+2 1.01663E+0 3.84700E+2 2.91973E+2
3.85400E+2 1.01661E+0 3.85700E+2 2.91973E+2
3.86400E+2 1.01663E+0 3.86700E+2 2.91973E+2
3.87400E+2 1.01663E+0 3.87700E+2 2.91973E+2
3.88400E+2 1.01663E+0 3.88700E+2 2.91973E+2
3.89400E+2 1.01663E+0 3.89700E+2 2.91973E+2
3.90400E+2 1.01663E+0 3.90700E+2 2.91973E+2
3.91400E+2 1.01663E+0 3.91700E+2 2.91910E+2
3.92400E+2 1.01663E+0 3.92700E+2 2.91973E+2
3.93400E+2 1.01661E+0 3.93700E+2 2.91973E+2
3.94400E+2 1.01663E+0 3.94700E+2 2.91973E+2
3.95400E+2 1.01661E+0 3.95700E+2 2.91973E+2
3.96400E+2 1.01661E+0 3.96700E+2 2.91973E+2
3.97400E+2 1.01663E+0 3.97700E+2 2.91973E+2
3.98400E+2 1.01663E+0 3.98700E+2 2.91973E+2
3.99400E+2 1.01663E+0 3.99700E+2 2.91973E+2
4.00400E+2 1.01663E+0 4.00700E+2 2.91973E+2
4.01400E+2 1.01663E+0 4.01700E+2 2.91973E+2
4.02400E+2 1.01663E+0 4.02700E+2 2.91973E+2
4.03400E+2 1.01663E+0 4.03700E+2 2.91973E+2
4.04400E+2 1.01663E+0 4.04700E+2 2.91973E+2
4.05400E+2 1.01663E+0 4.05700E+2 2.91973E+2
4.06400E+2 1.01663E+0 4.06700E+2 2.91973E+2
4.07400E+2 1.01663E+0 4.07700E+2 2.91973E+2
4.08400E+2 1.01663E+0 4.08700E+2 2.91973E+2
4.09400E+2 1.01663E+0 4.09700E+2 2.91973E+2
4.10400E+2 1.01663E+0 4.10700E+2 2.91973E+2
4.11400E+2 1.01663E+0 4.11700E+2 2.91973E+2
4.12400E+2 1.01663E+0 4.12700E+2 2.91973E+2
4.13400E+2 1.01663E+0 4.13700E+2 2.91973E+2
4.14400E+2 1.01663E+0 4.14700E+2 2.91973E+2
4.15400E+2 1.01663E+0 4.15700E+2 2.91973E+2
4.16400E+2 1.01663E+0 4.16700E+2 2.91973E+2
4.17400E+2 1.01663E+0 4.17700E+2 2.91973E+2
4.18400E+2 1.01663E+0 4.18700E+2 2.91973E+2
4.19400E+2 1.01663E+0 4.19700E+2 2.91973E+2
4.20400E+2 1.01663E+0 4.20700E+2 2.91973E+2
4.21400E+2 1.01663E+0 4.21700E+2 2.91973E+2
4.22400E+2 1.01663E+0 4.22700E+2 2.91973E+2
4.23400E+2 1.01663E+0 4.23700E+2 2.91973E+2
4.24400E+2 1.01663E+0 4.24700E+2 2.91973E+2
4.25400E+2 1.01663E+0 4.25700E+2 2.91973E+2
4.26400E+2 1.01663E+0 4.26700E+2 2.91973E+2
4.27400E+2 1.01661E+0 4.27700E+2 2.91973E+2
4.28400E+2 1.01661E+0 4.28700E+2 2.91973E+2
4.29400E+2 1.01663E+0 4.29700E+2 2.91973E+2
4.30400E+2 1.01663E+0 4.30700E+2 2.91973E+2
4.31400E+2 1.01663E+0 4.31700E+2 2.91973E+2
4.32400E+2 1.01663E+0 4.32700E+2 2.91973E+2
4.33400E+2 1.01663E+0 4.33700E+2 2.91973E+2
4.34400E+2 1.01663E+0 4.34700E+2 2.91973E+2
4.35400E+2 1.01663E+0 4.35700E+2 2.91973E+2
4.36400E+2 1.01661E+0 4.36700E+2 2.91973E+2
4.37400E+2 1.01663E+0 4.37700E+2 2.91973E+2
4.38400E+2 1.01663E+0 4.38700E+2 2.91973E+2
4.39400E+2 1.01661E+0 4.39700E+2 2.91973E+2
4.40400E+2 1.01663E+0 4.40700E+2 2.91973E+2
4.41400E+2 1.01663E+0 4.41700E+2 2.91973E+2
4.42400E+2 1.01663E+0 4.42700E+2 2.91973E+2
4.43400E+2 1.01663E+0 4.43700E+2 2.91973E+2
4.44400E+2 1.01663E+0 4.44700E+2 2.91973E+2
4.45400E+2 1.01661E+0 4.45700E+2 2.91973E+2
4.46400E+2 1.01663E+0 4.46700E+2 2.91973E+2
4.47400E+2 1.01663E+0 4.47700E+2 2.91973E+2
4.48400E+2 1.01661E+0 4.48700E+2 2.91973E+2
4.49400E+2 1.01663E+0 4.49700E+2 2.91973E+2
4.50400E+2 1.01661E+0 4.50700E+2 2.91973E+2
4.51400E+2 1.01661E+0 4.51700E+2 2.91973E+2
4.52400E+2 1.01661E+0 4.52700E+2 2.91973E+2
4.53400E+2 1.01663E+0 4.53700E+2 2.91973E+2
4.54400E+2 1.01663E+0 4.54700E+2 2.91973E+2
4.55400E+2 1.01661E+0 4.55700E+2 2.91973E+2
4.56400E+2 1.01663E+0 4.56700E+2 2.91973E+2
4.57400E+2 1.01663E+0 4.57700E+2 2.91973E+2
4.58400E+2 1.01663E+0 4.58700E+2 2.91973E+2
4.59400E+2 1.01663E+0 4.59700E+2 2.91973E+2
4.60400E+2 1.01663E+0 4.60700E+2 2.91973E+2
4.61400E+2 1.01663E+0 4.61700E+2 2.91973E+2
4.62400E+2 1.01663E+0 4.62700E+2 2.91973E+2
4.63400E+2 1.01663E+0 4.63700E+2 2.91973E+2
4.64400E+2 1.01663E+0 4.64700E+2 2.91973E+2
4.65400E+2 1.01663E+0 4.65700E+2 2.91973E+2
4.66400E+2 1.01661E+0 4.66700E+2 2.91973E+2
4.67400E+2 1.01663E+0 4.67700E+2 2.91973E+2
4.68400E+2 1.01663E+0 4.68700E+2 2.91973E+2
4.69400E+2 1.01663E+0 4.69700E+2 2.91973E+2
4.70400E+2 1.01661E+0 4.70700E+2 2.91973E+2
4.71400E+2 1.01663E+0 4.71700E+2 2.91973E+2
4.72400E+2 1.01663E+0 4.72700E+2 2.91973E+2
4.73400E+2 1.01663E+0 4.73700E+2 2.91973E+2
4.74400E+2 1.01663E+0 4.74700E+2 2.91973E+2
4.75400E+2 1.01663E+0 4.75700E+2 2.91973E+2
4.76400E+2 1.01663E+0 4.76700E+2 2.91973E+2
4.77400E+2 1.01663E+0 4.77700E+2 2.91973E+2
4.78400E+2 1.01663E+0 4.78700E+2 2.91973E+2
4.79400E+2 1.01663E+0 4.79700E+2 2.91973E+2
4.80400E+2 1.01663E+0 4.80700E+2 2.91973E+2
4.81400E+2 1.01663E+0 4.81700E+2 2.91973E+2
4.82400E+2 1.01663E+0 4.82700E+2 2.91973E+2
4.83400E+2 1.01663E+0 4.83700E+2 2.91973E+2
4.84400E+2 1.01663E+0 4.84700E+2 2.91973E+2
4.85400E+2 1.01663E+0 4.85700E+2 2.91973E+2
4.86400E+2 1.01663E+0 4.86700E+2 2.91973E+2
4.87400E+2 1.01663E+0 4.87700E+2 2.91973E+2
4.88400E+2 1.01663E+0 4.88700E+2 2.91973E+2
4.89400E+2 1.01663E+0 4.89700E+2 2.91973E+2
4.90400E+2 1.01663E+0 4.90700E+2 2.91973E+2
4.91400E+2 1.01663E+0 4.91700E+2 2.91973E+2
4.92400E+2 1.01661E+0 4.92700E+2 2.91973E+2
4.93400E+2 1.01663E+0 4.93700E+2 2.91973E+2
4.94400E+2 1.01663E+0 4.94700E+2 2.91973E+2
4.95400E+2 1.01663E+0 4.95700E+2 2.91973E+2
4.96400E+2 1.01663E+0 4.96700E+2 2.91973E+2
4.97400E+2 1.01663E+0 4.97700E+2 2.91973E+2
4.98400E+2 1.01663E+0 4.98700E+2 2.91973E+2
4.99400E+2 1.01661E+0 4.99700E+2 2.91973E+2
5.00400E+2 1.01663E+0 5.00700E+2 2.91973E+2
5.01400E+2 1.01661E+0 5.01700E+2 2.91973E+2
5.02400E+2 1.01663E+0 5.02700E+2 2.91973E+2
5.03400E+2 1.01663E+0 5.03700E+2 2.91973E+2
5.04400E+2 1.01663E+0 5.04700E+2 2.91973E+2
5.05400E+2 1.01663E+0 5.05700E+2 2.91973E+2
5.06400E+2 1.01661E+0 5.06700E+2 2.91973E+2
5.07400E+2 1.01663E+0 5.07700E+2 2.91973E+2
5.08400E+2 1.01661E+0 5.08700E+2 2.91973E+2
5.09400E+2 1.01663E+0 5.09700E+2 2.91973E+2
5.10400E+2 1.01661E+0 5.10700E+2 2.91973E+2
5.11400E+2 1.01663E+0 5.11700E+2 2.91973E+2
5.12400E+2 1.01663E+0 5.12700E+2 2.91973E+2
5.13400E+2 1.01663E+0 5.13700E+2 2.91973E+2
5.14400E+2 1.01663E+0 5.14700E+2 2.91973E+2
5.15400E+2 1.01663E+0 5.15700E+2 2.91973E+2
5.16400E+2 1.01663E+0 5.16700E+2 2.91973E+2
5.17400E+2 1.01663E+0 5.17700E+2 2.91973E+2
5.18400E+2 1.01661E+0 5.18700E+2 2.91973E+2
5.19400E+2 1.01663E+0 5.19700E+2 2.91973E+2
5.20400E+2 1.01663E+0 5.20700E+2 2.91973E+2
5.21400E+2 1.01663E+0 5.21700E+2 2.91973E+2
5.22400E+2 1.01663E+0 5.22700E+2 2.91973E+2
5.23400E+2 1.01663E+0 5.23700E+2 2.91973E+2
5.24400E+2 1.01663E+0 5.24700E+2 2.91973E+2
5.25400E+2 1.01663E+0 5.25700E+2 2.91973E+2
5.26400E+2 1.01663E+0 5.26700E+2 2.91973E+2
5.27400E+2 1.01663E+0 5.27700E+2 2.91973E+2
5.28400E+2 1.01663E+0 5.28700E+2 2.91973E+2
5.29400E+2 1.01663E+0 5.29700E+2 2.91973E+2
5.30400E+2 1.01663E+0 5.30700E+2 2.91973E+2
5.31400E+2 1.01663E+0 5.31700E+2 2.91973E+2
5.32400E+2 1.01663E+0 5.32700E+2 2.91973E+2
5.33400E+2 1.01663E+0 5.33700E+2 2.91973E+2
5.34400E+2 1.01663E+0 5.34700E+2 2.91973E+2
5.35400E+2 1.01663E+0 5.35700E+2 2.91973E+2
5.36400E+2 1.01663E+0 5.36700E+2 2.91973E+2
5.37400E+2 1.01663E+0 5.37700E+2 2.91973E+2
5.38400E+2 1.01663E+0 5.38700E+2 2.91973E+2
5.39400E+2 1.01661E+0 5.39700E+2 2.91973E+2
5.40400E+2 1.01663E+0 5.40700E+2 2.91973E+2
5.41400E+2 1.01663E+0 5.41700E+2 2.91973E+2
5.42400E+2 1.01663E+0 5.42700E+2 2.91973E+2
5.43400E+2 1.01663E+0 5.43700E+2 2.91973E+2
5.44400E+2 1.01661E+0 5.44700E+2 2.91973E+2
5.45400E+2 1.01661E+0 5.45700E+2 2.91973E+2
5.46400E+2 1.01663E+0 5.46700E+2 2.91973E+2
5.47400E+2 1.01663E+0 5.47700E+2 2.91973E+2
5.48400E+2 1.01663E+0 5.48700E+2 2.91973E+2
5.49400E+2 1.01663E+0 5.49700E+2 2.91973E+2
5.50400E+2 1.01663E+0 5.50700E+2 2.91973E+2
5.51400E+2 1.01663E+0 5.51700E+2 2.91973E+2
5.52400E+2 1.01663E+0 5.52700E+2 2.91973E+2
5.53400E+2 1.01661E+0 5.53700E+2 2.91973E+2
5.54400E+2 1.01661E+0 5.54700E+2 2.91973E+2
5.55400E+2 1.01661E+0 5.55700E+2 2.91973E+2
5.56400E+2 1.01663E+0 5.56700E+2 2.91973E+2
5.57400E+2 1.01663E+0 5.57700E+2 2.91973E+2
5.58400E+2 1.01663E+0 5.58700E+2 2.91973E+2
5.59400E+2 1.01661E+0 5.59700E+2 2.91973E+2
5.60400E+2 1.01663E+0 5.60700E+2 2.91973E+2
5.61400E+2 1.01663E+0 5.61700E+2 2.91973E+2
5.62400E+2 1.01663E+0 5.62700E+2 2.91973E+2
5.63400E+2 1.01661E+0 5.63700E+2 2.91973E+2
5.64400E+2 1.01661E+0 5.64700E+2 2.91973E+2
5.65400E+2 1.01663E+0 5.65700E+2 2.91973E+2
5.66400E+2 1.01663E+0 5.66700E+2 2.91973E+2
5.67400E+2 1.01663E+0 5.67700E+2 2.91973E+2
5.68400E+2 1.01661E+0 5.68700E+2 2.91973E+2
5.69400E+2 1.01663E+0 5.69700E+2 2.91973E+2
5.70400E+2 1.01663E+0 5.70700E+2 2.91973E+2
5.71400E+2 1.01663E+0 5.71700E+2 2.91973E+2
5.72400E+2 1.01663E+0 5.72700E+2 2.91973E+2
5.73400E+2 1.01663E+0 5.73700E+2 2.91973E+2
5.74400E+2 1.01663E+0 5.74700E+2 2.91973E+2
5.75400E+2 1.01663E+0 5.75700E+2 2.91973E+2
5.76400E+2 1.01663E+0 5.76700E+2 2.91973E+2
5.77400E+2 1.01663E+0 5.77700E+2 2.91973E+2
5.78400E+2 1.01663E+0 5.78700E+2 2.91973E+2
5.79400E+2 1.01663E+0 5.79700E+2 2.91973E+2
5.80400E+2 1.01663E+0 5.80700E+2 2.91973E+2
5.81400E+2 1.01663E+0 5.81700E+2 2.91973E+2
5.82400E+2 1.01663E+0 5.82700E+2 2.91973E+2
5.83400E+2 1.01663E+0 5.83700E+2 2.91973E+2
5.84400E+2 1.01661E+0 5.84700E+2 2.91973E+2
5.85400E+2 1.01663E+0 5.85700E+2 2.91973E+2
5.86400E+2 1.01663E+0 5.86700E+2 2.91973E+2
5.87400E+2 1.01663E+0 5.87700E+2 2.91973E+2
5.88400E+2 1.01663E+0 5.88700E+2 2.91973E+2
5.89400E+2 1.01663E+0 5.89700E+2 2.91973E+2
5.90400E+2 1.01663E+0 5.90700E+2 2.91973E+2
5.91400E+2 1.01661E+0 5.91700E+2 2.91973E+2
5.92400E+2 1.01661E+0 5.92700E+2 2.91973E+2
5.93400E+2 1.01663E+0 5.93700E+2 2.91973E+2
5.94400E+2 1.01663E+0 5.94700E+2 2.91973E+2
5.95400E+2 1.01663E+0 5.95700E+2 2.91973E+2
5.96400E+2 1.01663E+0 5.96700E+2 2.91973E+2
5.97400E+2 1.01663E+0 5.97700E+2 2.91973E+2
5.98400E+2 1.01663E+0 5.98700E+2 2.91973E+2
5.99400E+2 1.01663E+0 5.99700E+2 2.91973E+2
6.00400E+2 1.01661E+0 6.00700E+2 2.91973E+2
6.01400E+2 1.01663E+0 6.01700E+2 2.91973E+2
6.02400E+2 1.01663E+0 6.02700E+2 2.91973E+2
6.03400E+2 1.01663E+0 6.03700E+2 2.91973E+2
6.04400E+2 1.01661E+0 6.04700E+2 2.91973E+2
6.05400E+2 1.01663E+0 6.05700E+2 2.91973E+2
6.06400E+2 1.01663E+0 6.06700E+2 2.91973E+2
