0.000E+0 -2.000E-5
1.000E-4 1.331E-3
2.000E-4 2.720E-4
3.000E-4 1.616E-3
4.000E-4 5.050E-4
5.000E-4 1.842E-3
6.000E-4 7.580E-4
7.000E-4 2.067E-3
8.000E-4 9.560E-4
9.000E-4 2.291E-3
1.000E-3 1.228E-3
1.100E-3 2.553E-3
1.200E-3 1.441E-3
1.300E-3 2.760E-3
1.400E-3 1.675E-3
1.500E-3 2.987E-3
1.600E-3 1.847E-3
1.700E-3 3.156E-3
1.800E-3 2.129E-3
1.900E-3 3.429E-3
2.000E-3 2.353E-3
2.100E-3 3.647E-3
2.200E-3 2.596E-3
2.300E-3 3.883E-3
2.400E-3 2.786E-3
2.500E-3 4.071E-3
2.600E-3 3.048E-3
2.700E-3 4.325E-3
2.800E-3 3.252E-3
2.900E-3 4.526E-3
3.000E-3 3.476E-3
3.100E-3 4.743E-3
3.200E-3 3.612E-3
3.300E-3 4.878E-3
3.400E-3 3.942E-3
3.500E-3 5.155E-3
3.600E-3 4.127E-3
3.700E-3 5.379E-3
3.800E-3 4.375E-3
3.900E-3 5.619E-3
4.000E-3 4.569E-3
4.100E-3 5.811E-3
4.200E-3 4.836E-3
4.300E-3 6.070E-3
4.400E-3 5.046E-3
4.500E-3 6.277E-3
4.600E-3 5.275E-3
4.700E-3 6.500E-3
4.800E-3 5.445E-3
4.900E-3 6.668E-3
5.000E-3 5.721E-3
5.100E-3 6.935E-3
5.200E-3 5.940E-3
5.300E-3 7.152E-3
5.400E-3 6.178E-3
5.500E-3 7.383E-3
5.600E-3 6.413E-3
5.700E-3 7.569E-3
5.800E-3 6.622E-3
5.900E-3 7.818E-3
6.000E-3 6.861E-3
6.100E-3 8.017E-3
6.200E-3 7.043E-3
6.300E-3 8.231E-3
6.400E-3 7.125E-3
6.500E-3 8.310E-3
6.600E-3 7.411E-3
6.700E-3 8.588E-3
6.800E-3 7.641E-3
6.900E-3 8.816E-3
7.000E-3 7.890E-3
7.100E-3 9.057E-3
7.200E-3 8.088E-3
7.300E-3 9.253E-3
7.400E-3 8.356E-3
7.500E-3 9.512E-3
7.600E-3 8.583E-3
7.700E-3 9.722E-3
7.800E-3 8.799E-3
7.900E-3 9.946E-3
8.000E-3 9.021E-3
8.100E-3 1.012E-2
8.200E-3 9.272E-3
8.300E-3 1.039E-2
8.400E-3 9.471E-3
8.500E-3 1.060E-2
8.600E-3 9.710E-3
8.700E-3 1.084E-2
8.800E-3 9.901E-3
8.900E-3 1.103E-2
9.000E-3 1.016E-2
9.100E-3 1.128E-2
9.200E-3 1.036E-2
9.300E-3 1.148E-2
9.400E-3 1.059E-2
9.500E-3 1.170E-2
9.600E-3 1.073E-2
9.700E-3 1.184E-2
9.800E-3 1.101E-2
9.900E-3 1.209E-2
1.000E-2 1.122E-2
1.010E-2 1.231E-2
1.020E-2 1.147E-2
1.030E-2 1.255E-2
1.040E-2 1.166E-2
1.050E-2 1.274E-2
1.060E-2 1.192E-2
1.070E-2 1.300E-2
1.080E-2 1.213E-2
1.090E-2 1.321E-2
1.100E-2 1.236E-2
1.110E-2 1.343E-2
1.120E-2 1.253E-2
1.130E-2 1.360E-2
1.140E-2 1.280E-2
1.150E-2 1.386E-2
1.160E-2 1.302E-2
1.170E-2 1.408E-2
1.180E-2 1.326E-2
1.190E-2 1.431E-2
1.200E-2 1.344E-2
1.210E-2 1.449E-2
1.220E-2 1.370E-2
1.230E-2 1.474E-2
1.240E-2 1.390E-2
1.250E-2 1.493E-2
1.260E-2 1.412E-2
1.270E-2 1.515E-2
1.280E-2 1.410E-2
1.290E-2 1.513E-2
1.300E-2 1.438E-2
1.310E-2 1.540E-2
1.320E-2 1.462E-2
1.330E-2 1.563E-2
1.340E-2 1.486E-2
1.350E-2 1.587E-2
1.360E-2 1.506E-2
1.370E-2 1.606E-2
1.380E-2 1.532E-2
1.390E-2 1.632E-2
1.400E-2 1.554E-2
1.410E-2 1.654E-2
1.420E-2 1.577E-2
1.430E-2 1.676E-2
1.440E-2 1.595E-2
1.450E-2 1.693E-2
1.460E-2 1.622E-2
1.470E-2 1.720E-2
1.480E-2 1.645E-2
1.490E-2 1.743E-2
1.500E-2 1.669E-2
1.510E-2 1.766E-2
1.520E-2 1.688E-2
1.530E-2 1.785E-2
1.540E-2 1.713E-2
1.550E-2 1.810E-2
1.560E-2 1.735E-2
1.570E-2 1.830E-2
1.580E-2 1.756E-2
1.590E-2 1.852E-2
1.600E-2 1.772E-2
1.610E-2 1.867E-2
1.620E-2 1.799E-2
1.630E-2 1.893E-2
1.640E-2 1.827E-2
1.650E-2 1.921E-2
1.660E-2 1.848E-2
1.670E-2 1.945E-2
1.680E-2 1.868E-2
1.690E-2 1.964E-2
1.700E-2 1.894E-2
1.710E-2 1.989E-2
1.720E-2 1.915E-2
1.730E-2 2.010E-2
1.740E-2 1.938E-2
1.750E-2 2.033E-2
1.760E-2 1.956E-2
1.770E-2 2.051E-2
1.780E-2 1.982E-2
1.790E-2 2.076E-2
1.800E-2 2.004E-2
1.810E-2 2.098E-2
1.820E-2 2.028E-2
1.830E-2 2.121E-2
1.840E-2 2.048E-2
1.850E-2 2.140E-2
1.860E-2 2.072E-2
1.870E-2 2.164E-2
1.880E-2 2.093E-2
1.890E-2 2.185E-2
1.900E-2 2.115E-2
1.910E-2 2.206E-2
1.920E-2 2.124E-2
1.930E-2 2.215E-2
1.940E-2 2.152E-2
1.950E-2 2.242E-2
1.960E-2 2.175E-2
1.970E-2 2.264E-2
1.980E-2 2.199E-2
1.990E-2 2.288E-2
2.000E-2 2.220E-2
2.010E-2 2.309E-2
2.020E-2 2.245E-2
2.030E-2 2.334E-2
2.040E-2 2.267E-2
2.050E-2 2.355E-2
2.060E-2 2.289E-2
2.070E-2 2.377E-2
2.080E-2 2.308E-2
2.090E-2 2.395E-2
2.100E-2 2.334E-2
2.110E-2 2.421E-2
2.120E-2 2.357E-2
2.130E-2 2.443E-2
2.140E-2 2.380E-2
2.150E-2 2.466E-2
2.160E-2 2.400E-2
2.170E-2 2.485E-2
2.180E-2 2.425E-2
2.190E-2 2.510E-2
2.200E-2 2.446E-2
2.210E-2 2.531E-2
2.220E-2 2.468E-2
2.230E-2 2.552E-2
2.240E-2 2.483E-2
2.250E-2 2.567E-2
2.260E-2 2.510E-2
2.270E-2 2.594E-2
2.280E-2 2.533E-2
2.290E-2 2.616E-2
2.300E-2 2.557E-2
2.310E-2 2.639E-2
2.320E-2 2.577E-2
2.330E-2 2.658E-2
2.340E-2 2.602E-2
2.350E-2 2.683E-2
2.360E-2 2.624E-2
2.370E-2 2.705E-2
2.380E-2 2.646E-2
2.390E-2 2.726E-2
2.400E-2 2.665E-2
2.410E-2 2.744E-2
2.420E-2 2.690E-2
2.430E-2 2.770E-2
2.440E-2 2.712E-2
2.450E-2 2.792E-2
2.460E-2 2.735E-2
2.470E-2 2.814E-2
2.480E-2 2.755E-2
2.490E-2 2.834E-2
2.500E-2 2.780E-2
2.510E-2 2.858E-2
2.520E-2 2.800E-2
2.530E-2 2.878E-2
2.540E-2 2.822E-2
2.550E-2 2.899E-2
2.560E-2 2.757E-2
2.570E-2 2.840E-2
2.580E-2 2.784E-2
2.590E-2 2.867E-2
2.600E-2 2.807E-2
2.610E-2 2.889E-2
2.620E-2 2.831E-2
2.630E-2 2.913E-2
2.640E-2 2.851E-2
2.650E-2 2.933E-2
2.660E-2 2.877E-2
2.670E-2 2.958E-2
2.680E-2 2.899E-2
2.690E-2 2.978E-2
2.700E-2 2.921E-2
2.710E-2 3.001E-2
2.720E-2 2.939E-2
2.730E-2 3.019E-2
2.740E-2 2.965E-2
2.750E-2 3.044E-2
2.760E-2 2.987E-2
2.770E-2 3.066E-2
2.780E-2 3.011E-2
2.790E-2 3.088E-2
2.800E-2 3.030E-2
2.810E-2 3.108E-2
2.820E-2 3.055E-2
2.830E-2 3.132E-2
2.840E-2 3.076E-2
2.850E-2 3.153E-2
2.860E-2 3.098E-2
2.870E-2 3.174E-2
2.880E-2 3.113E-2
2.890E-2 3.189E-2
2.900E-2 3.139E-2
2.910E-2 3.215E-2
2.920E-2 3.162E-2
2.930E-2 3.236E-2
2.940E-2 3.185E-2
2.950E-2 3.259E-2
2.960E-2 3.205E-2
2.970E-2 3.279E-2
2.980E-2 3.231E-2
2.990E-2 3.304E-2
3.000E-2 3.252E-2
3.010E-2 3.325E-2
3.020E-2 3.273E-2
3.030E-2 3.346E-2
3.040E-2 3.292E-2
3.050E-2 3.364E-2
3.060E-2 3.317E-2
3.070E-2 3.389E-2
3.080E-2 3.339E-2
3.090E-2 3.410E-2
3.100E-2 3.362E-2
3.110E-2 3.433E-2
3.120E-2 3.382E-2
3.130E-2 3.452E-2
3.140E-2 3.406E-2
3.150E-2 3.476E-2
3.160E-2 3.427E-2
3.170E-2 3.496E-2
3.180E-2 3.448E-2
3.190E-2 3.517E-2
3.200E-2 3.458E-2
3.210E-2 3.526E-2
3.220E-2 3.485E-2
3.230E-2 3.552E-2
3.240E-2 3.508E-2
3.250E-2 3.575E-2
3.260E-2 3.531E-2
3.270E-2 3.597E-2
3.280E-2 3.551E-2
3.290E-2 3.618E-2
3.300E-2 3.576E-2
3.310E-2 3.642E-2
3.320E-2 3.598E-2
3.330E-2 3.663E-2
3.340E-2 3.620E-2
3.350E-2 3.685E-2
3.360E-2 3.638E-2
3.370E-2 3.703E-2
3.380E-2 3.664E-2
3.390E-2 3.728E-2
3.400E-2 3.686E-2
3.410E-2 3.750E-2
3.420E-2 3.709E-2
3.430E-2 3.772E-2
3.440E-2 3.729E-2
3.450E-2 3.792E-2
3.460E-2 3.753E-2
3.470E-2 3.815E-2
3.480E-2 3.774E-2
3.490E-2 3.836E-2
3.500E-2 3.795E-2
3.510E-2 3.857E-2
3.520E-2 3.811E-2
3.530E-2 3.872E-2
3.540E-2 3.837E-2
3.550E-2 3.897E-2
3.560E-2 3.859E-2
3.570E-2 3.920E-2
3.580E-2 3.882E-2
3.590E-2 3.942E-2
3.600E-2 3.903E-2
3.610E-2 3.962E-2
3.620E-2 3.927E-2
3.630E-2 3.986E-2
3.640E-2 3.949E-2
3.650E-2 4.007E-2
3.660E-2 3.971E-2
3.670E-2 4.028E-2
3.680E-2 3.990E-2
3.690E-2 4.047E-2
3.700E-2 4.015E-2
3.710E-2 4.071E-2
3.720E-2 4.037E-2
3.730E-2 4.093E-2
3.740E-2 4.059E-2
3.750E-2 4.115E-2
3.760E-2 4.079E-2
3.770E-2 4.134E-2
3.780E-2 4.102E-2
3.790E-2 4.158E-2
3.800E-2 4.123E-2
3.810E-2 4.178E-2
3.820E-2 4.145E-2
3.830E-2 4.199E-2
3.840E-2 4.146E-2
3.850E-2 4.199E-2
3.860E-2 4.172E-2
3.870E-2 4.224E-2
3.880E-2 4.195E-2
3.890E-2 4.247E-2
3.900E-2 4.218E-2
3.910E-2 4.269E-2
3.920E-2 4.238E-2
3.930E-2 4.290E-2
3.940E-2 4.263E-2
3.950E-2 4.314E-2
3.960E-2 4.285E-2
3.970E-2 4.335E-2
3.980E-2 4.308E-2
3.990E-2 4.357E-2
4.000E-2 4.326E-2
4.010E-2 4.376E-2
4.020E-2 4.351E-2
4.030E-2 4.400E-2
4.040E-2 4.374E-2
4.050E-2 4.422E-2
4.060E-2 4.396E-2
4.070E-2 4.444E-2
4.080E-2 4.417E-2
4.090E-2 4.464E-2
4.100E-2 4.441E-2
4.110E-2 4.488E-2
4.120E-2 4.462E-2
4.130E-2 4.509E-2
4.140E-2 4.484E-2
4.150E-2 4.530E-2
4.160E-2 4.500E-2
4.170E-2 4.546E-2
4.180E-2 4.525E-2
4.190E-2 4.571E-2
4.200E-2 4.548E-2
4.210E-2 4.593E-2
4.220E-2 4.571E-2
4.230E-2 4.615E-2
4.240E-2 4.592E-2
4.250E-2 4.635E-2
4.260E-2 4.616E-2
4.270E-2 4.659E-2
4.280E-2 4.637E-2
4.290E-2 4.680E-2
4.300E-2 4.659E-2
4.310E-2 4.702E-2
4.320E-2 4.678E-2
4.330E-2 4.720E-2
4.340E-2 4.703E-2
4.350E-2 4.744E-2
4.360E-2 4.725E-2
4.370E-2 4.766E-2
4.380E-2 4.748E-2
4.390E-2 4.788E-2
4.400E-2 4.768E-2
4.410E-2 4.808E-2
4.420E-2 4.791E-2
4.430E-2 4.831E-2
4.440E-2 4.813E-2
4.450E-2 4.852E-2
4.460E-2 4.834E-2
4.470E-2 4.873E-2
4.480E-2 4.846E-2
4.490E-2 4.883E-2
4.500E-2 4.871E-2
4.510E-2 4.908E-2
4.520E-2 4.893E-2
4.530E-2 4.931E-2
4.540E-2 4.916E-2
4.550E-2 4.953E-2
4.560E-2 4.938E-2
4.570E-2 4.974E-2
4.580E-2 4.961E-2
4.590E-2 4.997E-2
4.600E-2 4.983E-2
4.610E-2 5.018E-2
4.620E-2 5.005E-2
4.630E-2 5.040E-2
4.640E-2 5.025E-2
4.650E-2 5.059E-2
4.660E-2 5.049E-2
4.670E-2 5.083E-2
4.680E-2 5.072E-2
4.690E-2 5.105E-2
4.700E-2 5.094E-2
4.710E-2 5.127E-2
4.720E-2 5.114E-2
4.730E-2 5.147E-2
4.740E-2 5.138E-2
4.750E-2 5.170E-2
4.760E-2 5.159E-2
4.770E-2 5.191E-2
4.780E-2 5.181E-2
4.790E-2 5.213E-2
4.800E-2 5.198E-2
4.810E-2 5.229E-2
4.820E-2 5.223E-2
4.830E-2 5.253E-2
4.840E-2 5.245E-2
4.850E-2 5.275E-2
4.860E-2 5.268E-2
4.870E-2 5.297E-2
4.880E-2 5.289E-2
4.890E-2 5.318E-2
4.900E-2 5.313E-2
4.910E-2 5.342E-2
4.920E-2 5.334E-2
4.930E-2 5.362E-2
4.940E-2 5.356E-2
4.950E-2 5.384E-2
4.960E-2 5.376E-2
4.970E-2 5.403E-2
4.980E-2 5.400E-2
4.990E-2 5.427E-2
5.000E-2 5.422E-2
5.010E-2 5.449E-2
5.020E-2 5.445E-2
5.030E-2 5.471E-2
5.040E-2 5.465E-2
5.050E-2 5.491E-2
5.060E-2 5.488E-2
5.070E-2 5.514E-2
5.080E-2 5.510E-2
5.090E-2 5.535E-2
5.100E-2 5.531E-2
5.110E-2 5.556E-2
5.120E-2 5.451E-2
5.130E-2 5.480E-2
5.140E-2 5.476E-2
5.150E-2 5.505E-2
5.160E-2 5.499E-2
5.170E-2 5.527E-2
5.180E-2 5.522E-2
5.190E-2 5.550E-2
5.200E-2 5.544E-2
5.210E-2 5.571E-2
5.220E-2 5.568E-2
5.230E-2 5.595E-2
5.240E-2 5.590E-2
5.250E-2 5.617E-2
5.260E-2 5.612E-2
5.270E-2 5.638E-2
5.280E-2 5.633E-2
5.290E-2 5.658E-2
5.300E-2 5.657E-2
5.310E-2 5.682E-2
5.320E-2 5.680E-2
5.330E-2 5.704E-2
5.340E-2 5.702E-2
5.350E-2 5.726E-2
5.360E-2 5.724E-2
5.370E-2 5.748E-2
5.380E-2 5.747E-2
5.390E-2 5.770E-2
5.400E-2 5.769E-2
5.410E-2 5.792E-2
5.420E-2 5.790E-2
5.430E-2 5.813E-2
5.440E-2 5.808E-2
5.450E-2 5.830E-2
5.460E-2 5.833E-2
5.470E-2 5.854E-2
5.480E-2 5.855E-2
5.490E-2 5.876E-2
5.500E-2 5.878E-2
5.510E-2 5.899E-2
5.520E-2 5.900E-2
5.530E-2 5.920E-2
5.540E-2 5.923E-2
5.550E-2 5.943E-2
5.560E-2 5.945E-2
5.570E-2 5.965E-2
5.580E-2 5.967E-2
5.590E-2 5.986E-2
5.600E-2 5.988E-2
5.610E-2 6.006E-2
5.620E-2 6.011E-2
5.630E-2 6.029E-2
5.640E-2 6.034E-2
5.650E-2 6.052E-2
5.660E-2 6.057E-2
5.670E-2 6.073E-2
5.680E-2 6.078E-2
5.690E-2 6.094E-2
5.700E-2 6.101E-2
5.710E-2 6.117E-2
5.720E-2 6.123E-2
5.730E-2 6.138E-2
5.740E-2 6.144E-2
5.750E-2 6.159E-2
5.760E-2 6.156E-2
5.770E-2 6.171E-2
5.780E-2 6.181E-2
5.790E-2 6.195E-2
5.800E-2 6.204E-2
5.810E-2 6.218E-2
5.820E-2 6.227E-2
5.830E-2 6.240E-2
5.840E-2 6.248E-2
5.850E-2 6.261E-2
5.860E-2 6.272E-2
5.870E-2 6.285E-2
5.880E-2 6.294E-2
5.890E-2 6.306E-2
5.900E-2 6.316E-2
5.910E-2 6.328E-2
5.920E-2 6.337E-2
5.930E-2 6.348E-2
5.940E-2 6.360E-2
5.950E-2 6.371E-2
5.960E-2 6.383E-2
5.970E-2 6.393E-2
5.980E-2 6.406E-2
5.990E-2 6.415E-2
6.000E-2 6.427E-2
6.010E-2 6.436E-2
6.020E-2 6.450E-2
6.030E-2 6.459E-2
6.040E-2 6.472E-2
6.050E-2 6.480E-2
6.060E-2 6.494E-2
6.070E-2 6.502E-2
6.080E-2 6.512E-2
6.090E-2 6.519E-2
6.100E-2 6.536E-2
6.110E-2 6.543E-2
6.120E-2 6.559E-2
6.130E-2 6.565E-2
6.140E-2 6.582E-2
6.150E-2 6.587E-2
6.160E-2 6.603E-2
6.170E-2 6.609E-2
6.180E-2 6.626E-2
6.190E-2 6.632E-2
6.200E-2 6.649E-2
6.210E-2 6.653E-2
6.220E-2 6.671E-2
6.230E-2 6.675E-2
6.240E-2 6.691E-2
6.250E-2 6.695E-2
6.260E-2 6.715E-2
6.270E-2 6.718E-2
6.280E-2 6.737E-2
6.290E-2 6.740E-2
6.300E-2 6.760E-2
6.310E-2 6.762E-2
6.320E-2 6.781E-2
6.330E-2 6.783E-2
6.340E-2 6.804E-2
6.350E-2 6.805E-2
6.360E-2 6.826E-2
6.370E-2 6.827E-2
6.380E-2 6.847E-2
6.390E-2 6.848E-2
6.400E-2 6.850E-2
6.410E-2 6.849E-2
6.420E-2 6.874E-2
6.430E-2 6.873E-2
6.440E-2 6.897E-2
6.450E-2 6.895E-2
6.460E-2 6.919E-2
6.470E-2 6.918E-2
6.480E-2 6.942E-2
6.490E-2 6.939E-2
6.500E-2 6.965E-2
6.510E-2 6.962E-2
6.520E-2 6.987E-2
6.530E-2 6.984E-2
6.540E-2 7.009E-2
6.550E-2 7.005E-2
6.560E-2 7.030E-2
6.570E-2 7.026E-2
6.580E-2 7.053E-2
6.590E-2 7.048E-2
6.600E-2 7.077E-2
6.610E-2 7.071E-2
6.620E-2 7.098E-2
6.630E-2 7.093E-2
6.640E-2 7.120E-2
6.650E-2 7.114E-2
6.660E-2 7.143E-2
6.670E-2 7.136E-2
6.680E-2 7.166E-2
6.690E-2 7.159E-2
6.700E-2 7.187E-2
6.710E-2 7.180E-2
6.720E-2 7.205E-2
6.730E-2 7.197E-2
6.740E-2 7.229E-2
6.750E-2 7.220E-2
6.760E-2 7.252E-2
6.770E-2 7.243E-2
6.780E-2 7.274E-2
6.790E-2 7.265E-2
6.800E-2 7.296E-2
6.810E-2 7.287E-2
6.820E-2 7.319E-2
6.830E-2 7.309E-2
6.840E-2 7.342E-2
6.850E-2 7.330E-2
6.860E-2 7.363E-2
6.870E-2 7.352E-2
6.880E-2 7.385E-2
6.890E-2 7.372E-2
6.900E-2 7.407E-2
6.910E-2 7.395E-2
6.920E-2 7.430E-2
6.930E-2 7.417E-2
6.940E-2 7.452E-2
6.950E-2 7.439E-2
6.960E-2 7.475E-2
6.970E-2 7.461E-2
6.980E-2 7.497E-2
6.990E-2 7.483E-2
7.000E-2 7.519E-2
7.010E-2 7.505E-2
7.020E-2 7.541E-2
7.030E-2 7.526E-2
7.040E-2 7.555E-2
7.050E-2 7.539E-2
7.060E-2 7.578E-2
7.070E-2 7.562E-2
7.080E-2 7.601E-2
7.090E-2 7.585E-2
7.100E-2 7.623E-2
7.110E-2 7.607E-2
7.120E-2 7.646E-2
7.130E-2 7.628E-2
7.140E-2 7.668E-2
7.150E-2 7.651E-2
7.160E-2 7.691E-2
7.170E-2 7.673E-2
7.180E-2 7.712E-2
7.190E-2 7.695E-2
7.200E-2 7.734E-2
7.210E-2 7.715E-2
7.220E-2 7.757E-2
7.230E-2 7.738E-2
7.240E-2 7.780E-2
7.250E-2 7.760E-2
7.260E-2 7.802E-2
7.270E-2 7.782E-2
7.280E-2 7.825E-2
7.290E-2 7.804E-2
7.300E-2 7.847E-2
7.310E-2 7.826E-2
7.320E-2 7.870E-2
7.330E-2 7.848E-2
7.340E-2 7.891E-2
7.350E-2 7.869E-2
7.360E-2 7.910E-2
7.370E-2 7.888E-2
7.380E-2 7.933E-2
7.390E-2 7.911E-2
7.400E-2 7.956E-2
7.410E-2 7.933E-2
7.420E-2 7.978E-2
7.430E-2 7.954E-2
7.440E-2 8.001E-2
7.450E-2 7.976E-2
7.460E-2 8.023E-2
7.470E-2 7.999E-2
7.480E-2 8.046E-2
7.490E-2 8.021E-2
7.500E-2 8.068E-2
7.510E-2 8.042E-2
7.520E-2 8.089E-2
7.530E-2 8.063E-2
7.540E-2 8.112E-2
7.550E-2 8.086E-2
7.560E-2 8.135E-2
7.570E-2 8.108E-2
7.580E-2 8.156E-2
7.590E-2 8.130E-2
7.600E-2 8.179E-2
7.610E-2 8.152E-2
7.620E-2 8.201E-2
7.630E-2 8.174E-2
7.640E-2 8.224E-2
7.650E-2 8.196E-2
7.660E-2 8.246E-2
7.670E-2 8.217E-2
7.680E-2 8.165E-2
7.690E-2 8.141E-2
7.700E-2 8.187E-2
7.710E-2 8.164E-2
7.720E-2 8.210E-2
7.730E-2 8.186E-2
7.740E-2 8.232E-2
7.750E-2 8.207E-2
7.760E-2 8.254E-2
7.770E-2 8.229E-2
7.780E-2 8.276E-2
7.790E-2 8.251E-2
7.800E-2 8.299E-2
7.810E-2 8.273E-2
7.820E-2 8.320E-2
7.830E-2 8.294E-2
7.840E-2 8.341E-2
7.850E-2 8.315E-2
7.860E-2 8.363E-2
7.870E-2 8.336E-2
7.880E-2 8.386E-2
7.890E-2 8.360E-2
7.900E-2 8.408E-2
7.910E-2 8.380E-2
7.920E-2 8.430E-2
7.930E-2 8.402E-2
7.940E-2 8.452E-2
7.950E-2 8.423E-2
7.960E-2 8.474E-2
7.970E-2 8.445E-2
7.980E-2 8.495E-2
7.990E-2 8.466E-2
8.000E-2 8.514E-2
8.010E-2 8.484E-2
8.020E-2 8.536E-2
8.030E-2 8.506E-2
8.040E-2 8.559E-2
8.050E-2 8.529E-2
8.060E-2 8.580E-2
8.070E-2 8.550E-2
8.080E-2 8.603E-2
8.090E-2 8.571E-2
8.100E-2 8.624E-2
8.110E-2 8.593E-2
8.120E-2 8.647E-2
8.130E-2 8.615E-2
8.140E-2 8.668E-2
8.150E-2 8.636E-2
8.160E-2 8.690E-2
8.170E-2 8.657E-2
8.180E-2 8.712E-2
8.190E-2 8.678E-2
8.200E-2 8.735E-2
8.210E-2 8.701E-2
8.220E-2 8.756E-2
8.230E-2 8.722E-2
8.240E-2 8.779E-2
8.250E-2 8.744E-2
8.260E-2 8.801E-2
8.270E-2 8.765E-2
8.280E-2 8.823E-2
8.290E-2 8.787E-2
8.300E-2 8.844E-2
8.310E-2 8.807E-2
8.320E-2 8.858E-2
8.330E-2 8.821E-2
8.340E-2 8.880E-2
8.350E-2 8.843E-2
8.360E-2 8.903E-2
8.370E-2 8.865E-2
8.380E-2 8.924E-2
8.390E-2 8.886E-2
8.400E-2 8.947E-2
8.410E-2 8.908E-2
8.420E-2 8.969E-2
8.430E-2 8.929E-2
8.440E-2 8.991E-2
8.450E-2 8.952E-2
8.460E-2 9.012E-2
8.470E-2 8.972E-2
8.480E-2 9.034E-2
8.490E-2 8.993E-2
8.500E-2 9.056E-2
8.510E-2 9.015E-2
8.520E-2 9.078E-2
8.530E-2 9.037E-2
8.540E-2 9.100E-2
8.550E-2 9.058E-2
8.560E-2 9.123E-2
8.570E-2 9.080E-2
8.580E-2 9.144E-2
8.590E-2 9.102E-2
8.600E-2 9.167E-2
8.610E-2 9.123E-2
8.620E-2 9.188E-2
8.630E-2 9.144E-2
8.640E-2 9.207E-2
8.650E-2 9.163E-2
8.660E-2 9.229E-2
8.670E-2 9.184E-2
8.680E-2 9.252E-2
8.690E-2 9.207E-2
8.700E-2 9.273E-2
8.710E-2 9.227E-2
8.720E-2 9.296E-2
8.730E-2 9.250E-2
8.740E-2 9.318E-2
8.750E-2 9.271E-2
8.760E-2 9.340E-2
8.770E-2 9.293E-2
8.780E-2 9.361E-2
8.790E-2 9.314E-2
8.800E-2 9.383E-2
8.810E-2 9.336E-2
8.820E-2 9.405E-2
8.830E-2 9.357E-2
8.840E-2 9.428E-2
8.850E-2 9.379E-2
8.860E-2 9.449E-2
8.870E-2 9.400E-2
8.880E-2 9.472E-2
8.890E-2 9.422E-2
8.900E-2 9.493E-2
8.910E-2 9.443E-2
8.920E-2 9.516E-2
8.930E-2 9.466E-2
8.940E-2 9.537E-2
8.950E-2 9.486E-2
8.960E-2 9.543E-2
8.970E-2 9.491E-2
8.980E-2 9.564E-2
8.990E-2 9.512E-2
9.000E-2 9.587E-2
9.010E-2 9.534E-2
9.020E-2 9.608E-2
9.030E-2 9.555E-2
9.040E-2 9.631E-2
9.050E-2 9.577E-2
9.060E-2 9.653E-2
9.070E-2 9.598E-2
9.080E-2 9.675E-2
9.090E-2 9.621E-2
9.100E-2 9.697E-2
9.110E-2 9.641E-2
9.120E-2 9.719E-2
9.130E-2 9.663E-2
9.140E-2 9.740E-2
9.150E-2 9.684E-2
9.160E-2 9.763E-2
9.170E-2 9.707E-2
9.180E-2 9.784E-2
9.190E-2 9.727E-2
9.200E-2 9.807E-2
9.210E-2 9.750E-2
9.220E-2 9.828E-2
9.230E-2 9.771E-2
9.240E-2 9.851E-2
9.250E-2 9.793E-2
9.260E-2 9.872E-2
9.270E-2 9.814E-2
9.280E-2 9.892E-2
9.290E-2 9.833E-2
9.300E-2 9.913E-2
9.310E-2 9.854E-2
9.320E-2 9.936E-2
9.330E-2 9.877E-2
9.340E-2 9.957E-2
9.350E-2 9.897E-2
9.360E-2 9.981E-2
9.370E-2 9.920E-2
9.380E-2 1.000E-1
9.390E-2 9.941E-2
9.400E-2 1.002E-1
9.410E-2 9.963E-2
9.420E-2 1.005E-1
9.430E-2 9.984E-2
9.440E-2 1.007E-1
9.450E-2 1.001E-1
9.460E-2 1.009E-1
9.470E-2 1.003E-1
9.480E-2 1.011E-1
9.490E-2 1.005E-1
9.500E-2 1.013E-1
9.510E-2 1.007E-1
9.520E-2 1.016E-1
9.530E-2 1.009E-1
9.540E-2 1.018E-1
9.550E-2 1.011E-1
9.560E-2 1.020E-1
9.570E-2 1.014E-1
9.580E-2 1.022E-1
9.590E-2 1.016E-1
9.600E-2 1.024E-1
9.610E-2 1.017E-1
9.620E-2 1.026E-1
9.630E-2 1.019E-1
9.640E-2 1.028E-1
9.650E-2 1.021E-1
9.660E-2 1.030E-1
9.670E-2 1.023E-1
9.680E-2 1.033E-1
9.690E-2 1.026E-1
9.700E-2 1.035E-1
9.710E-2 1.028E-1
9.720E-2 1.037E-1
9.730E-2 1.030E-1
9.740E-2 1.039E-1
9.750E-2 1.032E-1
9.760E-2 1.041E-1
9.770E-2 1.034E-1
9.780E-2 1.043E-1
9.790E-2 1.036E-1
9.800E-2 1.046E-1
9.810E-2 1.039E-1
9.820E-2 1.048E-1
9.830E-2 1.041E-1
9.840E-2 1.050E-1
9.850E-2 1.043E-1
9.860E-2 1.052E-1
9.870E-2 1.045E-1
9.880E-2 1.055E-1
9.890E-2 1.047E-1
9.900E-2 1.057E-1
9.910E-2 1.049E-1
9.920E-2 1.059E-1
9.930E-2 1.051E-1
9.940E-2 1.061E-1
9.950E-2 1.053E-1
9.960E-2 1.063E-1
9.970E-2 1.056E-1
9.980E-2 1.065E-1
9.990E-2 1.058E-1
1.000E-1 1.068E-1
1.001E-1 1.060E-1
1.002E-1 1.070E-1
1.003E-1 1.062E-1
1.004E-1 1.072E-1
1.005E-1 1.064E-1
1.006E-1 1.074E-1
1.007E-1 1.066E-1
1.008E-1 1.076E-1
1.009E-1 1.069E-1
1.010E-1 1.079E-1
1.011E-1 1.071E-1
1.012E-1 1.081E-1
1.013E-1 1.073E-1
1.014E-1 1.083E-1
1.015E-1 1.075E-1
1.016E-1 1.085E-1
1.017E-1 1.077E-1
1.018E-1 1.087E-1
1.019E-1 1.080E-1
1.020E-1 1.090E-1
1.021E-1 1.082E-1
1.022E-1 1.092E-1
1.023E-1 1.084E-1
1.024E-1 1.077E-1
1.025E-1 1.069E-1
1.026E-1 1.079E-1
1.027E-1 1.071E-1
1.028E-1 1.081E-1
1.029E-1 1.074E-1
1.030E-1 1.083E-1
1.031E-1 1.076E-1
1.032E-1 1.086E-1
1.033E-1 1.078E-1
1.034E-1 1.088E-1
1.035E-1 1.080E-1
1.036E-1 1.090E-1
1.037E-1 1.082E-1
1.038E-1 1.092E-1
1.039E-1 1.085E-1
1.040E-1 1.095E-1
1.041E-1 1.087E-1
1.042E-1 1.097E-1
1.043E-1 1.089E-1
1.044E-1 1.099E-1
1.045E-1 1.091E-1
1.046E-1 1.101E-1
1.047E-1 1.093E-1
1.048E-1 1.104E-1
1.049E-1 1.095E-1
1.050E-1 1.106E-1
1.051E-1 1.098E-1
1.052E-1 1.108E-1
1.053E-1 1.100E-1
1.054E-1 1.110E-1
1.055E-1 1.102E-1
1.056E-1 1.112E-1
1.057E-1 1.104E-1
1.058E-1 1.114E-1
1.059E-1 1.106E-1
1.060E-1 1.117E-1
1.061E-1 1.108E-1
1.062E-1 1.119E-1
1.063E-1 1.110E-1
1.064E-1 1.121E-1
1.065E-1 1.113E-1
1.066E-1 1.123E-1
1.067E-1 1.115E-1
1.068E-1 1.126E-1
1.069E-1 1.117E-1
1.070E-1 1.128E-1
1.071E-1 1.119E-1
1.072E-1 1.130E-1
1.073E-1 1.120E-1
1.074E-1 1.132E-1
1.075E-1 1.124E-1
1.076E-1 1.135E-1
1.077E-1 1.126E-1
1.078E-1 1.137E-1
1.079E-1 1.128E-1
1.080E-1 1.139E-1
1.081E-1 1.130E-1
1.082E-1 1.141E-1
1.083E-1 1.132E-1
1.084E-1 1.144E-1
1.085E-1 1.135E-1
1.086E-1 1.146E-1
1.087E-1 1.137E-1
1.088E-1 1.147E-1
1.089E-1 1.138E-1
1.090E-1 1.149E-1
1.091E-1 1.140E-1
1.092E-1 1.152E-1
1.093E-1 1.143E-1
1.094E-1 1.154E-1
1.095E-1 1.145E-1
1.096E-1 1.156E-1
1.097E-1 1.147E-1
1.098E-1 1.158E-1
1.099E-1 1.149E-1
1.100E-1 1.161E-1
1.101E-1 1.151E-1
1.102E-1 1.163E-1
1.103E-1 1.153E-1
1.104E-1 1.164E-1
1.105E-1 1.156E-1
1.106E-1 1.167E-1
1.107E-1 1.158E-1
1.108E-1 1.170E-1
1.109E-1 1.160E-1
1.110E-1 1.172E-1
1.111E-1 1.162E-1
1.112E-1 1.174E-1
1.113E-1 1.165E-1
1.114E-1 1.176E-1
1.115E-1 1.167E-1
1.116E-1 1.178E-1
1.117E-1 1.169E-1
1.118E-1 1.181E-1
1.119E-1 1.171E-1
1.120E-1 1.183E-1
1.121E-1 1.173E-1
1.122E-1 1.185E-1
1.123E-1 1.175E-1
1.124E-1 1.187E-1
1.125E-1 1.177E-1
1.126E-1 1.189E-1
1.127E-1 1.179E-1
1.128E-1 1.192E-1
1.129E-1 1.182E-1
1.130E-1 1.194E-1
1.131E-1 1.184E-1
1.132E-1 1.196E-1
1.133E-1 1.186E-1
1.134E-1 1.198E-1
1.135E-1 1.188E-1
1.136E-1 1.199E-1
1.137E-1 1.189E-1
1.138E-1 1.201E-1
1.139E-1 1.191E-1
1.140E-1 1.204E-1
1.141E-1 1.193E-1
1.142E-1 1.206E-1
1.143E-1 1.196E-1
1.144E-1 1.208E-1
1.145E-1 1.198E-1
1.146E-1 1.211E-1
1.147E-1 1.200E-1
1.148E-1 1.213E-1
1.149E-1 1.203E-1
1.150E-1 1.215E-1
1.151E-1 1.205E-1
1.152E-1 1.216E-1
1.153E-1 1.205E-1
1.154E-1 1.218E-1
1.155E-1 1.207E-1
1.156E-1 1.220E-1
1.157E-1 1.209E-1
1.158E-1 1.222E-1
1.159E-1 1.212E-1
1.160E-1 1.225E-1
1.161E-1 1.214E-1
1.162E-1 1.227E-1
1.163E-1 1.216E-1
1.164E-1 1.229E-1
1.165E-1 1.218E-1
1.166E-1 1.231E-1
1.167E-1 1.220E-1
1.168E-1 1.234E-1
1.169E-1 1.222E-1
1.170E-1 1.236E-1
1.171E-1 1.225E-1
1.172E-1 1.238E-1
1.173E-1 1.227E-1
1.174E-1 1.240E-1
1.175E-1 1.229E-1
1.176E-1 1.242E-1
1.177E-1 1.232E-1
1.178E-1 1.244E-1
1.179E-1 1.233E-1
1.180E-1 1.247E-1
1.181E-1 1.236E-1
1.182E-1 1.249E-1
1.183E-1 1.238E-1
1.184E-1 1.251E-1
1.185E-1 1.240E-1
1.186E-1 1.253E-1
1.187E-1 1.242E-1
1.188E-1 1.255E-1
1.189E-1 1.244E-1
1.190E-1 1.257E-1
1.191E-1 1.246E-1
1.192E-1 1.260E-1
1.193E-1 1.249E-1
1.194E-1 1.262E-1
1.195E-1 1.250E-1
1.196E-1 1.265E-1
1.197E-1 1.253E-1
1.198E-1 1.266E-1
1.199E-1 1.255E-1
1.200E-1 1.269E-1
1.201E-1 1.257E-1
1.202E-1 1.271E-1
1.203E-1 1.260E-1
1.204E-1 1.273E-1
1.205E-1 1.262E-1
1.206E-1 1.275E-1
1.207E-1 1.263E-1
1.208E-1 1.278E-1
1.209E-1 1.267E-1
1.210E-1 1.280E-1
1.211E-1 1.268E-1
1.212E-1 1.282E-1
1.213E-1 1.270E-1
1.214E-1 1.284E-1
1.215E-1 1.273E-1
1.216E-1 1.286E-1
1.217E-1 1.275E-1
1.218E-1 1.288E-1
1.219E-1 1.276E-1
1.220E-1 1.290E-1
1.221E-1 1.279E-1
1.222E-1 1.292E-1
1.223E-1 1.280E-1
1.224E-1 1.295E-1
1.225E-1 1.283E-1
1.226E-1 1.297E-1
1.227E-1 1.285E-1
1.228E-1 1.299E-1
1.229E-1 1.287E-1
1.230E-1 1.302E-1
1.231E-1 1.289E-1
1.232E-1 1.304E-1
1.233E-1 1.292E-1
1.234E-1 1.306E-1
1.235E-1 1.294E-1
1.236E-1 1.309E-1
1.237E-1 1.296E-1
1.238E-1 1.310E-1
1.239E-1 1.298E-1
1.240E-1 1.313E-1
1.241E-1 1.300E-1
1.242E-1 1.315E-1
1.243E-1 1.302E-1
1.244E-1 1.317E-1
1.245E-1 1.305E-1
1.246E-1 1.320E-1
1.247E-1 1.307E-1
1.248E-1 1.322E-1
1.249E-1 1.309E-1
1.250E-1 1.324E-1
1.251E-1 1.311E-1
1.252E-1 1.326E-1
1.253E-1 1.313E-1
1.254E-1 1.328E-1
1.255E-1 1.315E-1
1.256E-1 1.331E-1
1.257E-1 1.318E-1
1.258E-1 1.333E-1
1.259E-1 1.320E-1
1.260E-1 1.335E-1
1.261E-1 1.322E-1
1.262E-1 1.337E-1
1.263E-1 1.324E-1
1.264E-1 1.340E-1
1.265E-1 1.327E-1
1.266E-1 1.342E-1
1.267E-1 1.329E-1
1.268E-1 1.344E-1
1.269E-1 1.331E-1
1.270E-1 1.346E-1
1.271E-1 1.333E-1
1.272E-1 1.349E-1
1.273E-1 1.336E-1
1.274E-1 1.351E-1
1.275E-1 1.338E-1
1.276E-1 1.353E-1
1.277E-1 1.340E-1
1.278E-1 1.355E-1
1.279E-1 1.342E-1
1.280E-1 1.349E-1
1.281E-1 1.336E-1
1.282E-1 1.350E-1
1.283E-1 1.338E-1
1.284E-1 1.353E-1
1.285E-1 1.340E-1
1.286E-1 1.355E-1
1.287E-1 1.342E-1
1.288E-1 1.357E-1
1.289E-1 1.344E-1
1.290E-1 1.359E-1
1.291E-1 1.346E-1
1.292E-1 1.362E-1
1.293E-1 1.348E-1
1.294E-1 1.364E-1
1.295E-1 1.351E-1
1.296E-1 1.366E-1
1.297E-1 1.353E-1
1.298E-1 1.368E-1
1.299E-1 1.355E-1
1.300E-1 1.370E-1
1.301E-1 1.357E-1
1.302E-1 1.373E-1
1.303E-1 1.359E-1
1.304E-1 1.375E-1
1.305E-1 1.362E-1
1.306E-1 1.377E-1
1.307E-1 1.363E-1
1.308E-1 1.379E-1
1.309E-1 1.366E-1
1.310E-1 1.381E-1
1.311E-1 1.367E-1
1.312E-1 1.383E-1
1.313E-1 1.370E-1
1.314E-1 1.386E-1
1.315E-1 1.372E-1
1.316E-1 1.387E-1
1.317E-1 1.374E-1
1.318E-1 1.390E-1
1.319E-1 1.376E-1
1.320E-1 1.392E-1
1.321E-1 1.378E-1
1.322E-1 1.394E-1
1.323E-1 1.381E-1
1.324E-1 1.396E-1
1.325E-1 1.383E-1
1.326E-1 1.399E-1
1.327E-1 1.385E-1
1.328E-1 1.401E-1
1.329E-1 1.387E-1
1.330E-1 1.403E-1
1.331E-1 1.389E-1
1.332E-1 1.405E-1
1.333E-1 1.392E-1
1.334E-1 1.407E-1
1.335E-1 1.393E-1
1.336E-1 1.410E-1
1.337E-1 1.396E-1
1.338E-1 1.412E-1
1.339E-1 1.398E-1
1.340E-1 1.414E-1
1.341E-1 1.400E-1
1.342E-1 1.416E-1
1.343E-1 1.402E-1
1.344E-1 1.418E-1
1.345E-1 1.404E-1
1.346E-1 1.420E-1
1.347E-1 1.406E-1
1.348E-1 1.422E-1
1.349E-1 1.408E-1
1.350E-1 1.424E-1
1.351E-1 1.410E-1
1.352E-1 1.427E-1
1.353E-1 1.412E-1
1.354E-1 1.429E-1
1.355E-1 1.414E-1
1.356E-1 1.431E-1
1.357E-1 1.417E-1
1.358E-1 1.433E-1
1.359E-1 1.418E-1
1.360E-1 1.436E-1
1.361E-1 1.421E-1
1.362E-1 1.437E-1
1.363E-1 1.423E-1
1.364E-1 1.440E-1
1.365E-1 1.425E-1
1.366E-1 1.441E-1
1.367E-1 1.427E-1
1.368E-1 1.444E-1
1.369E-1 1.430E-1
1.370E-1 1.446E-1
1.371E-1 1.431E-1
1.372E-1 1.448E-1
1.373E-1 1.433E-1
1.374E-1 1.451E-1
1.375E-1 1.436E-1
1.376E-1 1.453E-1
1.377E-1 1.438E-1
1.378E-1 1.454E-1
1.379E-1 1.440E-1
1.380E-1 1.457E-1
1.381E-1 1.442E-1
1.382E-1 1.459E-1
1.383E-1 1.444E-1
1.384E-1 1.462E-1
1.385E-1 1.446E-1
1.386E-1 1.464E-1
1.387E-1 1.449E-1
1.388E-1 1.466E-1
1.389E-1 1.451E-1
1.390E-1 1.468E-1
1.391E-1 1.453E-1
1.392E-1 1.470E-1
1.393E-1 1.456E-1
1.394E-1 1.473E-1
1.395E-1 1.457E-1
1.396E-1 1.475E-1
1.397E-1 1.459E-1
1.398E-1 1.477E-1
1.399E-1 1.462E-1
1.400E-1 1.479E-1
1.401E-1 1.464E-1
1.402E-1 1.481E-1
1.403E-1 1.466E-1
1.404E-1 1.484E-1
1.405E-1 1.469E-1
1.406E-1 1.486E-1
1.407E-1 1.470E-1
1.408E-1 1.487E-1
1.409E-1 1.471E-1
1.410E-1 1.489E-1
1.411E-1 1.473E-1
1.412E-1 1.491E-1
1.413E-1 1.475E-1
1.414E-1 1.493E-1
1.415E-1 1.477E-1
1.416E-1 1.495E-1
1.417E-1 1.479E-1
1.418E-1 1.497E-1
1.419E-1 1.481E-1
1.420E-1 1.500E-1
1.421E-1 1.484E-1
1.422E-1 1.501E-1
1.423E-1 1.486E-1
1.424E-1 1.504E-1
1.425E-1 1.488E-1
1.426E-1 1.506E-1
1.427E-1 1.490E-1
1.428E-1 1.508E-1
1.429E-1 1.492E-1
1.430E-1 1.510E-1
1.431E-1 1.494E-1
1.432E-1 1.513E-1
1.433E-1 1.497E-1
1.434E-1 1.515E-1
1.435E-1 1.499E-1
1.436E-1 1.517E-1
1.437E-1 1.501E-1
1.438E-1 1.519E-1
1.439E-1 1.503E-1
1.440E-1 1.522E-1
1.441E-1 1.505E-1
1.442E-1 1.523E-1
1.443E-1 1.507E-1
1.444E-1 1.526E-1
1.445E-1 1.509E-1
1.446E-1 1.528E-1
1.447E-1 1.511E-1
1.448E-1 1.530E-1
1.449E-1 1.514E-1
1.450E-1 1.532E-1
1.451E-1 1.515E-1
1.452E-1 1.535E-1
1.453E-1 1.518E-1
1.454E-1 1.537E-1
1.455E-1 1.520E-1
1.456E-1 1.539E-1
1.457E-1 1.522E-1
1.458E-1 1.541E-1
1.459E-1 1.524E-1
1.460E-1 1.544E-1
1.461E-1 1.527E-1
1.462E-1 1.546E-1
1.463E-1 1.529E-1
1.464E-1 1.548E-1
1.465E-1 1.531E-1
1.466E-1 1.550E-1
1.467E-1 1.533E-1
1.468E-1 1.553E-1
1.469E-1 1.535E-1
1.470E-1 1.555E-1
1.471E-1 1.537E-1
1.472E-1 1.556E-1
1.473E-1 1.540E-1
1.474E-1 1.558E-1
1.475E-1 1.541E-1
1.476E-1 1.561E-1
1.477E-1 1.543E-1
1.478E-1 1.563E-1
1.479E-1 1.545E-1
1.480E-1 1.565E-1
1.481E-1 1.548E-1
1.482E-1 1.566E-1
1.483E-1 1.550E-1
1.484E-1 1.569E-1
1.485E-1 1.552E-1
1.486E-1 1.571E-1
1.487E-1 1.554E-1
1.488E-1 1.574E-1
1.489E-1 1.556E-1
1.490E-1 1.576E-1
1.491E-1 1.558E-1
1.492E-1 1.578E-1
1.493E-1 1.560E-1
1.494E-1 1.580E-1
1.495E-1 1.563E-1
1.496E-1 1.583E-1
1.497E-1 1.565E-1
1.498E-1 1.584E-1
1.499E-1 1.567E-1
1.500E-1 1.587E-1
1.501E-1 1.569E-1
1.502E-1 1.589E-1
1.503E-1 1.572E-1
1.504E-1 1.592E-1
1.505E-1 1.574E-1
1.506E-1 1.593E-1
1.507E-1 1.575E-1
1.508E-1 1.596E-1
1.509E-1 1.578E-1
1.510E-1 1.598E-1
1.511E-1 1.580E-1
1.512E-1 1.600E-1
1.513E-1 1.582E-1
1.514E-1 1.602E-1
1.515E-1 1.584E-1
1.516E-1 1.605E-1
1.517E-1 1.586E-1
1.518E-1 1.607E-1
1.519E-1 1.588E-1
1.520E-1 1.609E-1
1.521E-1 1.591E-1
1.522E-1 1.611E-1
1.523E-1 1.593E-1
1.524E-1 1.613E-1
1.525E-1 1.595E-1
1.526E-1 1.615E-1
1.527E-1 1.597E-1
1.528E-1 1.618E-1
1.529E-1 1.600E-1
1.530E-1 1.620E-1
1.531E-1 1.602E-1
1.532E-1 1.623E-1
1.533E-1 1.604E-1
1.534E-1 1.625E-1
1.535E-1 1.606E-1
1.536E-1 1.617E-1
1.537E-1 1.599E-1
1.538E-1 1.618E-1
1.539E-1 1.601E-1
1.540E-1 1.621E-1
1.541E-1 1.603E-1
1.542E-1 1.623E-1
1.543E-1 1.604E-1
1.544E-1 1.625E-1
1.545E-1 1.607E-1
1.546E-1 1.627E-1
1.547E-1 1.609E-1
1.548E-1 1.629E-1
1.549E-1 1.611E-1
1.550E-1 1.631E-1
