1.550E-1 1.631E-1
1.551E-1 1.612E-1
1.552E-1 1.633E-1
1.553E-1 1.615E-1
1.554E-1 1.635E-1
1.555E-1 1.617E-1
1.556E-1 1.637E-1
1.557E-1 1.619E-1
1.558E-1 1.640E-1
1.559E-1 1.621E-1
1.560E-1 1.642E-1
1.561E-1 1.624E-1
1.562E-1 1.644E-1
1.563E-1 1.625E-1
1.564E-1 1.647E-1
1.565E-1 1.628E-1
1.566E-1 1.648E-1
1.567E-1 1.630E-1
1.568E-1 1.651E-1
1.569E-1 1.632E-1
1.570E-1 1.653E-1
1.571E-1 1.634E-1
1.572E-1 1.655E-1
1.573E-1 1.635E-1
1.574E-1 1.656E-1
1.575E-1 1.637E-1
1.576E-1 1.659E-1
1.577E-1 1.639E-1
1.578E-1 1.661E-1
1.579E-1 1.641E-1
1.580E-1 1.663E-1
1.581E-1 1.643E-1
1.582E-1 1.665E-1
1.583E-1 1.646E-1
1.584E-1 1.668E-1
1.585E-1 1.648E-1
1.586E-1 1.670E-1
1.587E-1 1.650E-1
1.588E-1 1.672E-1
1.589E-1 1.652E-1
1.590E-1 1.674E-1
1.591E-1 1.654E-1
1.592E-1 1.677E-1
1.593E-1 1.657E-1
1.594E-1 1.679E-1
1.595E-1 1.659E-1
1.596E-1 1.681E-1
1.597E-1 1.661E-1
1.598E-1 1.683E-1
1.599E-1 1.663E-1
1.600E-1 1.685E-1
1.601E-1 1.665E-1
1.602E-1 1.687E-1
1.603E-1 1.667E-1
1.604E-1 1.689E-1
1.605E-1 1.669E-1
1.606E-1 1.691E-1
1.607E-1 1.671E-1
1.608E-1 1.694E-1
1.609E-1 1.674E-1
1.610E-1 1.695E-1
1.611E-1 1.675E-1
1.612E-1 1.698E-1
1.613E-1 1.677E-1
1.614E-1 1.700E-1
1.615E-1 1.680E-1
1.616E-1 1.703E-1
1.617E-1 1.682E-1
1.618E-1 1.704E-1
1.619E-1 1.684E-1
1.620E-1 1.706E-1
1.621E-1 1.686E-1
1.622E-1 1.709E-1
1.623E-1 1.688E-1
1.624E-1 1.711E-1
1.625E-1 1.691E-1
1.626E-1 1.713E-1
1.627E-1 1.693E-1
1.628E-1 1.716E-1
1.629E-1 1.695E-1
1.630E-1 1.718E-1
1.631E-1 1.697E-1
1.632E-1 1.720E-1
1.633E-1 1.700E-1
1.634E-1 1.722E-1
1.635E-1 1.701E-1
1.636E-1 1.724E-1
1.637E-1 1.703E-1
1.638E-1 1.726E-1
1.639E-1 1.706E-1
1.640E-1 1.729E-1
1.641E-1 1.708E-1
1.642E-1 1.731E-1
1.643E-1 1.710E-1
1.644E-1 1.733E-1
1.645E-1 1.712E-1
1.646E-1 1.735E-1
1.647E-1 1.714E-1
1.648E-1 1.738E-1
1.649E-1 1.717E-1
1.650E-1 1.740E-1
1.651E-1 1.718E-1
1.652E-1 1.742E-1
1.653E-1 1.721E-1
1.654E-1 1.744E-1
1.655E-1 1.723E-1
1.656E-1 1.747E-1
1.657E-1 1.726E-1
1.658E-1 1.749E-1
1.659E-1 1.727E-1
1.660E-1 1.751E-1
1.661E-1 1.730E-1
1.662E-1 1.753E-1
1.663E-1 1.732E-1
1.664E-1 1.755E-1
1.665E-1 1.733E-1
1.666E-1 1.756E-1
1.667E-1 1.735E-1
1.668E-1 1.758E-1
1.669E-1 1.737E-1
1.670E-1 1.761E-1
1.671E-1 1.738E-1
1.672E-1 1.763E-1
1.673E-1 1.742E-1
1.674E-1 1.765E-1
1.675E-1 1.743E-1
1.676E-1 1.767E-1
1.677E-1 1.745E-1
1.678E-1 1.769E-1
1.679E-1 1.747E-1
1.680E-1 1.771E-1
1.681E-1 1.750E-1
1.682E-1 1.773E-1
1.683E-1 1.752E-1
1.684E-1 1.776E-1
1.685E-1 1.754E-1
1.686E-1 1.778E-1
1.687E-1 1.756E-1
1.688E-1 1.780E-1
1.689E-1 1.759E-1
1.690E-1 1.782E-1
1.691E-1 1.760E-1
1.692E-1 1.785E-1
1.693E-1 1.763E-1
1.694E-1 1.787E-1
1.695E-1 1.765E-1
1.696E-1 1.789E-1
1.697E-1 1.767E-1
1.698E-1 1.791E-1
1.699E-1 1.768E-1
1.700E-1 1.793E-1
1.701E-1 1.771E-1
1.702E-1 1.795E-1
1.703E-1 1.773E-1
1.704E-1 1.798E-1
1.705E-1 1.775E-1
1.706E-1 1.800E-1
1.707E-1 1.778E-1
1.708E-1 1.802E-1
1.709E-1 1.780E-1
1.710E-1 1.804E-1
1.711E-1 1.781E-1
1.712E-1 1.807E-1
1.713E-1 1.784E-1
1.714E-1 1.809E-1
1.715E-1 1.786E-1
1.716E-1 1.811E-1
1.717E-1 1.789E-1
1.718E-1 1.813E-1
1.719E-1 1.790E-1
1.720E-1 1.816E-1
1.721E-1 1.793E-1
1.722E-1 1.818E-1
1.723E-1 1.795E-1
1.724E-1 1.820E-1
1.725E-1 1.797E-1
1.726E-1 1.822E-1
1.727E-1 1.800E-1
1.728E-1 1.824E-1
1.729E-1 1.802E-1
1.730E-1 1.826E-1
1.731E-1 1.803E-1
1.732E-1 1.828E-1
1.733E-1 1.806E-1
1.734E-1 1.830E-1
1.735E-1 1.807E-1
1.736E-1 1.833E-1
1.737E-1 1.810E-1
1.738E-1 1.835E-1
1.739E-1 1.812E-1
1.740E-1 1.837E-1
1.741E-1 1.814E-1
1.742E-1 1.839E-1
1.743E-1 1.816E-1
1.744E-1 1.842E-1
1.745E-1 1.819E-1
1.746E-1 1.843E-1
1.747E-1 1.820E-1
1.748E-1 1.846E-1
1.749E-1 1.822E-1
1.750E-1 1.848E-1
1.751E-1 1.825E-1
1.752E-1 1.851E-1
1.753E-1 1.827E-1
1.754E-1 1.852E-1
1.755E-1 1.829E-1
1.756E-1 1.855E-1
1.757E-1 1.832E-1
1.758E-1 1.857E-1
1.759E-1 1.834E-1
1.760E-1 1.860E-1
1.761E-1 1.836E-1
1.762E-1 1.861E-1
1.763E-1 1.838E-1
1.764E-1 1.864E-1
1.765E-1 1.840E-1
1.766E-1 1.866E-1
1.767E-1 1.842E-1
1.768E-1 1.868E-1
1.769E-1 1.845E-1
1.770E-1 1.870E-1
1.771E-1 1.846E-1
1.772E-1 1.873E-1
1.773E-1 1.849E-1
1.774E-1 1.875E-1
1.775E-1 1.851E-1
1.776E-1 1.877E-1
1.777E-1 1.854E-1
1.778E-1 1.879E-1
1.779E-1 1.855E-1
1.780E-1 1.882E-1
1.781E-1 1.858E-1
1.782E-1 1.883E-1
1.783E-1 1.860E-1
1.784E-1 1.886E-1
1.785E-1 1.863E-1
1.786E-1 1.888E-1
1.787E-1 1.864E-1
1.788E-1 1.891E-1
1.789E-1 1.867E-1
1.790E-1 1.893E-1
1.791E-1 1.869E-1
1.792E-1 1.885E-1
1.793E-1 1.861E-1
1.794E-1 1.886E-1
1.795E-1 1.863E-1
1.796E-1 1.889E-1
1.797E-1 1.865E-1
1.798E-1 1.890E-1
1.799E-1 1.867E-1
1.800E-1 1.893E-1
1.801E-1 1.869E-1
1.802E-1 1.895E-1
1.803E-1 1.871E-1
1.804E-1 1.897E-1
1.805E-1 1.873E-1
1.806E-1 1.899E-1
1.807E-1 1.875E-1
1.808E-1 1.902E-1
1.809E-1 1.878E-1
1.810E-1 1.903E-1
1.811E-1 1.880E-1
1.812E-1 1.906E-1
1.813E-1 1.882E-1
1.814E-1 1.908E-1
1.815E-1 1.884E-1
1.816E-1 1.911E-1
1.817E-1 1.887E-1
1.818E-1 1.912E-1
1.819E-1 1.888E-1
1.820E-1 1.915E-1
1.821E-1 1.890E-1
1.822E-1 1.916E-1
1.823E-1 1.893E-1
1.824E-1 1.920E-1
1.825E-1 1.895E-1
1.826E-1 1.921E-1
1.827E-1 1.896E-1
1.828E-1 1.923E-1
1.829E-1 1.899E-1
1.830E-1 1.925E-1
1.831E-1 1.900E-1
1.832E-1 1.928E-1
1.833E-1 1.903E-1
1.834E-1 1.929E-1
1.835E-1 1.905E-1
1.836E-1 1.932E-1
1.837E-1 1.907E-1
1.838E-1 1.934E-1
1.839E-1 1.909E-1
1.840E-1 1.936E-1
1.841E-1 1.912E-1
1.842E-1 1.938E-1
1.843E-1 1.913E-1
1.844E-1 1.940E-1
1.845E-1 1.916E-1
1.846E-1 1.942E-1
1.847E-1 1.917E-1
1.848E-1 1.945E-1
1.849E-1 1.921E-1
1.850E-1 1.947E-1
1.851E-1 1.922E-1
1.852E-1 1.949E-1
1.853E-1 1.924E-1
1.854E-1 1.952E-1
1.855E-1 1.926E-1
1.856E-1 1.954E-1
1.857E-1 1.929E-1
1.858E-1 1.955E-1
1.859E-1 1.930E-1
1.860E-1 1.958E-1
1.861E-1 1.932E-1
1.862E-1 1.959E-1
1.863E-1 1.935E-1
1.864E-1 1.962E-1
1.865E-1 1.937E-1
1.866E-1 1.963E-1
1.867E-1 1.938E-1
1.868E-1 1.966E-1
1.869E-1 1.941E-1
1.870E-1 1.968E-1
1.871E-1 1.942E-1
1.872E-1 1.971E-1
1.873E-1 1.946E-1
1.874E-1 1.972E-1
1.875E-1 1.947E-1
1.876E-1 1.975E-1
1.877E-1 1.949E-1
1.878E-1 1.976E-1
1.879E-1 1.951E-1
1.880E-1 1.979E-1
1.881E-1 1.954E-1
1.882E-1 1.981E-1
1.883E-1 1.956E-1
1.884E-1 1.983E-1
1.885E-1 1.958E-1
1.886E-1 1.986E-1
1.887E-1 1.960E-1
1.888E-1 1.989E-1
1.889E-1 1.962E-1
1.890E-1 1.990E-1
1.891E-1 1.964E-1
1.892E-1 1.992E-1
1.893E-1 1.966E-1
1.894E-1 1.994E-1
1.895E-1 1.968E-1
1.896E-1 1.997E-1
1.897E-1 1.971E-1
1.898E-1 1.998E-1
1.899E-1 1.973E-1
1.900E-1 2.001E-1
1.901E-1 1.975E-1
1.902E-1 2.003E-1
1.903E-1 1.977E-1
1.904E-1 2.006E-1
1.905E-1 1.980E-1
1.906E-1 2.007E-1
1.907E-1 1.981E-1
1.908E-1 2.010E-1
1.909E-1 1.984E-1
1.910E-1 2.012E-1
1.911E-1 1.985E-1
1.912E-1 2.015E-1
1.913E-1 1.988E-1
1.914E-1 2.016E-1
1.915E-1 1.990E-1
1.916E-1 2.019E-1
1.917E-1 1.992E-1
1.918E-1 2.021E-1
1.919E-1 1.995E-1
1.920E-1 2.023E-1
1.921E-1 1.996E-1
1.922E-1 2.024E-1
1.923E-1 1.997E-1
1.924E-1 2.026E-1
1.925E-1 2.000E-1
1.926E-1 2.028E-1
1.927E-1 2.001E-1
1.928E-1 2.030E-1
1.929E-1 2.004E-1
1.930E-1 2.032E-1
1.931E-1 2.006E-1
1.932E-1 2.035E-1
1.933E-1 2.008E-1
1.934E-1 2.036E-1
1.935E-1 2.010E-1
1.936E-1 2.039E-1
1.937E-1 2.013E-1
1.938E-1 2.041E-1
1.939E-1 2.014E-1
1.940E-1 2.043E-1
1.941E-1 2.016E-1
1.942E-1 2.045E-1
1.943E-1 2.018E-1
1.944E-1 2.048E-1
1.945E-1 2.021E-1
1.946E-1 2.050E-1
1.947E-1 2.022E-1
1.948E-1 2.052E-1
1.949E-1 2.025E-1
1.950E-1 2.054E-1
1.951E-1 2.027E-1
1.952E-1 2.057E-1
1.953E-1 2.030E-1
1.954E-1 2.058E-1
1.955E-1 2.031E-1
1.956E-1 2.061E-1
1.957E-1 2.033E-1
1.958E-1 2.062E-1
1.959E-1 2.035E-1
1.960E-1 2.065E-1
1.961E-1 2.038E-1
1.962E-1 2.067E-1
1.963E-1 2.039E-1
1.964E-1 2.069E-1
1.965E-1 2.042E-1
1.966E-1 2.071E-1
1.967E-1 2.044E-1
1.968E-1 2.075E-1
1.969E-1 2.047E-1
1.970E-1 2.076E-1
1.971E-1 2.048E-1
1.972E-1 2.078E-1
1.973E-1 2.050E-1
1.974E-1 2.080E-1
1.975E-1 2.052E-1
1.976E-1 2.083E-1
1.977E-1 2.055E-1
1.978E-1 2.085E-1
1.979E-1 2.056E-1
1.980E-1 2.087E-1
1.981E-1 2.059E-1
1.982E-1 2.089E-1
1.983E-1 2.061E-1
1.984E-1 2.091E-1
1.985E-1 2.063E-1
1.986E-1 2.093E-1
1.987E-1 2.065E-1
1.988E-1 2.095E-1
1.989E-1 2.067E-1
1.990E-1 2.097E-1
1.991E-1 2.069E-1
1.992E-1 2.100E-1
1.993E-1 2.072E-1
1.994E-1 2.101E-1
1.995E-1 2.073E-1
1.996E-1 2.104E-1
1.997E-1 2.076E-1
1.998E-1 2.106E-1
1.999E-1 2.077E-1
2.000E-1 2.109E-1
2.001E-1 2.080E-1
2.002E-1 2.110E-1
2.003E-1 2.082E-1
2.004E-1 2.113E-1
2.005E-1 2.084E-1
2.006E-1 2.114E-1
2.007E-1 2.086E-1
2.008E-1 2.117E-1
2.009E-1 2.089E-1
2.010E-1 2.119E-1
2.011E-1 2.090E-1
2.012E-1 2.122E-1
2.013E-1 2.093E-1
2.014E-1 2.124E-1
2.015E-1 2.095E-1
2.016E-1 2.127E-1
2.017E-1 2.098E-1
2.018E-1 2.128E-1
2.019E-1 2.099E-1
2.020E-1 2.130E-1
2.021E-1 2.102E-1
2.022E-1 2.132E-1
2.023E-1 2.103E-1
2.024E-1 2.135E-1
2.025E-1 2.106E-1
2.026E-1 2.136E-1
2.027E-1 2.107E-1
2.028E-1 2.139E-1
2.029E-1 2.110E-1
2.030E-1 2.141E-1
2.031E-1 2.112E-1
2.032E-1 2.144E-1
2.033E-1 2.115E-1
2.034E-1 2.145E-1
2.035E-1 2.117E-1
2.036E-1 2.148E-1
2.037E-1 2.119E-1
2.038E-1 2.150E-1
2.039E-1 2.121E-1
2.040E-1 2.153E-1
2.041E-1 2.124E-1
2.042E-1 2.154E-1
2.043E-1 2.125E-1
2.044E-1 2.157E-1
2.045E-1 2.127E-1
2.046E-1 2.159E-1
2.047E-1 2.130E-1
2.048E-1 2.129E-1
2.049E-1 2.101E-1
2.050E-1 2.131E-1
2.051E-1 2.102E-1
2.052E-1 2.133E-1
2.053E-1 2.104E-1
2.054E-1 2.135E-1
2.055E-1 2.106E-1
2.056E-1 2.137E-1
2.057E-1 2.108E-1
2.058E-1 2.139E-1
2.059E-1 2.110E-1
2.060E-1 2.141E-1
2.061E-1 2.112E-1
2.062E-1 2.143E-1
2.063E-1 2.114E-1
2.064E-1 2.146E-1
2.065E-1 2.117E-1
2.066E-1 2.148E-1
2.067E-1 2.119E-1
2.068E-1 2.150E-1
2.069E-1 2.121E-1
2.070E-1 2.152E-1
2.071E-1 2.123E-1
2.072E-1 2.155E-1
2.073E-1 2.125E-1
2.074E-1 2.157E-1
2.075E-1 2.127E-1
2.076E-1 2.159E-1
2.077E-1 2.130E-1
2.078E-1 2.161E-1
2.079E-1 2.132E-1
2.080E-1 2.164E-1
2.081E-1 2.134E-1
2.082E-1 2.166E-1
2.083E-1 2.136E-1
2.084E-1 2.168E-1
2.085E-1 2.138E-1
2.086E-1 2.169E-1
2.087E-1 2.140E-1
2.088E-1 2.172E-1
2.089E-1 2.143E-1
2.090E-1 2.174E-1
2.091E-1 2.144E-1
2.092E-1 2.176E-1
2.093E-1 2.147E-1
2.094E-1 2.179E-1
2.095E-1 2.149E-1
2.096E-1 2.181E-1
2.097E-1 2.151E-1
2.098E-1 2.183E-1
2.099E-1 2.153E-1
2.100E-1 2.185E-1
2.101E-1 2.155E-1
2.102E-1 2.187E-1
2.103E-1 2.157E-1
2.104E-1 2.190E-1
2.105E-1 2.160E-1
2.106E-1 2.192E-1
2.107E-1 2.162E-1
2.108E-1 2.195E-1
2.109E-1 2.164E-1
2.110E-1 2.196E-1
2.111E-1 2.166E-1
2.112E-1 2.199E-1
2.113E-1 2.168E-1
2.114E-1 2.200E-1
2.115E-1 2.170E-1
2.116E-1 2.202E-1
2.117E-1 2.172E-1
2.118E-1 2.204E-1
2.119E-1 2.174E-1
2.120E-1 2.207E-1
2.121E-1 2.177E-1
2.122E-1 2.208E-1
2.123E-1 2.178E-1
2.124E-1 2.211E-1
2.125E-1 2.180E-1
2.126E-1 2.213E-1
2.127E-1 2.182E-1
2.128E-1 2.216E-1
2.129E-1 2.186E-1
2.130E-1 2.218E-1
2.131E-1 2.187E-1
2.132E-1 2.220E-1
2.133E-1 2.189E-1
2.134E-1 2.222E-1
2.135E-1 2.191E-1
2.136E-1 2.225E-1
2.137E-1 2.194E-1
2.138E-1 2.226E-1
2.139E-1 2.195E-1
2.140E-1 2.229E-1
2.141E-1 2.198E-1
2.142E-1 2.231E-1
2.143E-1 2.200E-1
2.144E-1 2.234E-1
2.145E-1 2.203E-1
2.146E-1 2.235E-1
2.147E-1 2.204E-1
2.148E-1 2.238E-1
2.149E-1 2.207E-1
2.150E-1 2.239E-1
2.151E-1 2.208E-1
2.152E-1 2.242E-1
2.153E-1 2.211E-1
2.154E-1 2.244E-1
2.155E-1 2.213E-1
2.156E-1 2.247E-1
2.157E-1 2.215E-1
2.158E-1 2.249E-1
2.159E-1 2.218E-1
2.160E-1 2.252E-1
2.161E-1 2.220E-1
2.162E-1 2.253E-1
2.163E-1 2.221E-1
2.164E-1 2.256E-1
2.165E-1 2.224E-1
2.166E-1 2.257E-1
2.167E-1 2.226E-1
2.168E-1 2.261E-1
2.169E-1 2.229E-1
2.170E-1 2.262E-1
2.171E-1 2.231E-1
2.172E-1 2.265E-1
2.173E-1 2.233E-1
2.174E-1 2.267E-1
2.175E-1 2.235E-1
2.176E-1 2.268E-1
2.177E-1 2.237E-1
2.178E-1 2.270E-1
2.179E-1 2.238E-1
2.180E-1 2.272E-1
2.181E-1 2.240E-1
2.182E-1 2.274E-1
2.183E-1 2.242E-1
2.184E-1 2.277E-1
2.185E-1 2.245E-1
2.186E-1 2.278E-1
2.187E-1 2.246E-1
2.188E-1 2.280E-1
2.189E-1 2.249E-1
2.190E-1 2.282E-1
2.191E-1 2.251E-1
2.192E-1 2.286E-1
2.193E-1 2.253E-1
2.194E-1 2.287E-1
2.195E-1 2.254E-1
2.196E-1 2.290E-1
2.197E-1 2.257E-1
2.198E-1 2.291E-1
2.199E-1 2.259E-1
2.200E-1 2.294E-1
2.201E-1 2.262E-1
2.202E-1 2.296E-1
2.203E-1 2.263E-1
2.204E-1 2.298E-1
2.205E-1 2.266E-1
2.206E-1 2.301E-1
2.207E-1 2.268E-1
2.208E-1 2.304E-1
2.209E-1 2.271E-1
2.210E-1 2.305E-1
2.211E-1 2.272E-1
2.212E-1 2.307E-1
2.213E-1 2.274E-1
2.214E-1 2.309E-1
2.215E-1 2.276E-1
2.216E-1 2.312E-1
2.217E-1 2.279E-1
2.218E-1 2.313E-1
2.219E-1 2.281E-1
2.220E-1 2.316E-1
2.221E-1 2.283E-1
2.222E-1 2.318E-1
2.223E-1 2.285E-1
2.224E-1 2.321E-1
2.225E-1 2.288E-1
2.226E-1 2.322E-1
2.227E-1 2.290E-1
2.228E-1 2.325E-1
2.229E-1 2.292E-1
2.230E-1 2.327E-1
2.231E-1 2.294E-1
2.232E-1 2.330E-1
2.233E-1 2.297E-1
2.234E-1 2.331E-1
2.235E-1 2.298E-1
2.236E-1 2.334E-1
2.237E-1 2.301E-1
2.238E-1 2.336E-1
2.239E-1 2.303E-1
2.240E-1 2.339E-1
2.241E-1 2.305E-1
2.242E-1 2.340E-1
2.243E-1 2.307E-1
2.244E-1 2.343E-1
2.245E-1 2.309E-1
2.246E-1 2.344E-1
2.247E-1 2.311E-1
2.248E-1 2.347E-1
2.249E-1 2.314E-1
2.250E-1 2.348E-1
2.251E-1 2.315E-1
2.252E-1 2.351E-1
2.253E-1 2.317E-1
2.254E-1 2.353E-1
2.255E-1 2.319E-1
2.256E-1 2.356E-1
2.257E-1 2.323E-1
2.258E-1 2.357E-1
2.259E-1 2.324E-1
2.260E-1 2.360E-1
2.261E-1 2.326E-1
2.262E-1 2.362E-1
2.263E-1 2.328E-1
2.264E-1 2.364E-1
2.265E-1 2.331E-1
2.266E-1 2.366E-1
2.267E-1 2.332E-1
2.268E-1 2.369E-1
2.269E-1 2.335E-1
2.270E-1 2.371E-1
2.271E-1 2.337E-1
2.272E-1 2.374E-1
2.273E-1 2.340E-1
2.274E-1 2.375E-1
2.275E-1 2.341E-1
2.276E-1 2.378E-1
2.277E-1 2.343E-1
2.278E-1 2.379E-1
2.279E-1 2.345E-1
2.280E-1 2.383E-1
2.281E-1 2.349E-1
2.282E-1 2.384E-1
2.283E-1 2.350E-1
2.284E-1 2.387E-1
2.285E-1 2.353E-1
2.286E-1 2.389E-1
2.287E-1 2.355E-1
2.288E-1 2.392E-1
2.289E-1 2.358E-1
2.290E-1 2.393E-1
2.291E-1 2.359E-1
2.292E-1 2.396E-1
2.293E-1 2.362E-1
2.294E-1 2.398E-1
2.295E-1 2.363E-1
2.296E-1 2.401E-1
2.297E-1 2.367E-1
2.298E-1 2.403E-1
2.299E-1 2.368E-1
2.300E-1 2.405E-1
2.301E-1 2.371E-1
2.302E-1 2.408E-1
2.303E-1 2.373E-1
2.304E-1 2.402E-1
2.305E-1 2.369E-1
2.306E-1 2.404E-1
2.307E-1 2.370E-1
2.308E-1 2.406E-1
2.309E-1 2.372E-1
2.310E-1 2.408E-1
2.311E-1 2.374E-1
2.312E-1 2.410E-1
2.313E-1 2.376E-1
2.314E-1 2.411E-1
2.315E-1 2.377E-1
2.316E-1 2.415E-1
2.317E-1 2.380E-1
2.318E-1 2.416E-1
2.319E-1 2.382E-1
2.320E-1 2.419E-1
2.321E-1 2.385E-1
2.322E-1 2.420E-1
2.323E-1 2.386E-1
2.324E-1 2.422E-1
2.325E-1 2.388E-1
2.326E-1 2.424E-1
2.327E-1 2.390E-1
2.328E-1 2.427E-1
2.329E-1 2.393E-1
2.330E-1 2.429E-1
2.331E-1 2.394E-1
2.332E-1 2.432E-1
2.333E-1 2.397E-1
2.334E-1 2.433E-1
2.335E-1 2.399E-1
2.336E-1 2.437E-1
2.337E-1 2.402E-1
2.338E-1 2.438E-1
2.339E-1 2.403E-1
2.340E-1 2.440E-1
2.341E-1 2.405E-1
2.342E-1 2.441E-1
2.343E-1 2.407E-1
2.344E-1 2.445E-1
2.345E-1 2.410E-1
2.346E-1 2.446E-1
2.347E-1 2.411E-1
2.348E-1 2.448E-1
2.349E-1 2.414E-1
2.350E-1 2.450E-1
2.351E-1 2.416E-1
2.352E-1 2.454E-1
2.353E-1 2.419E-1
2.354E-1 2.455E-1
2.355E-1 2.420E-1
2.356E-1 2.457E-1
2.357E-1 2.422E-1
2.358E-1 2.459E-1
2.359E-1 2.424E-1
2.360E-1 2.462E-1
2.361E-1 2.427E-1
2.362E-1 2.464E-1
2.363E-1 2.429E-1
2.364E-1 2.467E-1
2.365E-1 2.432E-1
2.366E-1 2.469E-1
2.367E-1 2.433E-1
2.368E-1 2.472E-1
2.369E-1 2.436E-1
2.370E-1 2.472E-1
2.371E-1 2.437E-1
2.372E-1 2.475E-1
2.373E-1 2.439E-1
2.374E-1 2.476E-1
2.375E-1 2.441E-1
2.376E-1 2.479E-1
2.377E-1 2.444E-1
2.378E-1 2.480E-1
2.379E-1 2.445E-1
2.380E-1 2.483E-1
2.381E-1 2.447E-1
2.382E-1 2.485E-1
2.383E-1 2.449E-1
2.384E-1 2.488E-1
2.385E-1 2.452E-1
2.386E-1 2.489E-1
2.387E-1 2.453E-1
2.388E-1 2.492E-1
2.389E-1 2.456E-1
2.390E-1 2.494E-1
2.391E-1 2.458E-1
2.392E-1 2.497E-1
2.393E-1 2.461E-1
2.394E-1 2.498E-1
2.395E-1 2.462E-1
2.396E-1 2.501E-1
2.397E-1 2.464E-1
2.398E-1 2.502E-1
2.399E-1 2.466E-1
2.400E-1 2.506E-1
2.401E-1 2.470E-1
2.402E-1 2.507E-1
2.403E-1 2.471E-1
2.404E-1 2.509E-1
2.405E-1 2.473E-1
2.406E-1 2.511E-1
2.407E-1 2.474E-1
2.408E-1 2.514E-1
2.409E-1 2.478E-1
2.410E-1 2.515E-1
2.411E-1 2.479E-1
2.412E-1 2.518E-1
2.413E-1 2.482E-1
2.414E-1 2.520E-1
2.415E-1 2.483E-1
2.416E-1 2.523E-1
2.417E-1 2.487E-1
2.418E-1 2.524E-1
2.419E-1 2.488E-1
2.420E-1 2.527E-1
2.421E-1 2.491E-1
2.422E-1 2.529E-1
2.423E-1 2.493E-1
2.424E-1 2.532E-1
2.425E-1 2.496E-1
2.426E-1 2.533E-1
2.427E-1 2.497E-1
2.428E-1 2.537E-1
2.429E-1 2.500E-1
2.430E-1 2.538E-1
2.431E-1 2.502E-1
2.432E-1 2.540E-1
2.433E-1 2.503E-1
2.434E-1 2.541E-1
2.435E-1 2.504E-1
2.436E-1 2.544E-1
2.437E-1 2.506E-1
2.438E-1 2.545E-1
2.439E-1 2.508E-1
2.440E-1 2.548E-1
2.441E-1 2.511E-1
2.442E-1 2.549E-1
2.443E-1 2.512E-1
2.444E-1 2.552E-1
2.445E-1 2.515E-1
2.446E-1 2.553E-1
2.447E-1 2.517E-1
2.448E-1 2.557E-1
2.449E-1 2.520E-1
2.450E-1 2.558E-1
2.451E-1 2.521E-1
2.452E-1 2.560E-1
2.453E-1 2.523E-1
2.454E-1 2.562E-1
2.455E-1 2.525E-1
2.456E-1 2.565E-1
2.457E-1 2.528E-1
2.458E-1 2.567E-1
2.459E-1 2.530E-1
2.460E-1 2.569E-1
2.461E-1 2.532E-1
2.462E-1 2.571E-1
2.463E-1 2.534E-1
2.464E-1 2.574E-1
2.465E-1 2.537E-1
2.466E-1 2.576E-1
2.467E-1 2.538E-1
2.468E-1 2.578E-1
2.469E-1 2.540E-1
2.470E-1 2.580E-1
2.471E-1 2.542E-1
2.472E-1 2.582E-1
2.473E-1 2.545E-1
2.474E-1 2.584E-1
2.475E-1 2.546E-1
2.476E-1 2.586E-1
2.477E-1 2.548E-1
2.478E-1 2.588E-1
2.479E-1 2.551E-1
2.480E-1 2.592E-1
2.481E-1 2.554E-1
2.482E-1 2.593E-1
2.483E-1 2.555E-1
2.484E-1 2.596E-1
2.485E-1 2.558E-1
2.486E-1 2.597E-1
2.487E-1 2.559E-1
2.488E-1 2.600E-1
2.489E-1 2.562E-1
2.490E-1 2.602E-1
2.491E-1 2.564E-1
2.492E-1 2.605E-1
2.493E-1 2.567E-1
2.494E-1 2.607E-1
2.495E-1 2.569E-1
2.496E-1 2.610E-1
2.497E-1 2.571E-1
2.498E-1 2.611E-1
2.499E-1 2.572E-1
2.500E-1 2.613E-1
2.501E-1 2.575E-1
2.502E-1 2.615E-1
2.503E-1 2.576E-1
2.504E-1 2.617E-1
2.505E-1 2.579E-1
2.506E-1 2.619E-1
2.507E-1 2.580E-1
2.508E-1 2.621E-1
2.509E-1 2.583E-1
2.510E-1 2.623E-1
2.511E-1 2.585E-1
2.512E-1 2.626E-1
2.513E-1 2.588E-1
2.514E-1 2.628E-1
2.515E-1 2.589E-1
2.516E-1 2.630E-1
2.517E-1 2.591E-1
2.518E-1 2.632E-1
2.519E-1 2.593E-1
2.520E-1 2.635E-1
2.521E-1 2.596E-1
2.522E-1 2.637E-1
2.523E-1 2.597E-1
2.524E-1 2.640E-1
2.525E-1 2.600E-1
2.526E-1 2.641E-1
2.527E-1 2.602E-1
2.528E-1 2.645E-1
2.529E-1 2.605E-1
2.530E-1 2.646E-1
2.531E-1 2.607E-1
2.532E-1 2.648E-1
2.533E-1 2.609E-1
2.534E-1 2.650E-1
2.535E-1 2.611E-1
2.536E-1 2.653E-1
2.537E-1 2.614E-1
2.538E-1 2.654E-1
2.539E-1 2.615E-1
2.540E-1 2.657E-1
2.541E-1 2.618E-1
2.542E-1 2.659E-1
2.543E-1 2.620E-1
2.544E-1 2.662E-1
2.545E-1 2.623E-1
2.546E-1 2.664E-1
2.547E-1 2.624E-1
2.548E-1 2.666E-1
2.549E-1 2.627E-1
2.550E-1 2.668E-1
2.551E-1 2.629E-1
2.552E-1 2.671E-1
2.553E-1 2.632E-1
2.554E-1 2.673E-1
2.555E-1 2.633E-1
2.556E-1 2.676E-1
2.557E-1 2.636E-1
2.558E-1 2.678E-1
2.559E-1 2.638E-1
2.560E-1 2.671E-1
2.561E-1 2.632E-1
2.562E-1 2.672E-1
2.563E-1 2.633E-1
2.564E-1 2.674E-1
2.565E-1 2.635E-1
2.566E-1 2.675E-1
2.567E-1 2.636E-1
2.568E-1 2.679E-1
2.569E-1 2.639E-1
2.570E-1 2.680E-1
2.571E-1 2.641E-1
2.572E-1 2.683E-1
2.573E-1 2.643E-1
2.574E-1 2.684E-1
2.575E-1 2.645E-1
2.576E-1 2.688E-1
2.577E-1 2.648E-1
2.578E-1 2.689E-1
2.579E-1 2.649E-1
2.580E-1 2.691E-1
2.581E-1 2.651E-1
2.582E-1 2.693E-1
2.583E-1 2.653E-1
2.584E-1 2.696E-1
2.585E-1 2.656E-1
2.586E-1 2.697E-1
2.587E-1 2.657E-1
2.588E-1 2.700E-1
2.589E-1 2.660E-1
2.590E-1 2.702E-1
2.591E-1 2.662E-1
2.592E-1 2.705E-1
2.593E-1 2.665E-1
2.594E-1 2.706E-1
2.595E-1 2.666E-1
2.596E-1 2.709E-1
2.597E-1 2.669E-1
2.598E-1 2.710E-1
2.599E-1 2.670E-1
2.600E-1 2.713E-1
2.601E-1 2.673E-1
2.602E-1 2.714E-1
2.603E-1 2.674E-1
2.604E-1 2.717E-1
2.605E-1 2.677E-1
2.606E-1 2.719E-1
2.607E-1 2.679E-1
2.608E-1 2.722E-1
2.609E-1 2.682E-1
2.610E-1 2.724E-1
2.611E-1 2.683E-1
2.612E-1 2.726E-1
2.613E-1 2.686E-1
2.614E-1 2.728E-1
2.615E-1 2.687E-1
2.616E-1 2.731E-1
2.617E-1 2.690E-1
2.618E-1 2.732E-1
2.619E-1 2.692E-1
2.620E-1 2.735E-1
2.621E-1 2.695E-1
2.622E-1 2.737E-1
2.623E-1 2.697E-1
2.624E-1 2.740E-1
2.625E-1 2.699E-1
2.626E-1 2.741E-1
2.627E-1 2.700E-1
2.628E-1 2.743E-1
2.629E-1 2.703E-1
2.630E-1 2.745E-1
2.631E-1 2.704E-1
2.632E-1 2.747E-1
2.633E-1 2.707E-1
2.634E-1 2.749E-1
2.635E-1 2.708E-1
2.636E-1 2.752E-1
2.637E-1 2.711E-1
2.638E-1 2.754E-1
2.639E-1 2.713E-1
2.640E-1 2.757E-1
2.641E-1 2.716E-1
2.642E-1 2.758E-1
2.643E-1 2.717E-1
2.644E-1 2.761E-1
2.645E-1 2.720E-1
2.646E-1 2.763E-1
2.647E-1 2.721E-1
2.648E-1 2.766E-1
2.649E-1 2.724E-1
2.650E-1 2.767E-1
2.651E-1 2.725E-1
2.652E-1 2.769E-1
2.653E-1 2.728E-1
2.654E-1 2.772E-1
2.655E-1 2.730E-1
2.656E-1 2.775E-1
2.657E-1 2.733E-1
2.658E-1 2.776E-1
2.659E-1 2.734E-1
2.660E-1 2.778E-1
2.661E-1 2.737E-1
2.662E-1 2.780E-1
2.663E-1 2.738E-1
2.664E-1 2.783E-1
2.665E-1 2.742E-1
2.666E-1 2.784E-1
2.667E-1 2.742E-1
2.668E-1 2.787E-1
2.669E-1 2.745E-1
2.670E-1 2.789E-1
2.671E-1 2.747E-1
2.672E-1 2.792E-1
2.673E-1 2.751E-1
2.674E-1 2.794E-1
2.675E-1 2.752E-1
2.676E-1 2.796E-1
2.677E-1 2.754E-1
2.678E-1 2.798E-1
2.679E-1 2.756E-1
2.680E-1 2.801E-1
2.681E-1 2.759E-1
2.682E-1 2.802E-1
2.683E-1 2.761E-1
2.684E-1 2.806E-1
2.685E-1 2.764E-1
2.686E-1 2.808E-1
2.687E-1 2.765E-1
2.688E-1 2.810E-1
2.689E-1 2.767E-1
2.690E-1 2.811E-1
2.691E-1 2.768E-1
2.692E-1 2.813E-1
2.693E-1 2.770E-1
2.694E-1 2.814E-1
2.695E-1 2.772E-1
2.696E-1 2.817E-1
2.697E-1 2.775E-1
2.698E-1 2.818E-1
2.699E-1 2.776E-1
2.700E-1 2.821E-1
2.701E-1 2.779E-1
2.702E-1 2.823E-1
2.703E-1 2.780E-1
2.704E-1 2.826E-1
2.705E-1 2.784E-1
2.706E-1 2.827E-1
2.707E-1 2.785E-1
2.708E-1 2.830E-1
2.709E-1 2.787E-1
2.710E-1 2.832E-1
2.711E-1 2.789E-1
2.712E-1 2.835E-1
2.713E-1 2.792E-1
2.714E-1 2.836E-1
2.715E-1 2.793E-1
2.716E-1 2.839E-1
2.717E-1 2.796E-1
2.718E-1 2.841E-1
2.719E-1 2.798E-1
2.720E-1 2.844E-1
2.721E-1 2.801E-1
2.722E-1 2.845E-1
2.723E-1 2.802E-1
2.724E-1 2.847E-1
2.725E-1 2.804E-1
2.726E-1 2.849E-1
2.727E-1 2.806E-1
2.728E-1 2.852E-1
2.729E-1 2.809E-1
2.730E-1 2.854E-1
2.731E-1 2.810E-1
2.732E-1 2.856E-1
2.733E-1 2.813E-1
2.734E-1 2.858E-1
2.735E-1 2.815E-1
2.736E-1 2.861E-1
2.737E-1 2.818E-1
2.738E-1 2.863E-1
2.739E-1 2.819E-1
2.740E-1 2.865E-1
2.741E-1 2.821E-1
2.742E-1 2.867E-1
2.743E-1 2.823E-1
2.744E-1 2.870E-1
2.745E-1 2.827E-1
2.746E-1 2.871E-1
2.747E-1 2.828E-1
2.748E-1 2.874E-1
2.749E-1 2.831E-1
2.750E-1 2.876E-1
2.751E-1 2.833E-1
2.752E-1 2.880E-1
2.753E-1 2.836E-1
2.754E-1 2.880E-1
2.755E-1 2.836E-1
2.756E-1 2.883E-1
2.757E-1 2.839E-1
2.758E-1 2.884E-1
2.759E-1 2.840E-1
2.760E-1 2.887E-1
2.761E-1 2.843E-1
2.762E-1 2.888E-1
2.763E-1 2.845E-1
2.764E-1 2.891E-1
2.765E-1 2.848E-1
2.766E-1 2.893E-1
2.767E-1 2.849E-1
2.768E-1 2.897E-1
2.769E-1 2.852E-1
2.770E-1 2.897E-1
2.771E-1 2.854E-1
2.772E-1 2.900E-1
2.773E-1 2.856E-1
2.774E-1 2.902E-1
2.775E-1 2.857E-1
2.776E-1 2.905E-1
2.777E-1 2.861E-1
2.778E-1 2.906E-1
2.779E-1 2.862E-1
2.780E-1 2.909E-1
2.781E-1 2.865E-1
2.782E-1 2.911E-1
2.783E-1 2.867E-1
2.784E-1 2.915E-1
2.785E-1 2.870E-1
2.786E-1 2.915E-1
2.787E-1 2.871E-1
2.788E-1 2.918E-1
2.789E-1 2.874E-1
2.790E-1 2.919E-1
2.791E-1 2.875E-1
2.792E-1 2.923E-1
2.793E-1 2.878E-1
2.794E-1 2.924E-1
2.795E-1 2.879E-1
2.796E-1 2.926E-1
2.797E-1 2.882E-1
2.798E-1 2.928E-1
2.799E-1 2.884E-1
2.800E-1 2.932E-1
2.801E-1 2.887E-1
2.802E-1 2.933E-1
2.803E-1 2.888E-1
2.804E-1 2.936E-1
2.805E-1 2.891E-1
2.806E-1 2.938E-1
2.807E-1 2.893E-1
2.808E-1 2.941E-1
2.809E-1 2.896E-1
2.810E-1 2.943E-1
2.811E-1 2.898E-1
2.812E-1 2.946E-1
2.813E-1 2.901E-1
2.814E-1 2.948E-1
2.815E-1 2.903E-1
2.816E-1 2.941E-1
2.817E-1 2.896E-1
2.818E-1 2.942E-1
2.819E-1 2.897E-1
2.820E-1 2.944E-1
2.821E-1 2.899E-1
2.822E-1 2.945E-1
2.823E-1 2.901E-1
2.824E-1 2.948E-1
2.825E-1 2.904E-1
2.826E-1 2.950E-1
2.827E-1 2.905E-1
2.828E-1 2.952E-1
2.829E-1 2.908E-1
2.830E-1 2.954E-1
2.831E-1 2.910E-1
2.832E-1 2.958E-1
2.833E-1 2.913E-1
2.834E-1 2.958E-1
2.835E-1 2.914E-1
2.836E-1 2.961E-1
2.837E-1 2.916E-1
2.838E-1 2.962E-1
2.839E-1 2.917E-1
2.840E-1 2.965E-1
2.841E-1 2.920E-1
2.842E-1 2.967E-1
2.843E-1 2.921E-1
2.844E-1 2.970E-1
2.845E-1 2.924E-1
2.846E-1 2.971E-1
2.847E-1 2.926E-1
2.848E-1 2.974E-1
2.849E-1 2.930E-1
2.850E-1 2.976E-1
2.851E-1 2.930E-1
2.852E-1 2.978E-1
2.853E-1 2.933E-1
2.854E-1 2.979E-1
2.855E-1 2.934E-1
2.856E-1 2.982E-1
2.857E-1 2.937E-1
2.858E-1 2.984E-1
2.859E-1 2.938E-1
2.860E-1 2.986E-1
2.861E-1 2.941E-1
2.862E-1 2.989E-1
2.863E-1 2.943E-1
2.864E-1 2.992E-1
2.865E-1 2.946E-1
2.866E-1 2.993E-1
2.867E-1 2.947E-1
2.868E-1 2.995E-1
2.869E-1 2.949E-1
2.870E-1 2.997E-1
2.871E-1 2.951E-1
2.872E-1 3.000E-1
2.873E-1 2.955E-1
2.874E-1 3.001E-1
2.875E-1 2.956E-1
2.876E-1 3.004E-1
2.877E-1 2.959E-1
2.878E-1 3.007E-1
2.879E-1 2.961E-1
2.880E-1 3.009E-1
2.881E-1 2.963E-1
2.882E-1 3.010E-1
2.883E-1 2.964E-1
2.884E-1 3.012E-1
2.885E-1 2.966E-1
2.886E-1 3.013E-1
2.887E-1 2.967E-1
2.888E-1 3.017E-1
2.889E-1 2.970E-1
2.890E-1 3.018E-1
2.891E-1 2.971E-1
2.892E-1 3.020E-1
2.893E-1 2.974E-1
2.894E-1 3.022E-1
2.895E-1 2.975E-1
2.896E-1 3.026E-1
2.897E-1 2.979E-1
2.898E-1 3.026E-1
2.899E-1 2.980E-1
2.900E-1 3.029E-1
2.901E-1 2.982E-1
2.902E-1 3.030E-1
2.903E-1 2.984E-1
2.904E-1 3.034E-1
2.905E-1 2.987E-1
2.906E-1 3.035E-1
2.907E-1 2.988E-1
2.908E-1 3.038E-1
2.909E-1 2.991E-1
2.910E-1 3.040E-1
2.911E-1 2.993E-1
2.912E-1 3.043E-1
2.913E-1 2.996E-1
2.914E-1 3.044E-1
2.915E-1 2.997E-1
2.916E-1 3.047E-1
2.917E-1 3.000E-1
2.918E-1 3.048E-1
2.919E-1 3.001E-1
2.920E-1 3.052E-1
2.921E-1 3.004E-1
2.922E-1 3.052E-1
2.923E-1 3.005E-1
2.924E-1 3.055E-1
2.925E-1 3.008E-1
2.926E-1 3.057E-1
2.927E-1 3.010E-1
2.928E-1 3.061E-1
2.929E-1 3.014E-1
2.930E-1 3.062E-1
2.931E-1 3.014E-1
2.932E-1 3.065E-1
2.933E-1 3.017E-1
2.934E-1 3.066E-1
2.935E-1 3.019E-1
2.936E-1 3.069E-1
2.937E-1 3.022E-1
2.938E-1 3.071E-1
2.939E-1 3.023E-1
2.940E-1 3.074E-1
2.941E-1 3.026E-1
2.942E-1 3.076E-1
2.943E-1 3.028E-1
2.944E-1 3.078E-1
2.945E-1 3.030E-1
2.946E-1 3.079E-1
2.947E-1 3.031E-1
2.948E-1 3.081E-1
2.949E-1 3.033E-1
2.950E-1 3.083E-1
2.951E-1 3.035E-1
2.952E-1 3.086E-1
2.953E-1 3.038E-1
2.954E-1 3.087E-1
2.955E-1 3.039E-1
2.956E-1 3.089E-1
2.957E-1 3.042E-1
2.958E-1 3.091E-1
2.959E-1 3.042E-1
2.960E-1 3.095E-1
2.961E-1 3.046E-1
2.962E-1 3.096E-1
2.963E-1 3.047E-1
2.964E-1 3.098E-1
2.965E-1 3.049E-1
2.966E-1 3.099E-1
2.967E-1 3.051E-1
2.968E-1 3.103E-1
2.969E-1 3.056E-1
2.970E-1 3.104E-1
2.971E-1 3.058E-1
2.972E-1 3.108E-1
2.973E-1 3.060E-1
2.974E-1 3.110E-1
2.975E-1 3.062E-1
2.976E-1 3.114E-1
2.977E-1 3.066E-1
2.978E-1 3.114E-1
2.979E-1 3.066E-1
2.980E-1 3.116E-1
2.981E-1 3.068E-1
2.982E-1 3.118E-1
2.983E-1 3.070E-1
2.984E-1 3.121E-1
2.985E-1 3.073E-1
2.986E-1 3.122E-1
2.987E-1 3.074E-1
2.988E-1 3.125E-1
2.989E-1 3.077E-1
2.990E-1 3.127E-1
2.991E-1 3.079E-1
2.992E-1 3.131E-1
2.993E-1 3.082E-1
2.994E-1 3.131E-1
2.995E-1 3.083E-1
2.996E-1 3.134E-1
2.997E-1 3.086E-1
2.998E-1 3.135E-1
2.999E-1 3.087E-1
3.000E-1 3.139E-1
3.001E-1 3.091E-1
3.002E-1 3.140E-1
3.003E-1 3.092E-1
3.004E-1 3.143E-1
3.005E-1 3.095E-1
3.006E-1 3.145E-1
3.007E-1 3.097E-1
3.008E-1 3.148E-1
3.009E-1 3.100E-1
3.010E-1 3.149E-1
3.011E-1 3.101E-1
3.012E-1 3.151E-1
3.013E-1 3.103E-1
3.014E-1 3.152E-1
3.015E-1 3.104E-1
3.016E-1 3.156E-1
3.017E-1 3.108E-1
3.018E-1 3.157E-1
3.019E-1 3.108E-1
3.020E-1 3.159E-1
3.021E-1 3.111E-1
3.022E-1 3.161E-1
3.023E-1 3.113E-1
3.024E-1 3.166E-1
3.025E-1 3.116E-1
3.026E-1 3.166E-1
3.027E-1 3.117E-1
3.028E-1 3.169E-1
3.029E-1 3.120E-1
3.030E-1 3.170E-1
3.031E-1 3.121E-1
3.032E-1 3.173E-1
3.033E-1 3.124E-1
3.034E-1 3.175E-1
3.035E-1 3.125E-1
3.036E-1 3.177E-1
3.037E-1 3.129E-1
3.038E-1 3.180E-1
3.039E-1 3.130E-1
3.040E-1 3.184E-1
3.041E-1 3.134E-1
3.042E-1 3.183E-1
3.043E-1 3.135E-1
3.044E-1 3.186E-1
3.045E-1 3.137E-1
3.046E-1 3.188E-1
3.047E-1 3.138E-1
3.048E-1 3.191E-1
3.049E-1 3.142E-1
3.050E-1 3.192E-1
3.051E-1 3.143E-1
3.052E-1 3.195E-1
3.053E-1 3.146E-1
3.054E-1 3.197E-1
3.055E-1 3.148E-1
3.056E-1 3.201E-1
3.057E-1 3.151E-1
3.058E-1 3.201E-1
3.059E-1 3.152E-1
3.060E-1 3.204E-1
3.061E-1 3.155E-1
3.062E-1 3.206E-1
3.063E-1 3.156E-1
3.064E-1 3.210E-1
3.065E-1 3.160E-1
3.066E-1 3.211E-1
3.067E-1 3.161E-1
3.068E-1 3.214E-1
3.069E-1 3.164E-1
3.070E-1 3.216E-1
3.071E-1 3.167E-1
3.072E-1 3.203E-1
3.073E-1 3.154E-1
3.074E-1 3.204E-1
3.075E-1 3.154E-1
3.076E-1 3.206E-1
3.077E-1 3.156E-1
3.078E-1 3.207E-1
3.079E-1 3.158E-1
3.080E-1 3.210E-1
3.081E-1 3.161E-1
3.082E-1 3.211E-1
3.083E-1 3.162E-1
3.084E-1 3.215E-1
3.085E-1 3.164E-1
3.086E-1 3.216E-1
3.087E-1 3.166E-1
3.088E-1 3.219E-1
3.089E-1 3.170E-1
3.090E-1 3.220E-1
3.091E-1 3.170E-1
3.092E-1 3.223E-1
3.093E-1 3.173E-1
3.094E-1 3.224E-1
3.095E-1 3.175E-1
3.096E-1 3.228E-1
3.097E-1 3.177E-1
3.098E-1 3.229E-1
3.099E-1 3.178E-1
3.100E-1 3.231E-1
3.101E-1 3.182E-1
3.102E-1 3.233E-1
3.103E-1 3.183E-1
3.104E-1 3.237E-1
3.105E-1 3.186E-1
3.106E-1 3.238E-1
3.107E-1 3.187E-1
3.108E-1 3.240E-1
3.109E-1 3.190E-1
3.110E-1 3.241E-1
3.111E-1 3.191E-1
3.112E-1 3.244E-1
3.113E-1 3.194E-1
3.114E-1 3.245E-1
3.115E-1 3.195E-1
3.116E-1 3.248E-1
3.117E-1 3.198E-1
3.118E-1 3.250E-1
3.119E-1 3.200E-1
3.120E-1 3.254E-1
3.121E-1 3.203E-1
3.122E-1 3.255E-1
3.123E-1 3.205E-1
3.124E-1 3.258E-1
3.125E-1 3.207E-1
3.126E-1 3.259E-1
3.127E-1 3.208E-1
3.128E-1 3.262E-1
3.129E-1 3.212E-1
3.130E-1 3.264E-1
3.131E-1 3.213E-1
3.132E-1 3.267E-1
3.133E-1 3.216E-1
3.134E-1 3.269E-1
3.135E-1 3.218E-1
3.136E-1 3.272E-1
3.137E-1 3.221E-1
3.138E-1 3.272E-1
3.139E-1 3.222E-1
3.140E-1 3.274E-1
3.141E-1 3.224E-1
3.142E-1 3.276E-1
3.143E-1 3.225E-1
3.144E-1 3.280E-1
3.145E-1 3.228E-1
3.146E-1 3.280E-1
3.147E-1 3.229E-1
3.148E-1 3.283E-1
3.149E-1 3.232E-1
3.150E-1 3.285E-1
3.151E-1 3.233E-1
3.152E-1 3.288E-1
3.153E-1 3.238E-1
3.154E-1 3.289E-1
3.155E-1 3.238E-1
3.156E-1 3.292E-1
3.157E-1 3.240E-1
3.158E-1 3.293E-1
3.159E-1 3.241E-1
3.160E-1 3.297E-1
3.161E-1 3.245E-1
3.162E-1 3.298E-1
3.163E-1 3.247E-1
3.164E-1 3.301E-1
3.165E-1 3.249E-1
3.166E-1 3.303E-1
3.167E-1 3.251E-1
3.168E-1 3.307E-1
3.169E-1 3.255E-1
3.170E-1 3.307E-1
3.171E-1 3.256E-1
3.172E-1 3.310E-1
3.173E-1 3.258E-1
3.174E-1 3.311E-1
3.175E-1 3.259E-1
3.176E-1 3.314E-1
3.177E-1 3.263E-1
3.178E-1 3.315E-1
3.179E-1 3.264E-1
3.180E-1 3.318E-1
3.181E-1 3.267E-1
3.182E-1 3.320E-1
3.183E-1 3.269E-1
3.184E-1 3.324E-1
3.185E-1 3.272E-1
3.186E-1 3.325E-1
3.187E-1 3.273E-1
3.188E-1 3.327E-1
3.189E-1 3.276E-1
3.190E-1 3.329E-1
3.191E-1 3.277E-1
3.192E-1 3.333E-1
3.193E-1 3.280E-1
3.194E-1 3.334E-1
3.195E-1 3.282E-1
3.196E-1 3.337E-1
3.197E-1 3.285E-1
3.198E-1 3.340E-1
3.199E-1 3.287E-1
3.200E-1 3.342E-1
3.201E-1 3.289E-1
3.202E-1 3.342E-1
3.203E-1 3.290E-1
3.204E-1 3.344E-1
3.205E-1 3.292E-1
3.206E-1 3.345E-1
3.207E-1 3.293E-1
3.208E-1 3.349E-1
3.209E-1 3.296E-1
3.210E-1 3.350E-1
3.211E-1 3.297E-1
3.212E-1 3.352E-1
3.213E-1 3.300E-1
3.214E-1 3.354E-1
3.215E-1 3.302E-1
3.216E-1 3.357E-1
3.217E-1 3.305E-1
3.218E-1 3.358E-1
3.219E-1 3.306E-1
3.220E-1 3.361E-1
3.221E-1 3.308E-1
3.222E-1 3.363E-1
3.223E-1 3.310E-1
3.224E-1 3.366E-1
3.225E-1 3.313E-1
3.226E-1 3.367E-1
3.227E-1 3.314E-1
3.228E-1 3.370E-1
3.229E-1 3.317E-1
3.230E-1 3.372E-1
3.231E-1 3.319E-1
3.232E-1 3.376E-1
3.233E-1 3.323E-1
3.234E-1 3.376E-1
3.235E-1 3.323E-1
3.236E-1 3.378E-1
3.237E-1 3.325E-1
3.238E-1 3.380E-1
3.239E-1 3.327E-1
3.240E-1 3.383E-1
3.241E-1 3.330E-1
3.242E-1 3.384E-1
3.243E-1 3.331E-1
3.244E-1 3.387E-1
3.245E-1 3.334E-1
3.246E-1 3.389E-1
3.247E-1 3.335E-1
3.248E-1 3.393E-1
3.249E-1 3.339E-1
3.250E-1 3.394E-1
3.251E-1 3.340E-1
3.252E-1 3.396E-1
3.253E-1 3.343E-1
3.254E-1 3.398E-1
3.255E-1 3.345E-1
3.256E-1 3.402E-1
3.257E-1 3.348E-1
3.258E-1 3.402E-1
3.259E-1 3.349E-1
3.260E-1 3.406E-1
3.261E-1 3.353E-1
3.262E-1 3.408E-1
3.263E-1 3.354E-1
3.264E-1 3.411E-1
3.265E-1 3.358E-1
3.266E-1 3.412E-1
3.267E-1 3.358E-1
3.268E-1 3.414E-1
3.269E-1 3.360E-1
3.270E-1 3.415E-1
3.271E-1 3.361E-1
3.272E-1 3.418E-1
3.273E-1 3.365E-1
3.274E-1 3.419E-1
3.275E-1 3.366E-1
3.276E-1 3.423E-1
3.277E-1 3.369E-1
3.278E-1 3.424E-1
3.279E-1 3.370E-1
3.280E-1 3.428E-1
3.281E-1 3.374E-1
3.282E-1 3.428E-1
3.283E-1 3.374E-1
3.284E-1 3.431E-1
3.285E-1 3.377E-1
3.286E-1 3.433E-1
3.287E-1 3.378E-1
3.288E-1 3.436E-1
3.289E-1 3.382E-1
3.290E-1 3.437E-1
3.291E-1 3.383E-1
3.292E-1 3.441E-1
3.293E-1 3.386E-1
3.294E-1 3.443E-1
3.295E-1 3.388E-1
3.296E-1 3.446E-1
3.297E-1 3.392E-1
3.298E-1 3.447E-1
3.299E-1 3.392E-1
3.300E-1 3.450E-1
3.301E-1 3.395E-1
3.302E-1 3.451E-1
3.303E-1 3.396E-1
3.304E-1 3.454E-1
3.305E-1 3.399E-1
3.306E-1 3.455E-1
3.307E-1 3.401E-1
3.308E-1 3.458E-1
3.309E-1 3.403E-1
3.310E-1 3.460E-1
3.311E-1 3.405E-1
3.312E-1 3.464E-1
3.313E-1 3.409E-1
3.314E-1 3.465E-1
3.315E-1 3.410E-1
3.316E-1 3.467E-1
3.317E-1 3.413E-1
3.318E-1 3.470E-1
3.319E-1 3.414E-1
3.320E-1 3.473E-1
3.321E-1 3.418E-1
3.322E-1 3.474E-1
3.323E-1 3.419E-1
3.324E-1 3.477E-1
3.325E-1 3.422E-1
3.326E-1 3.480E-1
3.327E-1 3.424E-1
3.328E-1 3.475E-1
3.329E-1 3.420E-1
3.330E-1 3.474E-1
3.331E-1 3.420E-1
3.332E-1 3.477E-1
3.333E-1 3.422E-1
3.334E-1 3.478E-1
3.335E-1 3.423E-1
3.336E-1 3.481E-1
3.337E-1 3.426E-1
3.338E-1 3.482E-1
3.339E-1 3.427E-1
3.340E-1 3.485E-1
3.341E-1 3.430E-1
3.342E-1 3.487E-1
3.343E-1 3.432E-1
3.344E-1 3.490E-1
3.345E-1 3.435E-1
3.346E-1 3.491E-1
3.347E-1 3.436E-1
3.348E-1 3.493E-1
3.349E-1 3.438E-1
3.350E-1 3.495E-1
3.351E-1 3.439E-1
3.352E-1 3.498E-1
3.353E-1 3.443E-1
3.354E-1 3.499E-1
3.355E-1 3.444E-1
3.356E-1 3.502E-1
3.357E-1 3.447E-1
3.358E-1 3.504E-1
3.359E-1 3.448E-1
3.360E-1 3.508E-1
3.361E-1 3.452E-1
3.362E-1 3.508E-1
3.363E-1 3.452E-1
3.364E-1 3.510E-1
3.365E-1 3.455E-1
3.366E-1 3.512E-1
3.367E-1 3.456E-1
3.368E-1 3.515E-1
3.369E-1 3.460E-1
3.370E-1 3.516E-1
3.371E-1 3.460E-1
3.372E-1 3.519E-1
3.373E-1 3.463E-1
3.374E-1 3.521E-1
3.375E-1 3.466E-1
3.376E-1 3.524E-1
3.377E-1 3.469E-1
3.378E-1 3.525E-1
3.379E-1 3.469E-1
3.380E-1 3.528E-1
3.381E-1 3.472E-1
3.382E-1 3.530E-1
3.383E-1 3.474E-1
3.384E-1 3.533E-1
3.385E-1 3.477E-1
3.386E-1 3.534E-1
3.387E-1 3.478E-1
3.388E-1 3.537E-1
3.389E-1 3.481E-1
3.390E-1 3.539E-1
3.391E-1 3.483E-1
3.392E-1 3.543E-1
3.393E-1 3.487E-1
3.394E-1 3.543E-1
3.395E-1 3.487E-1
3.396E-1 3.545E-1
3.397E-1 3.489E-1
3.398E-1 3.546E-1
3.399E-1 3.490E-1
3.400E-1 3.549E-1
3.401E-1 3.494E-1
3.402E-1 3.551E-1
3.403E-1 3.494E-1
3.404E-1 3.553E-1
3.405E-1 3.497E-1
3.406E-1 3.555E-1
3.407E-1 3.499E-1
3.408E-1 3.559E-1
3.409E-1 3.502E-1
3.410E-1 3.560E-1
3.411E-1 3.503E-1
3.412E-1 3.562E-1
3.413E-1 3.505E-1
3.414E-1 3.563E-1
3.415E-1 3.507E-1
3.416E-1 3.567E-1
3.417E-1 3.510E-1
3.418E-1 3.568E-1
3.419E-1 3.512E-1
3.420E-1 3.571E-1
3.421E-1 3.515E-1
3.422E-1 3.573E-1
3.423E-1 3.516E-1
3.424E-1 3.577E-1
3.425E-1 3.520E-1
3.426E-1 3.577E-1
3.427E-1 3.520E-1
3.428E-1 3.580E-1
3.429E-1 3.523E-1
3.430E-1 3.581E-1
3.431E-1 3.524E-1
3.432E-1 3.585E-1
3.433E-1 3.528E-1
3.434E-1 3.585E-1
3.435E-1 3.528E-1
3.436E-1 3.588E-1
3.437E-1 3.531E-1
3.438E-1 3.590E-1
3.439E-1 3.533E-1
3.440E-1 3.594E-1
3.441E-1 3.537E-1
3.442E-1 3.595E-1
3.443E-1 3.538E-1
3.444E-1 3.597E-1
3.445E-1 3.540E-1
3.446E-1 3.599E-1
3.447E-1 3.541E-1
3.448E-1 3.603E-1
3.449E-1 3.546E-1
3.450E-1 3.604E-1
3.451E-1 3.547E-1
3.452E-1 3.607E-1
3.453E-1 3.550E-1
3.454E-1 3.609E-1
3.455E-1 3.552E-1
3.456E-1 3.612E-1
3.457E-1 3.554E-1
3.458E-1 3.612E-1
3.459E-1 3.554E-1
3.460E-1 3.614E-1
3.461E-1 3.557E-1
3.462E-1 3.615E-1
3.463E-1 3.558E-1
3.464E-1 3.619E-1
3.465E-1 3.561E-1
3.466E-1 3.620E-1
3.467E-1 3.562E-1
3.468E-1 3.622E-1
3.469E-1 3.565E-1
3.470E-1 3.624E-1
3.471E-1 3.567E-1
3.472E-1 3.628E-1
3.473E-1 3.570E-1
3.474E-1 3.628E-1
3.475E-1 3.571E-1
3.476E-1 3.631E-1
3.477E-1 3.573E-1
3.478E-1 3.632E-1
3.479E-1 3.574E-1
3.480E-1 3.636E-1
3.481E-1 3.578E-1
3.482E-1 3.637E-1
3.483E-1 3.579E-1
3.484E-1 3.640E-1
3.485E-1 3.582E-1
3.486E-1 3.642E-1
3.487E-1 3.584E-1
3.488E-1 3.646E-1
3.489E-1 3.587E-1
3.490E-1 3.646E-1
3.491E-1 3.588E-1
3.492E-1 3.649E-1
3.493E-1 3.590E-1
3.494E-1 3.650E-1
3.495E-1 3.592E-1
3.496E-1 3.653E-1
3.497E-1 3.595E-1
3.498E-1 3.654E-1
3.499E-1 3.596E-1
3.500E-1 3.657E-1
3.501E-1 3.598E-1
3.502E-1 3.659E-1
3.503E-1 3.600E-1
3.504E-1 3.663E-1
3.505E-1 3.604E-1
3.506E-1 3.663E-1
3.507E-1 3.605E-1
3.508E-1 3.666E-1
3.509E-1 3.607E-1
3.510E-1 3.668E-1
3.511E-1 3.608E-1
3.512E-1 3.671E-1
3.513E-1 3.613E-1
3.514E-1 3.672E-1
3.515E-1 3.614E-1
3.516E-1 3.676E-1
3.517E-1 3.617E-1
3.518E-1 3.678E-1
3.519E-1 3.619E-1
3.520E-1 3.681E-1
3.521E-1 3.623E-1
3.522E-1 3.682E-1
3.523E-1 3.622E-1
3.524E-1 3.684E-1
3.525E-1 3.625E-1
3.526E-1 3.685E-1
3.527E-1 3.626E-1
3.528E-1 3.688E-1
3.529E-1 3.629E-1
3.530E-1 3.689E-1
3.531E-1 3.630E-1
3.532E-1 3.692E-1
3.533E-1 3.633E-1
3.534E-1 3.694E-1
3.535E-1 3.634E-1
3.536E-1 3.698E-1
3.537E-1 3.639E-1
3.538E-1 3.698E-1
3.539E-1 3.638E-1
3.540E-1 3.701E-1
3.541E-1 3.641E-1
3.542E-1 3.702E-1
3.543E-1 3.642E-1
3.544E-1 3.706E-1
3.545E-1 3.647E-1
3.546E-1 3.707E-1
3.547E-1 3.647E-1
3.548E-1 3.710E-1
3.549E-1 3.650E-1
3.550E-1 3.712E-1
3.551E-1 3.652E-1
3.552E-1 3.716E-1
3.553E-1 3.656E-1
3.554E-1 3.717E-1
3.555E-1 3.657E-1
3.556E-1 3.719E-1
3.557E-1 3.659E-1
3.558E-1 3.720E-1
3.559E-1 3.660E-1
3.560E-1 3.724E-1
3.561E-1 3.664E-1
3.562E-1 3.725E-1
3.563E-1 3.665E-1
3.564E-1 3.728E-1
3.565E-1 3.668E-1
3.566E-1 3.730E-1
3.567E-1 3.670E-1
3.568E-1 3.734E-1
3.569E-1 3.673E-1
3.570E-1 3.734E-1
3.571E-1 3.674E-1
3.572E-1 3.737E-1
3.573E-1 3.677E-1
3.574E-1 3.738E-1
3.575E-1 3.678E-1
3.576E-1 3.743E-1
3.577E-1 3.682E-1
3.578E-1 3.744E-1
3.579E-1 3.683E-1
3.580E-1 3.747E-1
3.581E-1 3.686E-1
3.582E-1 3.749E-1
3.583E-1 3.689E-1
3.584E-1 3.743E-1
3.585E-1 3.683E-1
3.586E-1 3.743E-1
3.587E-1 3.683E-1
3.588E-1 3.745E-1
3.589E-1 3.685E-1
3.590E-1 3.746E-1
3.591E-1 3.686E-1
3.592E-1 3.749E-1
3.593E-1 3.689E-1
3.594E-1 3.750E-1
3.595E-1 3.690E-1
3.596E-1 3.753E-1
3.597E-1 3.693E-1
3.598E-1 3.754E-1
3.599E-1 3.694E-1
3.600E-1 3.758E-1
3.601E-1 3.698E-1
3.602E-1 3.759E-1
3.603E-1 3.698E-1
3.604E-1 3.761E-1
3.605E-1 3.701E-1
3.606E-1 3.762E-1
3.607E-1 3.702E-1
3.608E-1 3.766E-1
3.609E-1 3.706E-1
3.610E-1 3.767E-1
3.611E-1 3.706E-1
3.612E-1 3.770E-1
