3.610E-1 3.767E-1
3.611E-1 3.705E-1
3.612E-1 3.770E-1
3.613E-1 3.708E-1
3.614E-1 3.772E-1
3.615E-1 3.711E-1
3.616E-1 3.776E-1
3.617E-1 3.714E-1
3.618E-1 3.776E-1
3.619E-1 3.714E-1
3.620E-1 3.779E-1
3.621E-1 3.717E-1
3.622E-1 3.780E-1
3.623E-1 3.718E-1
3.624E-1 3.783E-1
3.625E-1 3.722E-1
3.626E-1 3.784E-1
3.627E-1 3.723E-1
3.628E-1 3.787E-1
3.629E-1 3.725E-1
3.630E-1 3.789E-1
3.631E-1 3.727E-1
3.632E-1 3.793E-1
3.633E-1 3.731E-1
3.634E-1 3.793E-1
3.635E-1 3.731E-1
3.636E-1 3.796E-1
3.637E-1 3.734E-1
3.638E-1 3.797E-1
3.639E-1 3.735E-1
3.640E-1 3.802E-1
3.641E-1 3.740E-1
3.642E-1 3.802E-1
3.643E-1 3.740E-1
3.644E-1 3.805E-1
3.645E-1 3.744E-1
3.646E-1 3.807E-1
3.647E-1 3.745E-1
3.648E-1 3.811E-1
3.649E-1 3.749E-1
3.650E-1 3.811E-1
3.651E-1 3.749E-1
3.652E-1 3.814E-1
3.653E-1 3.751E-1
3.654E-1 3.815E-1
3.655E-1 3.752E-1
3.656E-1 3.818E-1
3.657E-1 3.756E-1
3.658E-1 3.819E-1
3.659E-1 3.756E-1
3.660E-1 3.822E-1
3.661E-1 3.759E-1
3.662E-1 3.823E-1
3.663E-1 3.761E-1
3.664E-1 3.827E-1
3.665E-1 3.765E-1
3.666E-1 3.828E-1
3.667E-1 3.765E-1
3.668E-1 3.830E-1
3.669E-1 3.768E-1
3.670E-1 3.832E-1
3.671E-1 3.769E-1
3.672E-1 3.836E-1
3.673E-1 3.773E-1
3.674E-1 3.837E-1
3.675E-1 3.774E-1
3.676E-1 3.839E-1
3.677E-1 3.777E-1
3.678E-1 3.842E-1
3.679E-1 3.779E-1
3.680E-1 3.845E-1
3.681E-1 3.782E-1
3.682E-1 3.846E-1
3.683E-1 3.783E-1
3.684E-1 3.848E-1
3.685E-1 3.785E-1
3.686E-1 3.849E-1
3.687E-1 3.786E-1
3.688E-1 3.853E-1
3.689E-1 3.790E-1
3.690E-1 3.854E-1
3.691E-1 3.791E-1
3.692E-1 3.857E-1
3.693E-1 3.793E-1
3.694E-1 3.859E-1
3.695E-1 3.795E-1
3.696E-1 3.863E-1
3.697E-1 3.800E-1
3.698E-1 3.863E-1
3.699E-1 3.800E-1
3.700E-1 3.866E-1
3.701E-1 3.802E-1
3.702E-1 3.867E-1
3.703E-1 3.804E-1
3.704E-1 3.872E-1
3.705E-1 3.808E-1
3.706E-1 3.872E-1
3.707E-1 3.809E-1
3.708E-1 3.876E-1
3.709E-1 3.812E-1
3.710E-1 3.877E-1
3.711E-1 3.814E-1
3.712E-1 3.880E-1
3.713E-1 3.816E-1
3.714E-1 3.880E-1
3.715E-1 3.817E-1
3.716E-1 3.883E-1
3.717E-1 3.819E-1
3.718E-1 3.884E-1
3.719E-1 3.820E-1
3.720E-1 3.888E-1
3.721E-1 3.824E-1
3.722E-1 3.888E-1
3.723E-1 3.824E-1
3.724E-1 3.891E-1
3.725E-1 3.827E-1
3.726E-1 3.892E-1
3.727E-1 3.828E-1
3.728E-1 3.896E-1
3.729E-1 3.832E-1
3.730E-1 3.896E-1
3.731E-1 3.833E-1
3.732E-1 3.899E-1
3.733E-1 3.835E-1
3.734E-1 3.900E-1
3.735E-1 3.836E-1
3.736E-1 3.904E-1
3.737E-1 3.841E-1
3.738E-1 3.905E-1
3.739E-1 3.841E-1
3.740E-1 3.908E-1
3.741E-1 3.844E-1
3.742E-1 3.910E-1
3.743E-1 3.846E-1
3.744E-1 3.914E-1
3.745E-1 3.850E-1
3.746E-1 3.914E-1
3.747E-1 3.850E-1
3.748E-1 3.916E-1
3.749E-1 3.852E-1
3.750E-1 3.918E-1
3.751E-1 3.853E-1
3.752E-1 3.921E-1
3.753E-1 3.857E-1
3.754E-1 3.922E-1
3.755E-1 3.858E-1
3.756E-1 3.925E-1
3.757E-1 3.860E-1
3.758E-1 3.927E-1
3.759E-1 3.862E-1
3.760E-1 3.931E-1
3.761E-1 3.867E-1
3.762E-1 3.931E-1
3.763E-1 3.867E-1
3.764E-1 3.934E-1
3.765E-1 3.869E-1
3.766E-1 3.936E-1
3.767E-1 3.871E-1
3.768E-1 3.940E-1
3.769E-1 3.875E-1
3.770E-1 3.941E-1
3.771E-1 3.876E-1
3.772E-1 3.944E-1
3.773E-1 3.879E-1
3.774E-1 3.946E-1
3.775E-1 3.881E-1
3.776E-1 3.950E-1
3.777E-1 3.884E-1
3.778E-1 3.950E-1
3.779E-1 3.884E-1
3.780E-1 3.952E-1
3.781E-1 3.887E-1
3.782E-1 3.953E-1
3.783E-1 3.888E-1
3.784E-1 3.957E-1
3.785E-1 3.891E-1
3.786E-1 3.957E-1
3.787E-1 3.892E-1
3.788E-1 3.961E-1
3.789E-1 3.895E-1
3.790E-1 3.962E-1
3.791E-1 3.896E-1
3.792E-1 3.966E-1
3.793E-1 3.901E-1
3.794E-1 3.966E-1
3.795E-1 3.901E-1
3.796E-1 3.969E-1
3.797E-1 3.904E-1
3.798E-1 3.971E-1
3.799E-1 3.905E-1
3.800E-1 3.974E-1
3.801E-1 3.909E-1
3.802E-1 3.975E-1
3.803E-1 3.910E-1
3.804E-1 3.979E-1
3.805E-1 3.913E-1
3.806E-1 3.981E-1
3.807E-1 3.915E-1
3.808E-1 3.985E-1
3.809E-1 3.919E-1
3.810E-1 3.985E-1
3.811E-1 3.919E-1
3.812E-1 3.987E-1
3.813E-1 3.921E-1
3.814E-1 3.989E-1
3.815E-1 3.923E-1
3.816E-1 3.993E-1
3.817E-1 3.927E-1
3.818E-1 3.993E-1
3.819E-1 3.927E-1
3.820E-1 3.996E-1
3.821E-1 3.930E-1
3.822E-1 3.998E-1
3.823E-1 3.932E-1
3.824E-1 4.003E-1
3.825E-1 3.936E-1
3.826E-1 4.003E-1
3.827E-1 3.937E-1
3.828E-1 4.006E-1
3.829E-1 3.939E-1
3.830E-1 4.007E-1
3.831E-1 3.941E-1
3.832E-1 4.012E-1
3.833E-1 3.945E-1
3.834E-1 4.012E-1
3.835E-1 3.946E-1
3.836E-1 4.016E-1
3.837E-1 3.949E-1
3.838E-1 4.018E-1
3.839E-1 3.951E-1
3.840E-1 4.012E-1
3.841E-1 3.945E-1
3.842E-1 4.011E-1
3.843E-1 3.945E-1
3.844E-1 4.013E-1
3.845E-1 3.948E-1
3.846E-1 4.015E-1
3.847E-1 3.948E-1
3.848E-1 4.018E-1
3.849E-1 3.952E-1
3.850E-1 4.019E-1
3.851E-1 3.952E-1
3.852E-1 4.022E-1
3.853E-1 3.955E-1
3.854E-1 4.022E-1
3.855E-1 3.956E-1
3.856E-1 4.027E-1
3.857E-1 3.961E-1
3.858E-1 4.027E-1
3.859E-1 3.961E-1
3.860E-1 4.029E-1
3.861E-1 3.963E-1
3.862E-1 4.031E-1
3.863E-1 3.964E-1
3.864E-1 4.035E-1
3.865E-1 3.968E-1
3.866E-1 4.035E-1
3.867E-1 3.969E-1
3.868E-1 4.038E-1
3.869E-1 3.972E-1
3.870E-1 4.040E-1
3.871E-1 3.974E-1
3.872E-1 4.044E-1
3.873E-1 3.978E-1
3.874E-1 4.044E-1
3.875E-1 3.978E-1
3.876E-1 4.046E-1
3.877E-1 3.980E-1
3.878E-1 4.048E-1
3.879E-1 3.981E-1
3.880E-1 4.052E-1
3.881E-1 3.985E-1
3.882E-1 4.052E-1
3.883E-1 3.985E-1
3.884E-1 4.055E-1
3.885E-1 3.988E-1
3.886E-1 4.057E-1
3.887E-1 3.990E-1
3.888E-1 4.061E-1
3.889E-1 3.994E-1
3.890E-1 4.061E-1
3.891E-1 3.994E-1
3.892E-1 4.064E-1
3.893E-1 3.997E-1
3.894E-1 4.065E-1
3.895E-1 3.998E-1
3.896E-1 4.069E-1
3.897E-1 4.002E-1
3.898E-1 4.070E-1
3.899E-1 4.003E-1
3.900E-1 4.073E-1
3.901E-1 4.006E-1
3.902E-1 4.075E-1
3.903E-1 4.008E-1
3.904E-1 4.079E-1
3.905E-1 4.012E-1
3.906E-1 4.079E-1
3.907E-1 4.012E-1
3.908E-1 4.082E-1
3.909E-1 4.014E-1
3.910E-1 4.083E-1
3.911E-1 4.015E-1
3.912E-1 4.086E-1
3.913E-1 4.018E-1
3.914E-1 4.087E-1
3.915E-1 4.019E-1
3.916E-1 4.090E-1
3.917E-1 4.022E-1
3.918E-1 4.091E-1
3.919E-1 4.023E-1
3.920E-1 4.096E-1
3.921E-1 4.027E-1
3.922E-1 4.096E-1
3.923E-1 4.028E-1
3.924E-1 4.098E-1
3.925E-1 4.030E-1
3.926E-1 4.100E-1
3.927E-1 4.032E-1
3.928E-1 4.103E-1
3.929E-1 4.035E-1
3.930E-1 4.104E-1
3.931E-1 4.036E-1
3.932E-1 4.107E-1
3.933E-1 4.039E-1
3.934E-1 4.109E-1
3.935E-1 4.042E-1
3.936E-1 4.113E-1
3.937E-1 4.046E-1
3.938E-1 4.114E-1
3.939E-1 4.045E-1
3.940E-1 4.116E-1
3.941E-1 4.048E-1
3.942E-1 4.117E-1
3.943E-1 4.049E-1
3.944E-1 4.121E-1
3.945E-1 4.053E-1
3.946E-1 4.121E-1
3.947E-1 4.053E-1
3.948E-1 4.125E-1
3.949E-1 4.056E-1
3.950E-1 4.126E-1
3.951E-1 4.059E-1
3.952E-1 4.131E-1
3.953E-1 4.062E-1
3.954E-1 4.131E-1
3.955E-1 4.063E-1
3.956E-1 4.134E-1
3.957E-1 4.065E-1
3.958E-1 4.136E-1
3.959E-1 4.066E-1
3.960E-1 4.140E-1
3.961E-1 4.071E-1
3.962E-1 4.141E-1
3.963E-1 4.072E-1
3.964E-1 4.144E-1
3.965E-1 4.075E-1
3.966E-1 4.146E-1
3.967E-1 4.077E-1
3.968E-1 4.149E-1
3.969E-1 4.079E-1
3.970E-1 4.149E-1
3.971E-1 4.080E-1
3.972E-1 4.150E-1
3.973E-1 4.082E-1
3.974E-1 4.152E-1
3.975E-1 4.082E-1
3.976E-1 4.156E-1
3.977E-1 4.086E-1
3.978E-1 4.155E-1
3.979E-1 4.086E-1
3.980E-1 4.158E-1
3.981E-1 4.089E-1
3.982E-1 4.160E-1
3.983E-1 4.091E-1
3.984E-1 4.165E-1
3.985E-1 4.095E-1
3.986E-1 4.164E-1
3.987E-1 4.095E-1
3.988E-1 4.167E-1
3.989E-1 4.098E-1
3.990E-1 4.168E-1
3.991E-1 4.098E-1
3.992E-1 4.172E-1
3.993E-1 4.103E-1
3.994E-1 4.173E-1
3.995E-1 4.103E-1
3.996E-1 4.176E-1
3.997E-1 4.107E-1
3.998E-1 4.178E-1
3.999E-1 4.108E-1
4.000E-1 4.182E-1
4.001E-1 4.112E-1
4.002E-1 4.182E-1
4.003E-1 4.112E-1
4.004E-1 4.185E-1
4.005E-1 4.115E-1
4.006E-1 4.186E-1
4.007E-1 4.116E-1
4.008E-1 4.189E-1
4.009E-1 4.119E-1
4.010E-1 4.190E-1
4.011E-1 4.120E-1
4.012E-1 4.193E-1
4.013E-1 4.123E-1
4.014E-1 4.195E-1
4.015E-1 4.124E-1
4.016E-1 4.199E-1
4.017E-1 4.129E-1
4.018E-1 4.199E-1
4.019E-1 4.130E-1
4.020E-1 4.202E-1
4.021E-1 4.132E-1
4.022E-1 4.203E-1
4.023E-1 4.133E-1
4.024E-1 4.208E-1
4.025E-1 4.138E-1
4.026E-1 4.208E-1
4.027E-1 4.138E-1
4.028E-1 4.212E-1
4.029E-1 4.142E-1
4.030E-1 4.214E-1
4.031E-1 4.143E-1
4.032E-1 4.218E-1
4.033E-1 4.147E-1
4.034E-1 4.217E-1
4.035E-1 4.147E-1
4.036E-1 4.220E-1
4.037E-1 4.150E-1
4.038E-1 4.221E-1
4.039E-1 4.150E-1
4.040E-1 4.225E-1
4.041E-1 4.154E-1
4.042E-1 4.226E-1
4.043E-1 4.154E-1
4.044E-1 4.228E-1
4.045E-1 4.158E-1
4.046E-1 4.230E-1
4.047E-1 4.159E-1
4.048E-1 4.234E-1
4.049E-1 4.163E-1
4.050E-1 4.234E-1
4.051E-1 4.164E-1
4.052E-1 4.237E-1
4.053E-1 4.166E-1
4.054E-1 4.239E-1
4.055E-1 4.167E-1
4.056E-1 4.242E-1
4.057E-1 4.171E-1
4.058E-1 4.243E-1
4.059E-1 4.173E-1
4.060E-1 4.247E-1
4.061E-1 4.176E-1
4.062E-1 4.248E-1
4.063E-1 4.177E-1
4.064E-1 4.253E-1
4.065E-1 4.182E-1
4.066E-1 4.253E-1
4.067E-1 4.182E-1
4.068E-1 4.255E-1
4.069E-1 4.184E-1
4.070E-1 4.257E-1
4.071E-1 4.186E-1
4.072E-1 4.261E-1
4.073E-1 4.189E-1
4.074E-1 4.261E-1
4.075E-1 4.190E-1
4.076E-1 4.264E-1
4.077E-1 4.193E-1
4.078E-1 4.266E-1
4.079E-1 4.194E-1
4.080E-1 4.271E-1
4.081E-1 4.199E-1
4.082E-1 4.271E-1
4.083E-1 4.199E-1
4.084E-1 4.273E-1
4.085E-1 4.202E-1
4.086E-1 4.275E-1
4.087E-1 4.203E-1
4.088E-1 4.279E-1
4.089E-1 4.207E-1
4.090E-1 4.280E-1
4.091E-1 4.208E-1
4.092E-1 4.284E-1
4.093E-1 4.211E-1
4.094E-1 4.286E-1
4.095E-1 4.213E-1
4.096E-1 4.224E-1
4.097E-1 4.153E-1
4.098E-1 4.224E-1
4.099E-1 4.152E-1
4.100E-1 4.226E-1
4.101E-1 4.155E-1
4.102E-1 4.227E-1
4.103E-1 4.155E-1
4.104E-1 4.231E-1
4.105E-1 4.159E-1
4.106E-1 4.231E-1
4.107E-1 4.159E-1
4.108E-1 4.234E-1
4.109E-1 4.162E-1
4.110E-1 4.235E-1
4.111E-1 4.164E-1
4.112E-1 4.239E-1
4.113E-1 4.167E-1
4.114E-1 4.239E-1
4.115E-1 4.168E-1
4.116E-1 4.242E-1
4.117E-1 4.171E-1
4.118E-1 4.243E-1
4.119E-1 4.171E-1
4.120E-1 4.247E-1
4.121E-1 4.175E-1
4.122E-1 4.248E-1
4.123E-1 4.176E-1
4.124E-1 4.251E-1
4.125E-1 4.179E-1
4.126E-1 4.252E-1
4.127E-1 4.181E-1
4.128E-1 4.257E-1
4.129E-1 4.185E-1
4.130E-1 4.257E-1
4.131E-1 4.185E-1
4.132E-1 4.259E-1
4.133E-1 4.187E-1
4.134E-1 4.260E-1
4.135E-1 4.188E-1
4.136E-1 4.263E-1
4.137E-1 4.192E-1
4.138E-1 4.264E-1
4.139E-1 4.192E-1
4.140E-1 4.268E-1
4.141E-1 4.195E-1
4.142E-1 4.269E-1
4.143E-1 4.196E-1
4.144E-1 4.273E-1
4.145E-1 4.201E-1
4.146E-1 4.273E-1
4.147E-1 4.201E-1
4.148E-1 4.276E-1
4.149E-1 4.204E-1
4.150E-1 4.277E-1
4.151E-1 4.205E-1
4.152E-1 4.282E-1
4.153E-1 4.209E-1
4.154E-1 4.282E-1
4.155E-1 4.210E-1
4.156E-1 4.286E-1
4.157E-1 4.213E-1
4.158E-1 4.288E-1
4.159E-1 4.215E-1
4.160E-1 4.292E-1
4.161E-1 4.219E-1
4.162E-1 4.292E-1
4.163E-1 4.218E-1
4.164E-1 4.294E-1
4.165E-1 4.221E-1
4.166E-1 4.295E-1
4.167E-1 4.222E-1
4.168E-1 4.299E-1
4.169E-1 4.225E-1
4.170E-1 4.299E-1
4.171E-1 4.226E-1
4.172E-1 4.302E-1
4.173E-1 4.229E-1
4.174E-1 4.303E-1
4.175E-1 4.230E-1
4.176E-1 4.308E-1
4.177E-1 4.234E-1
4.178E-1 4.307E-1
4.179E-1 4.235E-1
4.180E-1 4.311E-1
4.181E-1 4.237E-1
4.182E-1 4.312E-1
4.183E-1 4.239E-1
4.184E-1 4.316E-1
4.185E-1 4.243E-1
4.186E-1 4.316E-1
4.187E-1 4.243E-1
4.188E-1 4.319E-1
4.189E-1 4.246E-1
4.190E-1 4.322E-1
4.191E-1 4.248E-1
4.192E-1 4.327E-1
4.193E-1 4.253E-1
4.194E-1 4.326E-1
4.195E-1 4.252E-1
4.196E-1 4.328E-1
4.197E-1 4.255E-1
4.198E-1 4.330E-1
4.199E-1 4.256E-1
4.200E-1 4.334E-1
4.201E-1 4.260E-1
4.202E-1 4.334E-1
4.203E-1 4.260E-1
4.204E-1 4.337E-1
4.205E-1 4.263E-1
4.206E-1 4.339E-1
4.207E-1 4.265E-1
4.208E-1 4.343E-1
4.209E-1 4.270E-1
4.210E-1 4.344E-1
4.211E-1 4.270E-1
4.212E-1 4.346E-1
4.213E-1 4.272E-1
4.214E-1 4.348E-1
4.215E-1 4.274E-1
4.216E-1 4.352E-1
4.217E-1 4.278E-1
4.218E-1 4.352E-1
4.219E-1 4.279E-1
4.220E-1 4.357E-1
4.221E-1 4.282E-1
4.222E-1 4.358E-1
4.223E-1 4.284E-1
4.224E-1 4.362E-1
4.225E-1 4.287E-1
4.226E-1 4.361E-1
4.227E-1 4.287E-1
4.228E-1 4.363E-1
4.229E-1 4.289E-1
4.230E-1 4.364E-1
4.231E-1 4.290E-1
4.232E-1 4.368E-1
4.233E-1 4.293E-1
4.234E-1 4.368E-1
4.235E-1 4.294E-1
4.236E-1 4.371E-1
4.237E-1 4.297E-1
4.238E-1 4.373E-1
4.239E-1 4.298E-1
4.240E-1 4.377E-1
4.241E-1 4.302E-1
4.242E-1 4.377E-1
4.243E-1 4.302E-1
4.244E-1 4.379E-1
4.245E-1 4.305E-1
4.246E-1 4.381E-1
4.247E-1 4.306E-1
4.248E-1 4.385E-1
4.249E-1 4.310E-1
4.250E-1 4.385E-1
4.251E-1 4.311E-1
4.252E-1 4.389E-1
4.253E-1 4.314E-1
4.254E-1 4.390E-1
4.255E-1 4.315E-1
4.256E-1 4.395E-1
4.257E-1 4.320E-1
4.258E-1 4.395E-1
4.259E-1 4.320E-1
4.260E-1 4.397E-1
4.261E-1 4.322E-1
4.262E-1 4.398E-1
4.263E-1 4.323E-1
4.264E-1 4.402E-1
4.265E-1 4.327E-1
4.266E-1 4.402E-1
4.267E-1 4.328E-1
4.268E-1 4.405E-1
4.269E-1 4.330E-1
4.270E-1 4.407E-1
4.271E-1 4.332E-1
4.272E-1 4.412E-1
4.273E-1 4.337E-1
4.274E-1 4.412E-1
4.275E-1 4.336E-1
4.276E-1 4.415E-1
4.277E-1 4.339E-1
4.278E-1 4.416E-1
4.279E-1 4.340E-1
4.280E-1 4.420E-1
4.281E-1 4.345E-1
4.282E-1 4.421E-1
4.283E-1 4.346E-1
4.284E-1 4.425E-1
4.285E-1 4.349E-1
4.286E-1 4.427E-1
4.287E-1 4.351E-1
4.288E-1 4.431E-1
4.289E-1 4.355E-1
4.290E-1 4.430E-1
4.291E-1 4.354E-1
4.292E-1 4.433E-1
4.293E-1 4.357E-1
4.294E-1 4.434E-1
4.295E-1 4.358E-1
4.296E-1 4.438E-1
4.297E-1 4.362E-1
4.298E-1 4.437E-1
4.299E-1 4.362E-1
4.300E-1 4.441E-1
4.301E-1 4.365E-1
4.302E-1 4.442E-1
4.303E-1 4.366E-1
4.304E-1 4.447E-1
4.305E-1 4.370E-1
4.306E-1 4.447E-1
4.307E-1 4.371E-1
4.308E-1 4.450E-1
4.309E-1 4.373E-1
4.310E-1 4.451E-1
4.311E-1 4.374E-1
4.312E-1 4.455E-1
4.313E-1 4.379E-1
4.314E-1 4.456E-1
4.315E-1 4.379E-1
4.316E-1 4.459E-1
4.317E-1 4.383E-1
4.318E-1 4.461E-1
4.319E-1 4.385E-1
4.320E-1 4.466E-1
4.321E-1 4.389E-1
4.322E-1 4.465E-1
4.323E-1 4.389E-1
4.324E-1 4.468E-1
4.325E-1 4.391E-1
4.326E-1 4.469E-1
4.327E-1 4.393E-1
4.328E-1 4.473E-1
4.329E-1 4.396E-1
4.330E-1 4.473E-1
4.331E-1 4.397E-1
4.332E-1 4.477E-1
4.333E-1 4.400E-1
4.334E-1 4.478E-1
4.335E-1 4.402E-1
4.336E-1 4.483E-1
4.337E-1 4.406E-1
4.338E-1 4.483E-1
4.339E-1 4.407E-1
4.340E-1 4.486E-1
4.341E-1 4.409E-1
4.342E-1 4.488E-1
4.343E-1 4.411E-1
4.344E-1 4.492E-1
4.345E-1 4.415E-1
4.346E-1 4.493E-1
4.347E-1 4.416E-1
4.348E-1 4.497E-1
4.349E-1 4.420E-1
4.350E-1 4.499E-1
4.351E-1 4.422E-1
4.352E-1 4.495E-1
4.353E-1 4.418E-1
4.354E-1 4.495E-1
4.355E-1 4.418E-1
4.356E-1 4.497E-1
4.357E-1 4.420E-1
4.358E-1 4.498E-1
4.359E-1 4.421E-1
4.360E-1 4.502E-1
4.361E-1 4.424E-1
4.362E-1 4.502E-1
4.363E-1 4.424E-1
4.364E-1 4.505E-1
4.365E-1 4.428E-1
4.366E-1 4.506E-1
4.367E-1 4.429E-1
4.368E-1 4.511E-1
4.369E-1 4.433E-1
4.370E-1 4.510E-1
4.371E-1 4.432E-1
4.372E-1 4.513E-1
4.373E-1 4.436E-1
4.374E-1 4.514E-1
4.375E-1 4.437E-1
4.376E-1 4.518E-1
4.377E-1 4.441E-1
4.378E-1 4.519E-1
4.379E-1 4.441E-1
4.380E-1 4.522E-1
4.381E-1 4.445E-1
4.382E-1 4.524E-1
4.383E-1 4.447E-1
4.384E-1 4.528E-1
4.385E-1 4.451E-1
4.386E-1 4.527E-1
4.387E-1 4.450E-1
4.388E-1 4.530E-1
4.389E-1 4.453E-1
4.390E-1 4.531E-1
4.391E-1 4.453E-1
4.392E-1 4.535E-1
4.393E-1 4.457E-1
4.394E-1 4.535E-1
4.395E-1 4.458E-1
4.396E-1 4.538E-1
4.397E-1 4.461E-1
4.398E-1 4.540E-1
4.399E-1 4.462E-1
4.400E-1 4.545E-1
4.401E-1 4.466E-1
4.402E-1 4.544E-1
4.403E-1 4.466E-1
4.404E-1 4.547E-1
4.405E-1 4.469E-1
4.406E-1 4.549E-1
4.407E-1 4.471E-1
4.408E-1 4.553E-1
4.409E-1 4.475E-1
4.410E-1 4.553E-1
4.411E-1 4.475E-1
4.412E-1 4.557E-1
4.413E-1 4.478E-1
4.414E-1 4.559E-1
4.415E-1 4.481E-1
4.416E-1 4.563E-1
4.417E-1 4.485E-1
4.418E-1 4.562E-1
4.419E-1 4.484E-1
4.420E-1 4.565E-1
4.421E-1 4.487E-1
4.422E-1 4.565E-1
4.423E-1 4.487E-1
4.424E-1 4.570E-1
4.425E-1 4.491E-1
4.426E-1 4.570E-1
4.427E-1 4.491E-1
4.428E-1 4.573E-1
4.429E-1 4.494E-1
4.430E-1 4.574E-1
4.431E-1 4.496E-1
4.432E-1 4.579E-1
4.433E-1 4.500E-1
4.434E-1 4.578E-1
4.435E-1 4.500E-1
4.436E-1 4.581E-1
4.437E-1 4.503E-1
4.438E-1 4.582E-1
4.439E-1 4.504E-1
4.440E-1 4.587E-1
4.441E-1 4.508E-1
4.442E-1 4.587E-1
4.443E-1 4.508E-1
4.444E-1 4.590E-1
4.445E-1 4.512E-1
4.446E-1 4.593E-1
4.447E-1 4.514E-1
4.448E-1 4.597E-1
4.449E-1 4.518E-1
4.450E-1 4.597E-1
4.451E-1 4.518E-1
4.452E-1 4.599E-1
4.453E-1 4.520E-1
4.454E-1 4.600E-1
4.455E-1 4.521E-1
4.456E-1 4.604E-1
4.457E-1 4.525E-1
4.458E-1 4.604E-1
4.459E-1 4.525E-1
4.460E-1 4.608E-1
4.461E-1 4.529E-1
4.462E-1 4.609E-1
4.463E-1 4.530E-1
4.464E-1 4.614E-1
4.465E-1 4.535E-1
4.466E-1 4.614E-1
4.467E-1 4.535E-1
4.468E-1 4.617E-1
4.469E-1 4.538E-1
4.470E-1 4.619E-1
4.471E-1 4.539E-1
4.472E-1 4.623E-1
4.473E-1 4.543E-1
4.474E-1 4.624E-1
4.475E-1 4.544E-1
4.476E-1 4.627E-1
4.477E-1 4.547E-1
4.478E-1 4.629E-1
4.479E-1 4.550E-1
4.480E-1 4.633E-1
4.481E-1 4.553E-1
4.482E-1 4.632E-1
4.483E-1 4.553E-1
4.484E-1 4.634E-1
4.485E-1 4.555E-1
4.486E-1 4.635E-1
4.487E-1 4.555E-1
4.488E-1 4.639E-1
4.489E-1 4.559E-1
4.490E-1 4.639E-1
4.491E-1 4.559E-1
4.492E-1 4.642E-1
4.493E-1 4.562E-1
4.494E-1 4.643E-1
4.495E-1 4.564E-1
4.496E-1 4.648E-1
4.497E-1 4.568E-1
4.498E-1 4.647E-1
4.499E-1 4.568E-1
4.500E-1 4.650E-1
4.501E-1 4.570E-1
4.502E-1 4.651E-1
4.503E-1 4.571E-1
4.504E-1 4.656E-1
4.505E-1 4.576E-1
4.506E-1 4.656E-1
4.507E-1 4.576E-1
4.508E-1 4.660E-1
4.509E-1 4.579E-1
4.510E-1 4.661E-1
4.511E-1 4.581E-1
4.512E-1 4.665E-1
4.513E-1 4.586E-1
4.514E-1 4.665E-1
4.515E-1 4.585E-1
4.516E-1 4.668E-1
4.517E-1 4.588E-1
4.518E-1 4.668E-1
4.519E-1 4.588E-1
4.520E-1 4.672E-1
4.521E-1 4.592E-1
4.522E-1 4.673E-1
4.523E-1 4.593E-1
4.524E-1 4.676E-1
4.525E-1 4.596E-1
4.526E-1 4.678E-1
4.527E-1 4.598E-1
4.528E-1 4.682E-1
4.529E-1 4.602E-1
4.530E-1 4.682E-1
4.531E-1 4.602E-1
4.532E-1 4.685E-1
4.533E-1 4.605E-1
4.534E-1 4.686E-1
4.535E-1 4.606E-1
4.536E-1 4.691E-1
4.537E-1 4.610E-1
4.538E-1 4.691E-1
4.539E-1 4.611E-1
4.540E-1 4.695E-1
4.541E-1 4.614E-1
4.542E-1 4.697E-1
4.543E-1 4.617E-1
4.544E-1 4.702E-1
4.545E-1 4.620E-1
4.546E-1 4.701E-1
4.547E-1 4.620E-1
4.548E-1 4.703E-1
4.549E-1 4.622E-1
4.550E-1 4.704E-1
4.551E-1 4.623E-1
4.552E-1 4.708E-1
4.553E-1 4.627E-1
4.554E-1 4.708E-1
4.555E-1 4.627E-1
4.556E-1 4.712E-1
4.557E-1 4.630E-1
4.558E-1 4.713E-1
4.559E-1 4.632E-1
4.560E-1 4.717E-1
4.561E-1 4.636E-1
4.562E-1 4.717E-1
4.563E-1 4.636E-1
4.564E-1 4.720E-1
4.565E-1 4.638E-1
4.566E-1 4.722E-1
4.567E-1 4.640E-1
4.568E-1 4.726E-1
4.569E-1 4.644E-1
4.570E-1 4.726E-1
4.571E-1 4.645E-1
4.572E-1 4.730E-1
4.573E-1 4.648E-1
4.574E-1 4.731E-1
4.575E-1 4.650E-1
4.576E-1 4.736E-1
4.577E-1 4.655E-1
4.578E-1 4.736E-1
4.579E-1 4.654E-1
4.580E-1 4.739E-1
4.581E-1 4.657E-1
4.582E-1 4.739E-1
4.583E-1 4.657E-1
4.584E-1 4.744E-1
4.585E-1 4.661E-1
4.586E-1 4.744E-1
4.587E-1 4.662E-1
4.588E-1 4.748E-1
4.589E-1 4.666E-1
4.590E-1 4.749E-1
4.591E-1 4.667E-1
4.592E-1 4.754E-1
4.593E-1 4.672E-1
4.594E-1 4.754E-1
4.595E-1 4.672E-1
4.596E-1 4.757E-1
4.597E-1 4.675E-1
4.598E-1 4.758E-1
4.599E-1 4.677E-1
4.600E-1 4.763E-1
4.601E-1 4.681E-1
4.602E-1 4.764E-1
4.603E-1 4.681E-1
4.604E-1 4.767E-1
4.605E-1 4.685E-1
4.606E-1 4.769E-1
4.607E-1 4.687E-1
4.608E-1 4.765E-1
4.609E-1 4.683E-1
4.610E-1 4.764E-1
4.611E-1 4.682E-1
4.612E-1 4.766E-1
4.613E-1 4.684E-1
4.614E-1 4.767E-1
4.615E-1 4.685E-1
4.616E-1 4.771E-1
4.617E-1 4.689E-1
4.618E-1 4.771E-1
4.619E-1 4.689E-1
4.620E-1 4.774E-1
4.621E-1 4.692E-1
4.622E-1 4.775E-1
4.623E-1 4.693E-1
4.624E-1 4.780E-1
4.625E-1 4.697E-1
4.626E-1 4.779E-1
4.627E-1 4.697E-1
4.628E-1 4.782E-1
4.629E-1 4.700E-1
4.630E-1 4.783E-1
4.631E-1 4.700E-1
4.632E-1 4.787E-1
4.633E-1 4.705E-1
4.634E-1 4.787E-1
4.635E-1 4.705E-1
4.636E-1 4.791E-1
4.637E-1 4.709E-1
4.638E-1 4.793E-1
4.639E-1 4.710E-1
4.640E-1 4.797E-1
4.641E-1 4.715E-1
4.642E-1 4.797E-1
4.643E-1 4.714E-1
4.644E-1 4.799E-1
4.645E-1 4.716E-1
4.646E-1 4.800E-1
4.647E-1 4.717E-1
4.648E-1 4.804E-1
4.649E-1 4.721E-1
4.650E-1 4.804E-1
4.651E-1 4.721E-1
4.652E-1 4.808E-1
4.653E-1 4.725E-1
4.654E-1 4.809E-1
4.655E-1 4.726E-1
4.656E-1 4.814E-1
4.657E-1 4.731E-1
4.658E-1 4.813E-1
4.659E-1 4.730E-1
4.660E-1 4.816E-1
4.661E-1 4.733E-1
4.662E-1 4.818E-1
4.663E-1 4.735E-1
4.664E-1 4.822E-1
4.665E-1 4.739E-1
4.666E-1 4.822E-1
4.667E-1 4.739E-1
4.668E-1 4.826E-1
4.669E-1 4.743E-1
4.670E-1 4.828E-1
4.671E-1 4.745E-1
4.672E-1 4.832E-1
4.673E-1 4.749E-1
4.674E-1 4.832E-1
4.675E-1 4.748E-1
4.676E-1 4.834E-1
4.677E-1 4.751E-1
4.678E-1 4.835E-1
4.679E-1 4.752E-1
4.680E-1 4.839E-1
4.681E-1 4.755E-1
4.682E-1 4.838E-1
4.683E-1 4.755E-1
4.684E-1 4.842E-1
4.685E-1 4.758E-1
4.686E-1 4.843E-1
4.687E-1 4.760E-1
4.688E-1 4.848E-1
4.689E-1 4.764E-1
4.690E-1 4.847E-1
4.691E-1 4.764E-1
4.692E-1 4.850E-1
4.693E-1 4.767E-1
4.694E-1 4.852E-1
4.695E-1 4.768E-1
4.696E-1 4.856E-1
4.697E-1 4.772E-1
4.698E-1 4.856E-1
4.699E-1 4.772E-1
4.700E-1 4.859E-1
4.701E-1 4.775E-1
4.702E-1 4.861E-1
4.703E-1 4.777E-1
4.704E-1 4.866E-1
4.705E-1 4.782E-1
4.706E-1 4.866E-1
4.707E-1 4.781E-1
4.708E-1 4.868E-1
4.709E-1 4.783E-1
4.710E-1 4.869E-1
4.711E-1 4.783E-1
4.712E-1 4.874E-1
4.713E-1 4.789E-1
4.714E-1 4.874E-1
4.715E-1 4.789E-1
4.716E-1 4.877E-1
4.717E-1 4.793E-1
4.718E-1 4.879E-1
4.719E-1 4.795E-1
4.720E-1 4.884E-1
4.721E-1 4.799E-1
4.722E-1 4.884E-1
4.723E-1 4.799E-1
4.724E-1 4.887E-1
4.725E-1 4.802E-1
4.726E-1 4.888E-1
4.727E-1 4.803E-1
4.728E-1 4.893E-1
4.729E-1 4.808E-1
4.730E-1 4.893E-1
4.731E-1 4.809E-1
4.732E-1 4.897E-1
4.733E-1 4.812E-1
4.734E-1 4.899E-1
4.735E-1 4.814E-1
4.736E-1 4.903E-1
4.737E-1 4.817E-1
4.738E-1 4.901E-1
4.739E-1 4.816E-1
4.740E-1 4.904E-1
4.741E-1 4.819E-1
4.742E-1 4.904E-1
4.743E-1 4.819E-1
4.744E-1 4.909E-1
4.745E-1 4.823E-1
4.746E-1 4.908E-1
4.747E-1 4.823E-1
4.748E-1 4.912E-1
4.749E-1 4.826E-1
4.750E-1 4.913E-1
4.751E-1 4.828E-1
4.752E-1 4.918E-1
4.753E-1 4.832E-1
4.754E-1 4.917E-1
4.755E-1 4.832E-1
4.756E-1 4.920E-1
4.757E-1 4.834E-1
4.758E-1 4.921E-1
4.759E-1 4.835E-1
4.760E-1 4.925E-1
4.761E-1 4.839E-1
4.762E-1 4.925E-1
4.763E-1 4.840E-1
4.764E-1 4.928E-1
4.765E-1 4.843E-1
4.766E-1 4.931E-1
4.767E-1 4.845E-1
4.768E-1 4.936E-1
4.769E-1 4.850E-1
4.770E-1 4.935E-1
4.771E-1 4.849E-1
4.772E-1 4.937E-1
4.773E-1 4.852E-1
4.774E-1 4.938E-1
4.775E-1 4.852E-1
4.776E-1 4.943E-1
4.777E-1 4.857E-1
4.778E-1 4.942E-1
4.779E-1 4.857E-1
4.780E-1 4.946E-1
4.781E-1 4.859E-1
4.782E-1 4.947E-1
4.783E-1 4.862E-1
4.784E-1 4.952E-1
4.785E-1 4.866E-1
4.786E-1 4.952E-1
4.787E-1 4.866E-1
4.788E-1 4.955E-1
4.789E-1 4.869E-1
4.790E-1 4.956E-1
4.791E-1 4.870E-1
4.792E-1 4.961E-1
4.793E-1 4.875E-1
4.794E-1 4.962E-1
4.795E-1 4.875E-1
4.796E-1 4.965E-1
4.797E-1 4.878E-1
4.798E-1 4.967E-1
4.799E-1 4.880E-1
4.800E-1 4.972E-1
4.801E-1 4.885E-1
4.802E-1 4.971E-1
4.803E-1 4.884E-1
4.804E-1 4.973E-1
4.805E-1 4.887E-1
4.806E-1 4.974E-1
4.807E-1 4.888E-1
4.808E-1 4.978E-1
4.809E-1 4.891E-1
4.810E-1 4.978E-1
4.811E-1 4.892E-1
4.812E-1 4.981E-1
4.813E-1 4.894E-1
4.814E-1 4.983E-1
4.815E-1 4.896E-1
4.816E-1 4.987E-1
4.817E-1 4.901E-1
4.818E-1 4.987E-1
4.819E-1 4.900E-1
4.820E-1 4.990E-1
4.821E-1 4.903E-1
4.822E-1 4.991E-1
4.823E-1 4.904E-1
4.824E-1 4.995E-1
4.825E-1 4.908E-1
4.826E-1 4.996E-1
4.827E-1 4.909E-1
4.828E-1 5.000E-1
4.829E-1 4.912E-1
4.830E-1 5.001E-1
4.831E-1 4.915E-1
4.832E-1 5.006E-1
4.833E-1 4.919E-1
4.834E-1 5.005E-1
4.835E-1 4.919E-1
4.836E-1 5.009E-1
4.837E-1 4.921E-1
4.838E-1 5.009E-1
4.839E-1 4.922E-1
4.840E-1 5.014E-1
4.841E-1 4.926E-1
4.842E-1 5.013E-1
4.843E-1 4.926E-1
4.844E-1 5.017E-1
4.845E-1 4.929E-1
4.846E-1 5.019E-1
4.847E-1 4.931E-1
4.848E-1 5.024E-1
4.849E-1 4.936E-1
4.850E-1 5.023E-1
4.851E-1 4.936E-1
4.852E-1 5.027E-1
4.853E-1 4.939E-1
4.854E-1 5.028E-1
4.855E-1 4.940E-1
4.856E-1 5.033E-1
4.857E-1 4.945E-1
4.858E-1 5.033E-1
4.859E-1 4.945E-1
4.860E-1 5.037E-1
4.861E-1 4.949E-1
4.862E-1 5.039E-1
4.863E-1 4.952E-1
4.864E-1 5.035E-1
4.865E-1 4.947E-1
4.866E-1 5.033E-1
4.867E-1 4.946E-1
4.868E-1 5.036E-1
4.869E-1 4.949E-1
4.870E-1 5.036E-1
4.871E-1 4.949E-1
4.872E-1 5.041E-1
4.873E-1 4.953E-1
4.874E-1 5.040E-1
4.875E-1 4.953E-1
4.876E-1 5.043E-1
4.877E-1 4.955E-1
4.878E-1 5.045E-1
4.879E-1 4.957E-1
4.880E-1 5.049E-1
4.881E-1 4.962E-1
4.882E-1 5.049E-1
4.883E-1 4.961E-1
4.884E-1 5.052E-1
4.885E-1 4.964E-1
4.886E-1 5.052E-1
4.887E-1 4.964E-1
4.888E-1 5.057E-1
4.889E-1 4.969E-1
4.890E-1 5.057E-1
4.891E-1 4.969E-1
4.892E-1 5.061E-1
4.893E-1 4.972E-1
4.894E-1 5.062E-1
4.895E-1 4.974E-1
4.896E-1 5.067E-1
4.897E-1 4.979E-1
4.898E-1 5.066E-1
4.899E-1 4.978E-1
4.900E-1 5.069E-1
4.901E-1 4.980E-1
4.902E-1 5.069E-1
4.903E-1 4.981E-1
4.904E-1 5.074E-1
4.905E-1 4.985E-1
4.906E-1 5.073E-1
4.907E-1 4.985E-1
4.908E-1 5.077E-1
4.909E-1 4.988E-1
4.910E-1 5.078E-1
4.911E-1 4.990E-1
4.912E-1 5.083E-1
4.913E-1 4.994E-1
4.914E-1 5.083E-1
4.915E-1 4.994E-1
4.916E-1 5.085E-1
4.917E-1 4.996E-1
4.918E-1 5.087E-1
4.919E-1 4.997E-1
4.920E-1 5.091E-1
4.921E-1 5.002E-1
4.922E-1 5.091E-1
4.923E-1 5.002E-1
4.924E-1 5.095E-1
4.925E-1 5.006E-1
4.926E-1 5.097E-1
4.927E-1 5.008E-1
4.928E-1 5.102E-1
4.929E-1 5.012E-1
4.930E-1 5.101E-1
4.931E-1 5.011E-1
4.932E-1 5.103E-1
4.933E-1 5.014E-1
4.934E-1 5.104E-1
4.935E-1 5.015E-1
4.936E-1 5.108E-1
4.937E-1 5.019E-1
4.938E-1 5.108E-1
4.939E-1 5.018E-1
4.940E-1 5.111E-1
4.941E-1 5.022E-1
4.942E-1 5.112E-1
4.943E-1 5.023E-1
4.944E-1 5.117E-1
4.945E-1 5.028E-1
4.946E-1 5.117E-1
4.947E-1 5.027E-1
4.948E-1 5.120E-1
4.949E-1 5.030E-1
4.950E-1 5.121E-1
4.951E-1 5.031E-1
4.952E-1 5.125E-1
4.953E-1 5.035E-1
4.954E-1 5.125E-1
4.955E-1 5.035E-1
4.956E-1 5.129E-1
4.957E-1 5.039E-1
4.958E-1 5.131E-1
4.959E-1 5.041E-1
4.960E-1 5.136E-1
4.961E-1 5.045E-1
4.962E-1 5.135E-1
4.963E-1 5.044E-1
4.964E-1 5.138E-1
4.965E-1 5.047E-1
4.966E-1 5.138E-1
4.967E-1 5.048E-1
4.968E-1 5.143E-1
4.969E-1 5.052E-1
4.970E-1 5.143E-1
4.971E-1 5.052E-1
4.972E-1 5.146E-1
4.973E-1 5.056E-1
4.974E-1 5.148E-1
4.975E-1 5.057E-1
4.976E-1 5.153E-1
4.977E-1 5.062E-1
4.978E-1 5.152E-1
4.979E-1 5.062E-1
4.980E-1 5.156E-1
4.981E-1 5.065E-1
4.982E-1 5.157E-1
4.983E-1 5.066E-1
4.984E-1 5.161E-1
4.985E-1 5.071E-1
4.986E-1 5.161E-1
4.987E-1 5.071E-1
4.988E-1 5.166E-1
4.989E-1 5.075E-1
4.990E-1 5.168E-1
4.991E-1 5.077E-1
4.992E-1 5.171E-1
4.993E-1 5.081E-1
4.994E-1 5.170E-1
4.995E-1 5.080E-1
4.996E-1 5.173E-1
4.997E-1 5.082E-1
4.998E-1 5.173E-1
4.999E-1 5.082E-1
5.000E-1 5.177E-1
5.001E-1 5.086E-1
5.002E-1 5.177E-1
5.003E-1 5.086E-1
5.004E-1 5.181E-1
5.005E-1 5.089E-1
5.006E-1 5.182E-1
5.007E-1 5.091E-1
5.008E-1 5.187E-1
5.009E-1 5.096E-1
