4.805E-305 5.156E-312
5.000E-1 5.177E-1
5.001E-1 5.084E-1
5.002E-1 5.177E-1
5.003E-1 5.084E-1
5.004E-1 5.181E-1
5.005E-1 5.088E-1
5.006E-1 5.182E-1
5.007E-1 5.089E-1
5.008E-1 5.187E-1
5.009E-1 5.094E-1
5.010E-1 5.186E-1
5.011E-1 5.095E-1
5.012E-1 5.189E-1
5.013E-1 5.097E-1
5.014E-1 5.190E-1
5.015E-1 5.097E-1
5.016E-1 5.195E-1
5.017E-1 5.102E-1
5.018E-1 5.195E-1
5.019E-1 5.102E-1
5.020E-1 5.198E-1
5.021E-1 5.106E-1
5.022E-1 5.200E-1
5.023E-1 5.108E-1
5.024E-1 5.206E-1
5.025E-1 5.113E-1
5.026E-1 5.204E-1
5.027E-1 5.112E-1
5.028E-1 5.207E-1
5.029E-1 5.115E-1
5.030E-1 5.207E-1
5.031E-1 5.115E-1
5.032E-1 5.212E-1
5.033E-1 5.120E-1
5.034E-1 5.212E-1
5.035E-1 5.119E-1
5.036E-1 5.216E-1
5.037E-1 5.123E-1
5.038E-1 5.216E-1
5.039E-1 5.124E-1
5.040E-1 5.222E-1
5.041E-1 5.129E-1
5.042E-1 5.221E-1
5.043E-1 5.129E-1
5.044E-1 5.224E-1
5.045E-1 5.132E-1
5.046E-1 5.226E-1
5.047E-1 5.133E-1
5.048E-1 5.230E-1
5.049E-1 5.138E-1
5.050E-1 5.231E-1
5.051E-1 5.138E-1
5.052E-1 5.234E-1
5.053E-1 5.141E-1
5.054E-1 5.236E-1
5.055E-1 5.144E-1
5.056E-1 5.241E-1
5.057E-1 5.149E-1
5.058E-1 5.239E-1
5.059E-1 5.147E-1
5.060E-1 5.243E-1
5.061E-1 5.150E-1
5.062E-1 5.243E-1
5.063E-1 5.150E-1
5.064E-1 5.248E-1
5.065E-1 5.155E-1
5.066E-1 5.247E-1
5.067E-1 5.154E-1
5.068E-1 5.251E-1
5.069E-1 5.158E-1
5.070E-1 5.252E-1
5.071E-1 5.159E-1
5.072E-1 5.257E-1
5.073E-1 5.164E-1
5.074E-1 5.256E-1
5.075E-1 5.163E-1
5.076E-1 5.259E-1
5.077E-1 5.166E-1
5.078E-1 5.261E-1
5.079E-1 5.168E-1
5.080E-1 5.265E-1
5.081E-1 5.172E-1
5.082E-1 5.265E-1
5.083E-1 5.172E-1
5.084E-1 5.269E-1
5.085E-1 5.176E-1
5.086E-1 5.270E-1
5.087E-1 5.177E-1
5.088E-1 5.276E-1
5.089E-1 5.182E-1
5.090E-1 5.275E-1
5.091E-1 5.181E-1
5.092E-1 5.278E-1
5.093E-1 5.184E-1
5.094E-1 5.278E-1
5.095E-1 5.185E-1
5.096E-1 5.283E-1
5.097E-1 5.189E-1
5.098E-1 5.283E-1
5.099E-1 5.189E-1
5.100E-1 5.286E-1
5.101E-1 5.193E-1
5.102E-1 5.288E-1
5.103E-1 5.194E-1
5.104E-1 5.293E-1
5.105E-1 5.199E-1
5.106E-1 5.293E-1
5.107E-1 5.199E-1
5.108E-1 5.296E-1
5.109E-1 5.202E-1
5.110E-1 5.297E-1
5.111E-1 5.203E-1
5.112E-1 5.302E-1
5.113E-1 5.208E-1
5.114E-1 5.303E-1
5.115E-1 5.209E-1
5.116E-1 5.307E-1
5.117E-1 5.212E-1
5.118E-1 5.309E-1
5.119E-1 5.214E-1
5.120E-1 5.297E-1
5.121E-1 5.203E-1
5.122E-1 5.296E-1
5.123E-1 5.202E-1
5.124E-1 5.298E-1
5.125E-1 5.204E-1
5.126E-1 5.298E-1
5.127E-1 5.205E-1
5.128E-1 5.303E-1
5.129E-1 5.208E-1
5.130E-1 5.302E-1
5.131E-1 5.208E-1
5.132E-1 5.305E-1
5.133E-1 5.211E-1
5.134E-1 5.307E-1
5.135E-1 5.213E-1
5.136E-1 5.311E-1
5.137E-1 5.218E-1
5.138E-1 5.311E-1
5.139E-1 5.216E-1
5.140E-1 5.314E-1
5.141E-1 5.220E-1
5.142E-1 5.314E-1
5.143E-1 5.220E-1
5.144E-1 5.318E-1
5.145E-1 5.224E-1
5.146E-1 5.318E-1
5.147E-1 5.224E-1
5.148E-1 5.322E-1
5.149E-1 5.228E-1
5.150E-1 5.324E-1
5.151E-1 5.229E-1
5.152E-1 5.329E-1
5.153E-1 5.234E-1
5.154E-1 5.328E-1
5.155E-1 5.234E-1
5.156E-1 5.330E-1
5.157E-1 5.236E-1
5.158E-1 5.331E-1
5.159E-1 5.236E-1
5.160E-1 5.335E-1
5.161E-1 5.240E-1
5.162E-1 5.335E-1
5.163E-1 5.240E-1
5.164E-1 5.338E-1
5.165E-1 5.244E-1
5.166E-1 5.340E-1
5.167E-1 5.245E-1
5.168E-1 5.345E-1
5.169E-1 5.250E-1
5.170E-1 5.344E-1
5.171E-1 5.249E-1
5.172E-1 5.347E-1
5.173E-1 5.252E-1
5.174E-1 5.349E-1
5.175E-1 5.254E-1
5.176E-1 5.352E-1
5.177E-1 5.258E-1
5.178E-1 5.353E-1
5.179E-1 5.258E-1
5.180E-1 5.357E-1
5.181E-1 5.262E-1
5.182E-1 5.359E-1
5.183E-1 5.264E-1
5.184E-1 5.364E-1
5.185E-1 5.268E-1
5.186E-1 5.362E-1
5.187E-1 5.267E-1
5.188E-1 5.366E-1
5.189E-1 5.270E-1
5.190E-1 5.366E-1
5.191E-1 5.271E-1
5.192E-1 5.370E-1
5.193E-1 5.275E-1
5.194E-1 5.369E-1
5.195E-1 5.274E-1
5.196E-1 5.373E-1
5.197E-1 5.277E-1
5.198E-1 5.374E-1
5.199E-1 5.279E-1
5.200E-1 5.379E-1
5.201E-1 5.284E-1
5.202E-1 5.378E-1
5.203E-1 5.283E-1
5.204E-1 5.381E-1
5.205E-1 5.286E-1
5.206E-1 5.382E-1
5.207E-1 5.286E-1
5.208E-1 5.386E-1
5.209E-1 5.291E-1
5.210E-1 5.386E-1
5.211E-1 5.291E-1
5.212E-1 5.390E-1
5.213E-1 5.295E-1
5.214E-1 5.392E-1
5.215E-1 5.297E-1
5.216E-1 5.398E-1
5.217E-1 5.302E-1
5.218E-1 5.396E-1
5.219E-1 5.300E-1
5.220E-1 5.399E-1
5.221E-1 5.303E-1
5.222E-1 5.399E-1
5.223E-1 5.304E-1
5.224E-1 5.404E-1
5.225E-1 5.308E-1
5.226E-1 5.403E-1
5.227E-1 5.308E-1
5.228E-1 5.407E-1
5.229E-1 5.311E-1
5.230E-1 5.409E-1
5.231E-1 5.313E-1
5.232E-1 5.414E-1
5.233E-1 5.318E-1
5.234E-1 5.413E-1
5.235E-1 5.318E-1
5.236E-1 5.419E-1
5.237E-1 5.321E-1
5.238E-1 5.418E-1
5.239E-1 5.321E-1
5.240E-1 5.423E-1
5.241E-1 5.327E-1
5.242E-1 5.423E-1
5.243E-1 5.327E-1
5.244E-1 5.427E-1
5.245E-1 5.331E-1
5.246E-1 5.429E-1
5.247E-1 5.332E-1
5.248E-1 5.434E-1
5.249E-1 5.337E-1
5.250E-1 5.432E-1
5.251E-1 5.336E-1
5.252E-1 5.434E-1
5.253E-1 5.338E-1
5.254E-1 5.435E-1
5.255E-1 5.338E-1
5.256E-1 5.439E-1
5.257E-1 5.342E-1
5.258E-1 5.438E-1
5.259E-1 5.342E-1
5.260E-1 5.442E-1
5.261E-1 5.345E-1
5.262E-1 5.443E-1
5.263E-1 5.346E-1
5.264E-1 5.448E-1
5.265E-1 5.351E-1
5.266E-1 5.447E-1
5.267E-1 5.350E-1
5.268E-1 5.450E-1
5.269E-1 5.353E-1
5.270E-1 5.451E-1
5.271E-1 5.354E-1
5.272E-1 5.455E-1
5.273E-1 5.359E-1
5.274E-1 5.456E-1
5.275E-1 5.359E-1
5.276E-1 5.459E-1
5.277E-1 5.362E-1
5.278E-1 5.461E-1
5.279E-1 5.364E-1
5.280E-1 5.466E-1
5.281E-1 5.369E-1
5.282E-1 5.465E-1
5.283E-1 5.368E-1
5.284E-1 5.468E-1
5.285E-1 5.371E-1
5.286E-1 5.468E-1
5.287E-1 5.371E-1
5.288E-1 5.473E-1
5.289E-1 5.375E-1
5.290E-1 5.472E-1
5.291E-1 5.376E-1
5.292E-1 5.476E-1
5.293E-1 5.378E-1
5.294E-1 5.477E-1
5.295E-1 5.380E-1
5.296E-1 5.483E-1
5.297E-1 5.385E-1
5.298E-1 5.482E-1
5.299E-1 5.384E-1
5.300E-1 5.485E-1
5.301E-1 5.388E-1
5.302E-1 5.486E-1
5.303E-1 5.389E-1
5.304E-1 5.491E-1
5.305E-1 5.393E-1
5.306E-1 5.492E-1
5.307E-1 5.394E-1
5.308E-1 5.496E-1
5.309E-1 5.397E-1
5.310E-1 5.497E-1
5.311E-1 5.399E-1
5.312E-1 5.502E-1
5.313E-1 5.404E-1
5.314E-1 5.501E-1
5.315E-1 5.403E-1
5.316E-1 5.504E-1
5.317E-1 5.405E-1
5.318E-1 5.504E-1
5.319E-1 5.406E-1
5.320E-1 5.508E-1
5.321E-1 5.410E-1
5.322E-1 5.508E-1
5.323E-1 5.410E-1
5.324E-1 5.511E-1
5.325E-1 5.413E-1
5.326E-1 5.513E-1
5.327E-1 5.415E-1
5.328E-1 5.518E-1
5.329E-1 5.420E-1
5.330E-1 5.517E-1
5.331E-1 5.419E-1
5.332E-1 5.520E-1
5.333E-1 5.422E-1
5.334E-1 5.521E-1
5.335E-1 5.423E-1
5.336E-1 5.526E-1
5.337E-1 5.427E-1
5.338E-1 5.526E-1
5.339E-1 5.427E-1
5.340E-1 5.530E-1
5.341E-1 5.431E-1
5.342E-1 5.531E-1
5.343E-1 5.433E-1
5.344E-1 5.537E-1
5.345E-1 5.438E-1
5.346E-1 5.536E-1
5.347E-1 5.437E-1
5.348E-1 5.539E-1
5.349E-1 5.440E-1
5.350E-1 5.539E-1
5.351E-1 5.441E-1
5.352E-1 5.544E-1
5.353E-1 5.445E-1
5.354E-1 5.544E-1
5.355E-1 5.445E-1
5.356E-1 5.547E-1
5.357E-1 5.449E-1
5.358E-1 5.549E-1
5.359E-1 5.450E-1
5.360E-1 5.554E-1
5.361E-1 5.455E-1
5.362E-1 5.554E-1
5.363E-1 5.455E-1
5.364E-1 5.557E-1
5.365E-1 5.460E-1
5.366E-1 5.558E-1
5.367E-1 5.459E-1
5.368E-1 5.564E-1
5.369E-1 5.464E-1
5.370E-1 5.564E-1
5.371E-1 5.464E-1
5.372E-1 5.568E-1
5.373E-1 5.468E-1
5.374E-1 5.570E-1
5.375E-1 5.471E-1
5.376E-1 5.567E-1
5.377E-1 5.468E-1
5.378E-1 5.566E-1
5.379E-1 5.467E-1
5.380E-1 5.568E-1
5.381E-1 5.469E-1
5.382E-1 5.568E-1
5.383E-1 5.470E-1
5.384E-1 5.572E-1
5.385E-1 5.473E-1
5.386E-1 5.572E-1
5.387E-1 5.473E-1
5.388E-1 5.575E-1
5.389E-1 5.476E-1
5.390E-1 5.576E-1
5.391E-1 5.477E-1
5.392E-1 5.581E-1
5.393E-1 5.482E-1
5.394E-1 5.580E-1
5.395E-1 5.480E-1
5.396E-1 5.582E-1
5.397E-1 5.483E-1
5.398E-1 5.584E-1
5.399E-1 5.484E-1
5.400E-1 5.588E-1
5.401E-1 5.489E-1
5.402E-1 5.588E-1
5.403E-1 5.488E-1
5.404E-1 5.591E-1
5.405E-1 5.492E-1
5.406E-1 5.594E-1
5.407E-1 5.494E-1
5.408E-1 5.599E-1
5.409E-1 5.500E-1
5.410E-1 5.597E-1
5.411E-1 5.498E-1
5.412E-1 5.600E-1
5.413E-1 5.501E-1
5.414E-1 5.601E-1
5.415E-1 5.501E-1
5.416E-1 5.605E-1
5.417E-1 5.506E-1
5.418E-1 5.605E-1
5.419E-1 5.506E-1
5.420E-1 5.608E-1
5.421E-1 5.509E-1
5.422E-1 5.610E-1
5.423E-1 5.510E-1
5.424E-1 5.614E-1
5.425E-1 5.515E-1
5.426E-1 5.614E-1
5.427E-1 5.514E-1
5.428E-1 5.617E-1
5.429E-1 5.517E-1
5.430E-1 5.618E-1
5.431E-1 5.518E-1
5.432E-1 5.623E-1
5.433E-1 5.523E-1
5.434E-1 5.623E-1
5.435E-1 5.523E-1
5.436E-1 5.627E-1
5.437E-1 5.527E-1
5.438E-1 5.629E-1
5.439E-1 5.529E-1
5.440E-1 5.634E-1
5.441E-1 5.534E-1
5.442E-1 5.632E-1
5.443E-1 5.532E-1
5.444E-1 5.635E-1
5.445E-1 5.535E-1
5.446E-1 5.636E-1
5.447E-1 5.535E-1
5.448E-1 5.640E-1
5.449E-1 5.540E-1
5.450E-1 5.640E-1
5.451E-1 5.539E-1
5.452E-1 5.643E-1
5.453E-1 5.542E-1
5.454E-1 5.644E-1
5.455E-1 5.544E-1
5.456E-1 5.649E-1
5.457E-1 5.549E-1
5.458E-1 5.648E-1
5.459E-1 5.548E-1
5.460E-1 5.651E-1
5.461E-1 5.551E-1
5.462E-1 5.652E-1
5.463E-1 5.551E-1
5.464E-1 5.657E-1
5.465E-1 5.556E-1
5.466E-1 5.657E-1
5.467E-1 5.556E-1
5.468E-1 5.661E-1
5.469E-1 5.560E-1
5.470E-1 5.663E-1
5.471E-1 5.562E-1
5.472E-1 5.668E-1
5.473E-1 5.568E-1
5.474E-1 5.667E-1
5.475E-1 5.565E-1
5.476E-1 5.669E-1
5.477E-1 5.569E-1
5.478E-1 5.670E-1
5.479E-1 5.569E-1
5.480E-1 5.675E-1
5.481E-1 5.573E-1
5.482E-1 5.674E-1
5.483E-1 5.573E-1
5.484E-1 5.678E-1
5.485E-1 5.576E-1
5.486E-1 5.679E-1
5.487E-1 5.579E-1
5.488E-1 5.685E-1
5.489E-1 5.584E-1
5.490E-1 5.684E-1
5.491E-1 5.583E-1
5.492E-1 5.687E-1
5.493E-1 5.586E-1
5.494E-1 5.688E-1
5.495E-1 5.587E-1
5.496E-1 5.693E-1
5.497E-1 5.592E-1
5.498E-1 5.694E-1
5.499E-1 5.592E-1
5.500E-1 5.697E-1
5.501E-1 5.596E-1
5.502E-1 5.699E-1
5.503E-1 5.598E-1
5.504E-1 5.704E-1
5.505E-1 5.603E-1
5.506E-1 5.702E-1
5.507E-1 5.601E-1
5.508E-1 5.705E-1
5.509E-1 5.603E-1
5.510E-1 5.705E-1
5.511E-1 5.604E-1
5.512E-1 5.710E-1
5.513E-1 5.608E-1
5.514E-1 5.709E-1
5.515E-1 5.607E-1
5.516E-1 5.713E-1
5.517E-1 5.610E-1
5.518E-1 5.714E-1
5.519E-1 5.611E-1
5.520E-1 5.719E-1
5.521E-1 5.617E-1
5.522E-1 5.718E-1
5.523E-1 5.616E-1
5.524E-1 5.722E-1
5.525E-1 5.618E-1
5.526E-1 5.721E-1
5.527E-1 5.619E-1
5.528E-1 5.726E-1
5.529E-1 5.624E-1
5.530E-1 5.726E-1
5.531E-1 5.624E-1
5.532E-1 5.730E-1
5.533E-1 5.627E-1
5.534E-1 5.731E-1
5.535E-1 5.629E-1
5.536E-1 5.737E-1
5.537E-1 5.634E-1
5.538E-1 5.735E-1
5.539E-1 5.632E-1
5.540E-1 5.738E-1
5.541E-1 5.635E-1
5.542E-1 5.738E-1
5.543E-1 5.636E-1
5.544E-1 5.743E-1
5.545E-1 5.640E-1
5.546E-1 5.742E-1
5.547E-1 5.640E-1
5.548E-1 5.746E-1
5.549E-1 5.644E-1
5.550E-1 5.747E-1
5.551E-1 5.645E-1
5.552E-1 5.753E-1
5.553E-1 5.651E-1
5.554E-1 5.753E-1
5.555E-1 5.650E-1
5.556E-1 5.756E-1
5.557E-1 5.653E-1
5.558E-1 5.757E-1
5.559E-1 5.654E-1
5.560E-1 5.762E-1
5.561E-1 5.659E-1
5.562E-1 5.762E-1
5.563E-1 5.659E-1
5.564E-1 5.766E-1
5.565E-1 5.663E-1
5.566E-1 5.768E-1
5.567E-1 5.665E-1
5.568E-1 5.774E-1
5.569E-1 5.670E-1
5.570E-1 5.772E-1
5.571E-1 5.669E-1
5.572E-1 5.774E-1
5.573E-1 5.673E-1
5.574E-1 5.775E-1
5.575E-1 5.672E-1
5.576E-1 5.779E-1
5.577E-1 5.676E-1
5.578E-1 5.778E-1
5.579E-1 5.676E-1
5.580E-1 5.782E-1
5.581E-1 5.679E-1
5.582E-1 5.783E-1
5.583E-1 5.680E-1
5.584E-1 5.788E-1
5.585E-1 5.685E-1
5.586E-1 5.788E-1
5.587E-1 5.685E-1
5.588E-1 5.791E-1
5.589E-1 5.687E-1
5.590E-1 5.791E-1
5.591E-1 5.688E-1
5.592E-1 5.797E-1
5.593E-1 5.693E-1
5.594E-1 5.796E-1
5.595E-1 5.693E-1
5.596E-1 5.801E-1
5.597E-1 5.697E-1
5.598E-1 5.802E-1
5.599E-1 5.699E-1
5.600E-1 5.808E-1
5.601E-1 5.704E-1
5.602E-1 5.807E-1
5.603E-1 5.703E-1
5.604E-1 5.809E-1
5.605E-1 5.706E-1
5.606E-1 5.810E-1
5.607E-1 5.707E-1
5.608E-1 5.815E-1
5.609E-1 5.711E-1
5.610E-1 5.814E-1
5.611E-1 5.711E-1
5.612E-1 5.818E-1
5.613E-1 5.714E-1
5.614E-1 5.820E-1
5.615E-1 5.716E-1
5.616E-1 5.826E-1
5.617E-1 5.721E-1
5.618E-1 5.825E-1
5.619E-1 5.721E-1
5.620E-1 5.828E-1
5.621E-1 5.724E-1
5.622E-1 5.829E-1
5.623E-1 5.725E-1
5.624E-1 5.834E-1
5.625E-1 5.730E-1
5.626E-1 5.835E-1
5.627E-1 5.730E-1
5.628E-1 5.839E-1
5.629E-1 5.734E-1
5.630E-1 5.841E-1
5.631E-1 5.736E-1
5.632E-1 5.837E-1
5.633E-1 5.732E-1
5.634E-1 5.835E-1
5.635E-1 5.731E-1
5.636E-1 5.837E-1
5.637E-1 5.733E-1
5.638E-1 5.837E-1
5.639E-1 5.733E-1
5.640E-1 5.842E-1
5.641E-1 5.737E-1
5.642E-1 5.841E-1
5.643E-1 5.737E-1
5.644E-1 5.844E-1
5.645E-1 5.740E-1
5.646E-1 5.845E-1
5.647E-1 5.741E-1
5.648E-1 5.850E-1
5.649E-1 5.746E-1
5.650E-1 5.849E-1
5.651E-1 5.745E-1
5.652E-1 5.852E-1
5.653E-1 5.748E-1
5.654E-1 5.853E-1
5.655E-1 5.749E-1
5.656E-1 5.857E-1
5.657E-1 5.753E-1
5.658E-1 5.857E-1
5.659E-1 5.753E-1
5.660E-1 5.861E-1
5.661E-1 5.756E-1
5.662E-1 5.863E-1
5.663E-1 5.758E-1
5.664E-1 5.868E-1
5.665E-1 5.763E-1
5.666E-1 5.867E-1
5.667E-1 5.762E-1
5.668E-1 5.869E-1
5.669E-1 5.764E-1
5.670E-1 5.869E-1
5.671E-1 5.765E-1
5.672E-1 5.874E-1
5.673E-1 5.770E-1
5.674E-1 5.873E-1
5.675E-1 5.769E-1
5.676E-1 5.877E-1
5.677E-1 5.772E-1
5.678E-1 5.878E-1
5.679E-1 5.774E-1
5.680E-1 5.884E-1
5.681E-1 5.779E-1
5.682E-1 5.883E-1
5.683E-1 5.778E-1
5.684E-1 5.886E-1
5.685E-1 5.781E-1
5.686E-1 5.887E-1
5.687E-1 5.782E-1
5.688E-1 5.891E-1
5.689E-1 5.787E-1
5.690E-1 5.892E-1
5.691E-1 5.787E-1
5.692E-1 5.896E-1
5.693E-1 5.790E-1
5.694E-1 5.898E-1
5.695E-1 5.793E-1
5.696E-1 5.903E-1
5.697E-1 5.798E-1
5.698E-1 5.902E-1
5.699E-1 5.796E-1
5.700E-1 5.904E-1
5.701E-1 5.798E-1
5.702E-1 5.904E-1
5.703E-1 5.799E-1
5.704E-1 5.909E-1
5.705E-1 5.803E-1
5.706E-1 5.908E-1
5.707E-1 5.802E-1
5.708E-1 5.911E-1
5.709E-1 5.806E-1
5.710E-1 5.912E-1
5.711E-1 5.807E-1
5.712E-1 5.918E-1
5.713E-1 5.812E-1
5.714E-1 5.916E-1
5.715E-1 5.811E-1
5.716E-1 5.919E-1
5.717E-1 5.814E-1
5.718E-1 5.920E-1
5.719E-1 5.815E-1
5.720E-1 5.925E-1
5.721E-1 5.819E-1
5.722E-1 5.925E-1
5.723E-1 5.819E-1
5.724E-1 5.929E-1
5.725E-1 5.823E-1
5.726E-1 5.931E-1
5.727E-1 5.825E-1
5.728E-1 5.937E-1
5.729E-1 5.830E-1
5.730E-1 5.935E-1
5.731E-1 5.829E-1
5.732E-1 5.938E-1
5.733E-1 5.832E-1
5.734E-1 5.938E-1
5.735E-1 5.832E-1
5.736E-1 5.944E-1
5.737E-1 5.837E-1
5.738E-1 5.943E-1
5.739E-1 5.837E-1
5.740E-1 5.947E-1
5.741E-1 5.840E-1
5.742E-1 5.948E-1
5.743E-1 5.842E-1
5.744E-1 5.954E-1
5.745E-1 5.847E-1
5.746E-1 5.953E-1
5.747E-1 5.846E-1
5.748E-1 5.956E-1
5.749E-1 5.849E-1
5.750E-1 5.957E-1
5.751E-1 5.850E-1
5.752E-1 5.962E-1
5.753E-1 5.856E-1
5.754E-1 5.962E-1
5.755E-1 5.856E-1
5.756E-1 5.967E-1
5.757E-1 5.859E-1
5.758E-1 5.969E-1
5.759E-1 5.862E-1
5.760E-1 5.973E-1
5.761E-1 5.866E-1
5.762E-1 5.971E-1
5.763E-1 5.864E-1
5.764E-1 5.974E-1
5.765E-1 5.866E-1
5.766E-1 5.974E-1
5.767E-1 5.867E-1
5.768E-1 5.978E-1
5.769E-1 5.871E-1
5.770E-1 5.977E-1
5.771E-1 5.870E-1
5.772E-1 5.981E-1
5.773E-1 5.874E-1
5.774E-1 5.982E-1
5.775E-1 5.875E-1
5.776E-1 5.987E-1
5.777E-1 5.880E-1
5.778E-1 5.986E-1
5.779E-1 5.879E-1
5.780E-1 5.989E-1
5.781E-1 5.881E-1
5.782E-1 5.989E-1
5.783E-1 5.882E-1
5.784E-1 5.994E-1
5.785E-1 5.887E-1
5.786E-1 5.994E-1
5.787E-1 5.887E-1
5.788E-1 5.998E-1
5.789E-1 5.890E-1
5.790E-1 5.999E-1
5.791E-1 5.892E-1
5.792E-1 6.006E-1
5.793E-1 5.897E-1
5.794E-1 6.004E-1
5.795E-1 5.896E-1
5.796E-1 6.006E-1
5.797E-1 5.899E-1
5.798E-1 6.007E-1
5.799E-1 5.899E-1
5.800E-1 6.012E-1
5.801E-1 5.904E-1
5.802E-1 6.011E-1
5.803E-1 5.904E-1
5.804E-1 6.014E-1
5.805E-1 5.907E-1
5.806E-1 6.016E-1
5.807E-1 5.909E-1
5.808E-1 6.022E-1
5.809E-1 5.914E-1
5.810E-1 6.020E-1
5.811E-1 5.913E-1
5.812E-1 6.024E-1
5.813E-1 5.916E-1
5.814E-1 6.025E-1
5.815E-1 5.917E-1
5.816E-1 6.030E-1
5.817E-1 5.922E-1
5.818E-1 6.030E-1
5.819E-1 5.922E-1
5.820E-1 6.034E-1
5.821E-1 5.926E-1
5.822E-1 6.036E-1
5.823E-1 5.928E-1
5.824E-1 6.042E-1
5.825E-1 5.933E-1
5.826E-1 6.041E-1
5.827E-1 5.932E-1
5.828E-1 6.043E-1
5.829E-1 5.935E-1
5.830E-1 6.044E-1
5.831E-1 5.935E-1
5.832E-1 6.048E-1
5.833E-1 5.940E-1
5.834E-1 6.047E-1
5.835E-1 5.939E-1
5.836E-1 6.051E-1
5.837E-1 5.947E-1
5.838E-1 6.052E-1
5.839E-1 5.944E-1
5.840E-1 6.058E-1
5.841E-1 5.949E-1
5.842E-1 6.056E-1
5.843E-1 5.948E-1
5.844E-1 6.059E-1
5.845E-1 5.951E-1
5.846E-1 6.060E-1
5.847E-1 5.952E-1
5.848E-1 6.065E-1
5.849E-1 5.957E-1
5.850E-1 6.065E-1
5.851E-1 5.957E-1
5.852E-1 6.069E-1
5.853E-1 5.961E-1
5.854E-1 6.071E-1
5.855E-1 5.963E-1
5.856E-1 6.077E-1
5.857E-1 5.968E-1
5.858E-1 6.076E-1
5.859E-1 5.967E-1
5.860E-1 6.078E-1
5.861E-1 5.969E-1
5.862E-1 6.079E-1
5.863E-1 5.970E-1
5.864E-1 6.084E-1
5.865E-1 5.975E-1
5.866E-1 6.083E-1
5.867E-1 5.974E-1
5.868E-1 6.087E-1
5.869E-1 5.978E-1
5.870E-1 6.089E-1
5.871E-1 5.980E-1
5.872E-1 6.095E-1
5.873E-1 5.985E-1
5.874E-1 6.094E-1
5.875E-1 5.985E-1
5.876E-1 6.097E-1
5.877E-1 5.988E-1
5.878E-1 6.098E-1
5.879E-1 5.989E-1
5.880E-1 6.103E-1
5.881E-1 5.995E-1
5.882E-1 6.103E-1
5.883E-1 5.994E-1
5.884E-1 6.108E-1
5.885E-1 5.999E-1
5.886E-1 6.110E-1
5.887E-1 6.001E-1
5.888E-1 6.106E-1
5.889E-1 5.998E-1
5.890E-1 6.104E-1
5.891E-1 5.996E-1
5.892E-1 6.106E-1
5.893E-1 5.997E-1
5.894E-1 6.107E-1
5.895E-1 5.998E-1
5.896E-1 6.111E-1
5.897E-1 6.002E-1
5.898E-1 6.110E-1
5.899E-1 6.001E-1
5.900E-1 6.112E-1
5.901E-1 6.005E-1
5.902E-1 6.114E-1
5.903E-1 6.006E-1
5.904E-1 6.120E-1
5.905E-1 6.011E-1
5.906E-1 6.118E-1
5.907E-1 6.010E-1
5.908E-1 6.121E-1
5.909E-1 6.012E-1
5.910E-1 6.121E-1
5.911E-1 6.014E-1
5.912E-1 6.127E-1
5.913E-1 6.018E-1
5.914E-1 6.127E-1
5.915E-1 6.018E-1
5.916E-1 6.130E-1
5.917E-1 6.022E-1
5.918E-1 6.132E-1
5.919E-1 6.023E-1
5.920E-1 6.138E-1
5.921E-1 6.028E-1
5.922E-1 6.136E-1
5.923E-1 6.028E-1
5.924E-1 6.139E-1
5.925E-1 6.030E-1
5.926E-1 6.139E-1
5.927E-1 6.030E-1
5.928E-1 6.143E-1
5.929E-1 6.035E-1
5.930E-1 6.143E-1
5.931E-1 6.034E-1
5.932E-1 6.147E-1
5.933E-1 6.037E-1
5.934E-1 6.148E-1
5.935E-1 6.039E-1
5.936E-1 6.154E-1
5.937E-1 6.045E-1
5.938E-1 6.153E-1
5.939E-1 6.044E-1
5.940E-1 6.156E-1
5.941E-1 6.047E-1
5.942E-1 6.157E-1
5.943E-1 6.048E-1
5.944E-1 6.162E-1
5.945E-1 6.053E-1
5.946E-1 6.161E-1
5.947E-1 6.052E-1
5.948E-1 6.165E-1
5.949E-1 6.056E-1
5.950E-1 6.168E-1
5.951E-1 6.058E-1
5.952E-1 6.174E-1
5.953E-1 6.063E-1
5.954E-1 6.171E-1
5.955E-1 6.061E-1
5.956E-1 6.173E-1
5.957E-1 6.064E-1
5.958E-1 6.173E-1
5.959E-1 6.064E-1
5.960E-1 6.178E-1
5.961E-1 6.069E-1
5.962E-1 6.178E-1
5.963E-1 6.068E-1
5.964E-1 6.181E-1
5.965E-1 6.071E-1
5.966E-1 6.182E-1
5.967E-1 6.072E-1
5.968E-1 6.187E-1
5.969E-1 6.078E-1
5.970E-1 6.186E-1
5.971E-1 6.077E-1
5.972E-1 6.189E-1
5.973E-1 6.080E-1
5.974E-1 6.190E-1
5.975E-1 6.081E-1
5.976E-1 6.195E-1
5.977E-1 6.085E-1
5.978E-1 6.195E-1
5.979E-1 6.086E-1
5.980E-1 6.198E-1
5.981E-1 6.089E-1
5.982E-1 6.201E-1
5.983E-1 6.090E-1
5.984E-1 6.206E-1
5.985E-1 6.096E-1
5.986E-1 6.205E-1
5.987E-1 6.095E-1
5.988E-1 6.208E-1
5.989E-1 6.097E-1
5.990E-1 6.208E-1
5.991E-1 6.098E-1
5.992E-1 6.213E-1
5.993E-1 6.103E-1
5.994E-1 6.213E-1
5.995E-1 6.102E-1
5.996E-1 6.216E-1
5.997E-1 6.106E-1
5.998E-1 6.218E-1
5.999E-1 6.107E-1
6.000E-1 6.224E-1
6.001E-1 6.113E-1
6.002E-1 6.222E-1
6.003E-1 6.112E-1
6.004E-1 6.226E-1
6.005E-1 6.115E-1
6.006E-1 6.227E-1
6.007E-1 6.116E-1
6.008E-1 6.232E-1
6.009E-1 6.121E-1
6.010E-1 6.232E-1
6.011E-1 6.121E-1
6.012E-1 6.236E-1
6.013E-1 6.125E-1
6.014E-1 6.239E-1
6.015E-1 6.128E-1
6.016E-1 6.243E-1
6.017E-1 6.132E-1
6.018E-1 6.241E-1
6.019E-1 6.130E-1
6.020E-1 6.244E-1
6.021E-1 6.132E-1
6.022E-1 6.244E-1
6.023E-1 6.132E-1
6.024E-1 6.249E-1
6.025E-1 6.137E-1
6.026E-1 6.248E-1
6.027E-1 6.136E-1
6.028E-1 6.251E-1
6.029E-1 6.139E-1
6.030E-1 6.252E-1
6.031E-1 6.141E-1
6.032E-1 6.258E-1
6.033E-1 6.146E-1
6.034E-1 6.256E-1
6.035E-1 6.144E-1
6.036E-1 6.259E-1
6.037E-1 6.147E-1
6.038E-1 6.259E-1
6.039E-1 6.148E-1
6.040E-1 6.264E-1
6.041E-1 6.153E-1
6.042E-1 6.264E-1
6.043E-1 6.155E-1
6.044E-1 6.268E-1
6.045E-1 6.156E-1
6.046E-1 6.270E-1
6.047E-1 6.158E-1
6.048E-1 6.276E-1
6.049E-1 6.164E-1
6.050E-1 6.274E-1
6.051E-1 6.162E-1
6.052E-1 6.277E-1
6.053E-1 6.164E-1
6.054E-1 6.277E-1
6.055E-1 6.165E-1
6.056E-1 6.282E-1
6.057E-1 6.170E-1
6.058E-1 6.281E-1
6.059E-1 6.169E-1
6.060E-1 6.285E-1
6.061E-1 6.172E-1
6.062E-1 6.287E-1
6.063E-1 6.174E-1
6.064E-1 6.293E-1
6.065E-1 6.180E-1
6.066E-1 6.291E-1
6.067E-1 6.178E-1
6.068E-1 6.294E-1
6.069E-1 6.183E-1
6.070E-1 6.296E-1
6.071E-1 6.183E-1
6.072E-1 6.301E-1
6.073E-1 6.188E-1
6.074E-1 6.301E-1
6.075E-1 6.188E-1
6.076E-1 6.305E-1
6.077E-1 6.196E-1
6.078E-1 6.307E-1
6.079E-1 6.194E-1
6.080E-1 6.313E-1
6.081E-1 6.200E-1
6.082E-1 6.311E-1
6.083E-1 6.198E-1
6.084E-1 6.314E-1
6.085E-1 6.200E-1
6.086E-1 6.314E-1
6.087E-1 6.200E-1
6.088E-1 6.318E-1
6.089E-1 6.206E-1
6.090E-1 6.318E-1
6.091E-1 6.204E-1
6.092E-1 6.321E-1
6.093E-1 6.208E-1
6.094E-1 6.323E-1
6.095E-1 6.209E-1
6.096E-1 6.328E-1
6.097E-1 6.215E-1
6.098E-1 6.326E-1
6.099E-1 6.213E-1
6.100E-1 6.330E-1
6.101E-1 6.216E-1
6.102E-1 6.330E-1
6.103E-1 6.217E-1
6.104E-1 6.336E-1
6.105E-1 6.223E-1
6.106E-1 6.335E-1
6.107E-1 6.222E-1
6.108E-1 6.340E-1
6.109E-1 6.226E-1
6.110E-1 6.341E-1
6.111E-1 6.228E-1
6.112E-1 6.347E-1
6.113E-1 6.234E-1
6.114E-1 6.346E-1
6.115E-1 6.233E-1
6.116E-1 6.349E-1
6.117E-1 6.235E-1
6.118E-1 6.349E-1
6.119E-1 6.236E-1
6.120E-1 6.354E-1
6.121E-1 6.241E-1
6.122E-1 6.354E-1
6.123E-1 6.240E-1
6.124E-1 6.358E-1
6.125E-1 6.244E-1
6.126E-1 6.358E-1
6.127E-1 6.246E-1
6.128E-1 6.365E-1
6.129E-1 6.251E-1
6.130E-1 6.364E-1
6.131E-1 6.250E-1
6.132E-1 6.368E-1
6.133E-1 6.253E-1
6.134E-1 6.368E-1
6.135E-1 6.254E-1
6.136E-1 6.374E-1
6.137E-1 6.260E-1
6.138E-1 6.374E-1
6.139E-1 6.260E-1
6.140E-1 6.379E-1
6.141E-1 6.264E-1
6.142E-1 6.380E-1
6.143E-1 6.266E-1
6.144E-1 6.355E-1
6.145E-1 6.241E-1
6.146E-1 6.353E-1
6.147E-1 6.239E-1
6.148E-1 6.355E-1
6.149E-1 6.241E-1
6.150E-1 6.356E-1
6.151E-1 6.241E-1
6.152E-1 6.359E-1
6.153E-1 6.245E-1
6.154E-1 6.358E-1
6.155E-1 6.245E-1
6.156E-1 6.361E-1
6.157E-1 6.247E-1
6.158E-1 6.363E-1
6.159E-1 6.249E-1
6.160E-1 6.368E-1
6.161E-1 6.254E-1
6.162E-1 6.367E-1
6.163E-1 6.253E-1
6.164E-1 6.370E-1
6.165E-1 6.255E-1
6.166E-1 6.370E-1
6.167E-1 6.256E-1
6.168E-1 6.375E-1
6.169E-1 6.261E-1
6.170E-1 6.374E-1
6.171E-1 6.260E-1
6.172E-1 6.378E-1
6.173E-1 6.264E-1
6.174E-1 6.380E-1
6.175E-1 6.266E-1
6.176E-1 6.386E-1
6.177E-1 6.271E-1
6.178E-1 6.384E-1
6.179E-1 6.269E-1
6.180E-1 6.387E-1
6.181E-1 6.272E-1
6.182E-1 6.386E-1
6.183E-1 6.272E-1
6.184E-1 6.391E-1
6.185E-1 6.277E-1
6.186E-1 6.390E-1
6.187E-1 6.276E-1
6.188E-1 6.394E-1
6.189E-1 6.280E-1
6.190E-1 6.396E-1
6.191E-1 6.281E-1
6.192E-1 6.402E-1
6.193E-1 6.287E-1
6.194E-1 6.400E-1
6.195E-1 6.285E-1
6.196E-1 6.403E-1
6.197E-1 6.288E-1
6.198E-1 6.404E-1
6.199E-1 6.289E-1
6.200E-1 6.410E-1
6.201E-1 6.295E-1
6.202E-1 6.409E-1
6.203E-1 6.295E-1
6.204E-1 6.414E-1
6.205E-1 6.299E-1
6.206E-1 6.415E-1
6.207E-1 6.300E-1
6.208E-1 6.421E-1
6.209E-1 6.306E-1
6.210E-1 6.419E-1
6.211E-1 6.304E-1
6.212E-1 6.421E-1
6.213E-1 6.306E-1
6.214E-1 6.421E-1
6.215E-1 6.306E-1
6.216E-1 6.426E-1
6.217E-1 6.311E-1
6.218E-1 6.425E-1
6.219E-1 6.310E-1
6.220E-1 6.428E-1
6.221E-1 6.313E-1
6.222E-1 6.430E-1
6.223E-1 6.314E-1
6.224E-1 6.435E-1
6.225E-1 6.320E-1
6.226E-1 6.434E-1
6.227E-1 6.319E-1
6.228E-1 6.437E-1
6.229E-1 6.322E-1
6.230E-1 6.438E-1
6.231E-1 6.323E-1
6.232E-1 6.443E-1
6.233E-1 6.327E-1
6.234E-1 6.443E-1
6.235E-1 6.327E-1
6.236E-1 6.447E-1
6.237E-1 6.331E-1
6.238E-1 6.448E-1
6.239E-1 6.333E-1
6.240E-1 6.454E-1
6.241E-1 6.338E-1
6.242E-1 6.453E-1
6.243E-1 6.337E-1
6.244E-1 6.456E-1
6.245E-1 6.339E-1
6.246E-1 6.455E-1
6.247E-1 6.340E-1
6.248E-1 6.461E-1
6.249E-1 6.345E-1
6.250E-1 6.460E-1
6.251E-1 6.344E-1
6.252E-1 6.464E-1
6.253E-1 6.348E-1
6.254E-1 6.465E-1
6.255E-1 6.350E-1
6.256E-1 6.471E-1
6.257E-1 6.355E-1
6.258E-1 6.470E-1
6.259E-1 6.355E-1
6.260E-1 6.473E-1
6.261E-1 6.357E-1
6.262E-1 6.474E-1
6.263E-1 6.358E-1
6.264E-1 6.480E-1
6.265E-1 6.364E-1
6.266E-1 6.479E-1
6.267E-1 6.364E-1
6.268E-1 6.484E-1
6.269E-1 6.368E-1
6.270E-1 6.486E-1
6.271E-1 6.370E-1
6.272E-1 6.491E-1
6.273E-1 6.375E-1
6.274E-1 6.488E-1
6.275E-1 6.373E-1
6.276E-1 6.491E-1
6.277E-1 6.375E-1
6.278E-1 6.491E-1
6.279E-1 6.375E-1
6.280E-1 6.495E-1
6.281E-1 6.379E-1
6.282E-1 6.494E-1
6.283E-1 6.379E-1
6.284E-1 6.498E-1
6.285E-1 6.381E-1
6.286E-1 6.499E-1
6.287E-1 6.383E-1
6.288E-1 6.505E-1
6.289E-1 6.388E-1
6.290E-1 6.503E-1
6.291E-1 6.387E-1
6.292E-1 6.506E-1
6.293E-1 6.389E-1
6.294E-1 6.506E-1
6.295E-1 6.390E-1
6.296E-1 6.512E-1
6.297E-1 6.395E-1
6.298E-1 6.512E-1
6.299E-1 6.395E-1
6.300E-1 6.515E-1
6.301E-1 6.398E-1
6.302E-1 6.516E-1
6.303E-1 6.400E-1
6.304E-1 6.523E-1
6.305E-1 6.405E-1
6.306E-1 6.521E-1
6.307E-1 6.404E-1
6.308E-1 6.523E-1
6.309E-1 6.406E-1
6.310E-1 6.524E-1
6.311E-1 6.407E-1
6.312E-1 6.529E-1
6.313E-1 6.412E-1
6.314E-1 6.528E-1
6.315E-1 6.411E-1
6.316E-1 6.532E-1
6.317E-1 6.414E-1
6.318E-1 6.534E-1
6.319E-1 6.419E-1
6.320E-1 6.539E-1
6.321E-1 6.422E-1
6.322E-1 6.537E-1
6.323E-1 6.421E-1
6.324E-1 6.541E-1
6.325E-1 6.424E-1
6.326E-1 6.542E-1
6.327E-1 6.424E-1
6.328E-1 6.547E-1
6.329E-1 6.430E-1
6.330E-1 6.547E-1
6.331E-1 6.430E-1
6.332E-1 6.551E-1
6.333E-1 6.434E-1
6.334E-1 6.553E-1
6.335E-1 6.436E-1
6.336E-1 6.559E-1
6.337E-1 6.442E-1
6.338E-1 6.557E-1
6.339E-1 6.440E-1
6.340E-1 6.560E-1
6.341E-1 6.442E-1
6.342E-1 6.560E-1
6.343E-1 6.442E-1
6.344E-1 6.565E-1
6.345E-1 6.447E-1
6.346E-1 6.564E-1
6.347E-1 6.446E-1
6.348E-1 6.567E-1
6.349E-1 6.449E-1
6.350E-1 6.568E-1
6.351E-1 6.451E-1
6.352E-1 6.574E-1
6.353E-1 6.456E-1
6.354E-1 6.573E-1
6.355E-1 6.455E-1
6.356E-1 6.576E-1
6.357E-1 6.458E-1
6.358E-1 6.576E-1
6.359E-1 6.458E-1
6.360E-1 6.582E-1
6.361E-1 6.464E-1
6.362E-1 6.582E-1
6.363E-1 6.464E-1
6.364E-1 6.586E-1
6.365E-1 6.468E-1
6.366E-1 6.588E-1
6.367E-1 6.469E-1
6.368E-1 6.595E-1
6.369E-1 6.476E-1
6.370E-1 6.592E-1
6.371E-1 6.474E-1
6.372E-1 6.595E-1
6.373E-1 6.477E-1
6.374E-1 6.596E-1
6.375E-1 6.477E-1
6.376E-1 6.600E-1
6.377E-1 6.482E-1
6.378E-1 6.600E-1
6.379E-1 6.482E-1
6.380E-1 6.604E-1
6.381E-1 6.485E-1
6.382E-1 6.605E-1
6.383E-1 6.487E-1
6.384E-1 6.612E-1
6.385E-1 6.492E-1
6.386E-1 6.610E-1
6.387E-1 6.492E-1
6.388E-1 6.614E-1
6.389E-1 6.495E-1
6.390E-1 6.614E-1
6.391E-1 6.496E-1
6.392E-1 6.620E-1
6.393E-1 6.501E-1
6.394E-1 6.620E-1
6.395E-1 6.501E-1
6.396E-1 6.624E-1
6.397E-1 6.506E-1
6.398E-1 6.626E-1
6.399E-1 6.507E-1
6.400E-1 6.625E-1
6.401E-1 6.506E-1
6.402E-1 6.623E-1
6.403E-1 6.504E-1
6.404E-1 6.625E-1
6.405E-1 6.506E-1
6.406E-1 6.625E-1
6.407E-1 6.506E-1
6.408E-1 6.629E-1
6.409E-1 6.511E-1
6.410E-1 6.628E-1
6.411E-1 6.510E-1
6.412E-1 6.632E-1
6.413E-1 6.513E-1
6.414E-1 6.632E-1
6.415E-1 6.514E-1
6.416E-1 6.639E-1
6.417E-1 6.520E-1
6.418E-1 6.636E-1
6.419E-1 6.518E-1
6.420E-1 6.640E-1
6.421E-1 6.521E-1
6.422E-1 6.640E-1
6.423E-1 6.521E-1
6.424E-1 6.645E-1
6.425E-1 6.526E-1
6.426E-1 6.645E-1
6.427E-1 6.526E-1
6.428E-1 6.649E-1
6.429E-1 6.529E-1
6.430E-1 6.650E-1
6.431E-1 6.531E-1
6.432E-1 6.656E-1
6.433E-1 6.537E-1
6.434E-1 6.654E-1
6.435E-1 6.535E-1
6.436E-1 6.657E-1
6.437E-1 6.538E-1
6.438E-1 6.657E-1
6.439E-1 6.538E-1
6.440E-1 6.662E-1
6.441E-1 6.542E-1
6.442E-1 6.661E-1
6.443E-1 6.542E-1
6.444E-1 6.665E-1
6.445E-1 6.545E-1
6.446E-1 6.666E-1
6.447E-1 6.547E-1
6.448E-1 6.672E-1
6.449E-1 6.552E-1
6.450E-1 6.670E-1
6.451E-1 6.551E-1
6.452E-1 6.673E-1
6.453E-1 6.554E-1
6.454E-1 6.674E-1
6.455E-1 6.555E-1
6.456E-1 6.679E-1
6.457E-1 6.560E-1
6.458E-1 6.679E-1
6.459E-1 6.560E-1
6.460E-1 6.684E-1
6.461E-1 6.564E-1
6.462E-1 6.686E-1
6.463E-1 6.566E-1
6.464E-1 6.691E-1
6.465E-1 6.571E-1
6.466E-1 6.689E-1
6.467E-1 6.570E-1
6.468E-1 6.691E-1
6.469E-1 6.572E-1
6.470E-1 6.692E-1
6.471E-1 6.572E-1
6.472E-1 6.696E-1
6.473E-1 6.577E-1
6.474E-1 6.695E-1
6.475E-1 6.575E-1
6.476E-1 6.699E-1
6.477E-1 6.579E-1
6.478E-1 6.700E-1
6.479E-1 6.580E-1
6.480E-1 6.706E-1
6.481E-1 6.586E-1
6.482E-1 6.704E-1
6.483E-1 6.584E-1
6.484E-1 6.708E-1
6.485E-1 6.587E-1
6.486E-1 6.708E-1
6.487E-1 6.588E-1
6.488E-1 6.714E-1
6.489E-1 6.593E-1
6.490E-1 6.713E-1
6.491E-1 6.593E-1
6.492E-1 6.717E-1
6.493E-1 6.597E-1
6.494E-1 6.718E-1
6.495E-1 6.599E-1
6.496E-1 6.725E-1
6.497E-1 6.604E-1
6.498E-1 6.723E-1
6.499E-1 6.603E-1
6.500E-1 6.725E-1
6.501E-1 6.605E-1
6.502E-1 6.726E-1
6.503E-1 6.606E-1
6.504E-1 6.731E-1
6.505E-1 6.611E-1
6.506E-1 6.730E-1
6.507E-1 6.610E-1
6.508E-1 6.734E-1
6.509E-1 6.614E-1
6.510E-1 6.736E-1
6.511E-1 6.615E-1
6.512E-1 6.742E-1
6.513E-1 6.621E-1
6.514E-1 6.741E-1
6.515E-1 6.620E-1
6.516E-1 6.744E-1
6.517E-1 6.623E-1
6.518E-1 6.744E-1
6.519E-1 6.624E-1
6.520E-1 6.750E-1
6.521E-1 6.629E-1
6.522E-1 6.750E-1
6.523E-1 6.629E-1
6.524E-1 6.755E-1
6.525E-1 6.633E-1
6.526E-1 6.756E-1
6.527E-1 6.635E-1
6.528E-1 6.761E-1
6.529E-1 6.640E-1
6.530E-1 6.760E-1
6.531E-1 6.638E-1
6.532E-1 6.761E-1
6.533E-1 6.640E-1
6.534E-1 6.761E-1
6.535E-1 6.640E-1
6.536E-1 6.767E-1
6.537E-1 6.645E-1
6.538E-1 6.765E-1
6.539E-1 6.644E-1
6.540E-1 6.768E-1
6.541E-1 6.647E-1
6.542E-1 6.770E-1
6.543E-1 6.648E-1
6.544E-1 6.775E-1
6.545E-1 6.654E-1
6.546E-1 6.774E-1
6.547E-1 6.653E-1
6.548E-1 6.777E-1
6.549E-1 6.655E-1
6.550E-1 6.777E-1
6.551E-1 6.656E-1
6.552E-1 6.782E-1
6.553E-1 6.662E-1
6.554E-1 6.782E-1
6.555E-1 6.660E-1
6.556E-1 6.786E-1
6.557E-1 6.665E-1
6.558E-1 6.788E-1
6.559E-1 6.666E-1
6.560E-1 6.794E-1
6.561E-1 6.672E-1
6.562E-1 6.792E-1
6.563E-1 6.670E-1
6.564E-1 6.794E-1
6.565E-1 6.673E-1
6.566E-1 6.795E-1
6.567E-1 6.673E-1
6.568E-1 6.800E-1
6.569E-1 6.678E-1
6.570E-1 6.799E-1
6.571E-1 6.677E-1
6.572E-1 6.803E-1
6.573E-1 6.680E-1
6.574E-1 6.804E-1
6.575E-1 6.682E-1
6.576E-1 6.810E-1
6.577E-1 6.688E-1
6.578E-1 6.809E-1
6.579E-1 6.687E-1
6.580E-1 6.812E-1
6.581E-1 6.690E-1
6.582E-1 6.813E-1
6.583E-1 6.691E-1
6.584E-1 6.819E-1
6.585E-1 6.696E-1
6.586E-1 6.818E-1
6.587E-1 6.696E-1
6.588E-1 6.822E-1
6.589E-1 6.700E-1
6.590E-1 6.825E-1
6.591E-1 6.702E-1
6.592E-1 6.830E-1
6.593E-1 6.708E-1
6.594E-1 6.828E-1
6.595E-1 6.706E-1
6.596E-1 6.831E-1
6.597E-1 6.708E-1
6.598E-1 6.831E-1
6.599E-1 6.708E-1
6.600E-1 6.835E-1
6.601E-1 6.713E-1
6.602E-1 6.834E-1
6.603E-1 6.712E-1
6.604E-1 6.838E-1
6.605E-1 6.715E-1
6.606E-1 6.839E-1
6.607E-1 6.717E-1
6.608E-1 6.845E-1
6.609E-1 6.723E-1
6.610E-1 6.844E-1
6.611E-1 6.721E-1
6.612E-1 6.847E-1
6.613E-1 6.724E-1
6.614E-1 6.848E-1
6.615E-1 6.725E-1
6.616E-1 6.853E-1
6.617E-1 6.730E-1
6.618E-1 6.853E-1
6.619E-1 6.730E-1
6.620E-1 6.857E-1
6.621E-1 6.734E-1
6.622E-1 6.859E-1
6.623E-1 6.736E-1
6.624E-1 6.866E-1
6.625E-1 6.742E-1
6.626E-1 6.863E-1
6.627E-1 6.740E-1
6.628E-1 6.866E-1
6.629E-1 6.743E-1
6.630E-1 6.867E-1
6.631E-1 6.744E-1
6.632E-1 6.872E-1
6.633E-1 6.748E-1
6.634E-1 6.871E-1
6.635E-1 6.748E-1
6.636E-1 6.875E-1
6.637E-1 6.752E-1
6.638E-1 6.877E-1
6.639E-1 6.753E-1
6.640E-1 6.883E-1
6.641E-1 6.759E-1
6.642E-1 6.882E-1
6.643E-1 6.758E-1
6.644E-1 6.885E-1
6.645E-1 6.761E-1
6.646E-1 6.886E-1
6.647E-1 6.762E-1
6.648E-1 6.891E-1
6.649E-1 6.767E-1
6.650E-1 6.891E-1
6.651E-1 6.767E-1
6.652E-1 6.896E-1
6.653E-1 6.772E-1
6.654E-1 6.898E-1
6.655E-1 6.774E-1
6.656E-1 6.895E-1
6.657E-1 6.771E-1
6.658E-1 6.893E-1
6.659E-1 6.769E-1
6.660E-1 6.894E-1
6.661E-1 6.770E-1
6.662E-1 6.894E-1
6.663E-1 6.771E-1
6.664E-1 6.899E-1
6.665E-1 6.775E-1
6.666E-1 6.897E-1
6.667E-1 6.774E-1
6.668E-1 6.901E-1
6.669E-1 6.777E-1
6.670E-1 6.903E-1
6.671E-1 6.778E-1
6.672E-1 6.908E-1
6.673E-1 6.784E-1
6.674E-1 6.906E-1
6.675E-1 6.783E-1
6.676E-1 6.909E-1
6.677E-1 6.785E-1
6.678E-1 6.910E-1
6.679E-1 6.786E-1
6.680E-1 6.915E-1
6.681E-1 6.791E-1
6.682E-1 6.914E-1
6.683E-1 6.790E-1
6.684E-1 6.918E-1
6.685E-1 6.794E-1
6.686E-1 6.920E-1
6.687E-1 6.796E-1
6.688E-1 6.926E-1
6.689E-1 6.801E-1
6.690E-1 6.924E-1
6.691E-1 6.800E-1
6.692E-1 6.926E-1
6.693E-1 6.802E-1
6.694E-1 6.926E-1
6.695E-1 6.802E-1
6.696E-1 6.931E-1
6.697E-1 6.807E-1
6.698E-1 6.930E-1
6.699E-1 6.806E-1
6.700E-1 6.934E-1
6.701E-1 6.810E-1
6.702E-1 6.935E-1
6.703E-1 6.811E-1
6.704E-1 6.941E-1
6.705E-1 6.816E-1
6.706E-1 6.940E-1
6.707E-1 6.815E-1
6.708E-1 6.943E-1
6.709E-1 6.819E-1
6.710E-1 6.944E-1
6.711E-1 6.818E-1
6.712E-1 6.949E-1
6.713E-1 6.824E-1
6.714E-1 6.948E-1
6.715E-1 6.824E-1
6.716E-1 6.953E-1
6.717E-1 6.828E-1
6.718E-1 6.955E-1
6.719E-1 6.830E-1
6.720E-1 6.961E-1
6.721E-1 6.835E-1
6.722E-1 6.958E-1
6.723E-1 6.833E-1
6.724E-1 6.961E-1
6.725E-1 6.836E-1
6.726E-1 6.961E-1
6.727E-1 6.836E-1
6.728E-1 6.966E-1
6.729E-1 6.841E-1
6.730E-1 6.965E-1
6.731E-1 6.839E-1
6.732E-1 6.968E-1
6.733E-1 6.843E-1
6.734E-1 6.969E-1
6.735E-1 6.844E-1
6.736E-1 6.976E-1
6.737E-1 6.851E-1
6.738E-1 6.973E-1
6.739E-1 6.848E-1
6.740E-1 6.977E-1
6.741E-1 6.852E-1
6.742E-1 6.977E-1
6.743E-1 6.852E-1
6.744E-1 6.982E-1
6.745E-1 6.858E-1
6.746E-1 6.982E-1
6.747E-1 6.857E-1
6.748E-1 6.987E-1
6.749E-1 6.861E-1
6.750E-1 6.988E-1
6.751E-1 6.863E-1
6.752E-1 6.994E-1
6.753E-1 6.869E-1
6.754E-1 6.992E-1
6.755E-1 6.867E-1
6.756E-1 6.995E-1
6.757E-1 6.870E-1
6.758E-1 6.995E-1
6.759E-1 6.870E-1
6.760E-1 7.000E-1
6.761E-1 6.875E-1
6.762E-1 7.000E-1
6.763E-1 6.875E-1
6.764E-1 7.004E-1
6.765E-1 6.878E-1
6.766E-1 7.005E-1
6.767E-1 6.879E-1
6.768E-1 7.011E-1
6.769E-1 6.885E-1
6.770E-1 7.010E-1
6.771E-1 6.884E-1
6.772E-1 7.013E-1
6.773E-1 6.887E-1
6.774E-1 7.014E-1
6.775E-1 6.888E-1
6.776E-1 7.019E-1
6.777E-1 6.893E-1
6.778E-1 7.019E-1
6.779E-1 6.893E-1
6.780E-1 7.023E-1
6.781E-1 6.897E-1
6.782E-1 7.026E-1
6.783E-1 6.899E-1
6.784E-1 7.031E-1
6.785E-1 6.904E-1
6.786E-1 7.029E-1
6.787E-1 6.903E-1
6.788E-1 7.030E-1
6.789E-1 6.905E-1
6.790E-1 7.031E-1
6.791E-1 6.905E-1
6.792E-1 7.036E-1
6.793E-1 6.910E-1
6.794E-1 7.034E-1
6.795E-1 6.908E-1
6.796E-1 7.038E-1
6.797E-1 6.911E-1
6.798E-1 7.039E-1
6.799E-1 6.912E-1
6.800E-1 7.045E-1
6.801E-1 6.918E-1
6.802E-1 7.043E-1
6.803E-1 6.916E-1
6.804E-1 7.046E-1
6.805E-1 6.919E-1
6.806E-1 7.046E-1
6.807E-1 6.920E-1
