-6.801E-1 -6.703E-1
-6.942E-1 -6.702E-1
-6.799E-1 -6.701E-1
-6.941E-1 -6.700E-1
-6.796E-1 -6.699E-1
-6.937E-1 -6.698E-1
-6.797E-1 -6.697E-1
-6.939E-1 -6.696E-1
-6.792E-1 -6.695E-1
-6.933E-1 -6.694E-1
-6.934E-1 -6.692E-1
-6.789E-1 -6.691E-1
-6.931E-1 -6.690E-1
-6.785E-1 -6.687E-1
-6.927E-1 -6.686E-1
-6.784E-1 -6.685E-1
-6.925E-1 -6.684E-1
-6.780E-1 -6.683E-1
-6.921E-1 -6.682E-1
-6.781E-1 -6.681E-1
-6.922E-1 -6.680E-1
-6.775E-1 -6.679E-1
-6.917E-1 -6.678E-1
-6.772E-1 -6.675E-1
-6.914E-1 -6.674E-1
-6.916E-1 -6.672E-1
-6.768E-1 -6.671E-1
-6.910E-1 -6.670E-1
-6.767E-1 -6.669E-1
-6.909E-1 -6.668E-1
-6.764E-1 -6.667E-1
-6.905E-1 -6.666E-1
-6.766E-1 -6.665E-1
-6.907E-1 -6.664E-1
-6.761E-1 -6.663E-1
-6.902E-1 -6.662E-1
-6.903E-1 -6.660E-1
-6.759E-1 -6.659E-1
-6.900E-1 -6.658E-1
-6.762E-1 -6.657E-1
-6.906E-1 -6.654E-1
-6.763E-1 -6.653E-1
-6.904E-1 -6.652E-1
-6.758E-1 -6.651E-1
-6.899E-1 -6.650E-1
-6.752E-1 -6.647E-1
-6.893E-1 -6.646E-1
-6.751E-1 -6.645E-1
-6.748E-1 -6.643E-1
-6.889E-1 -6.642E-1
-6.749E-1 -6.641E-1
-6.891E-1 -6.640E-1
-6.743E-1 -6.639E-1
-6.884E-1 -6.638E-1
-6.741E-1 -6.637E-1
-6.883E-1 -6.636E-1
-6.737E-1 -6.635E-1
-6.878E-1 -6.634E-1
-6.738E-1 -6.633E-1
-6.879E-1 -6.632E-1
-6.733E-1 -6.631E-1
-6.874E-1 -6.630E-1
-6.730E-1 -6.627E-1
-6.871E-1 -6.626E-1
-6.873E-1 -6.624E-1
-6.725E-1 -6.623E-1
-6.866E-1 -6.622E-1
-6.724E-1 -6.621E-1
-6.865E-1 -6.620E-1
-6.719E-1 -6.619E-1
-6.860E-1 -6.618E-1
-6.720E-1 -6.617E-1
-6.861E-1 -6.616E-1
-6.714E-1 -6.615E-1
-6.855E-1 -6.614E-1
-6.854E-1 -6.612E-1
-6.711E-1 -6.611E-1
-6.851E-1 -6.610E-1
-6.713E-1 -6.609E-1
-6.853E-1 -6.608E-1
-6.706E-1 -6.607E-1
-6.847E-1 -6.606E-1
-6.846E-1 -6.604E-1
-6.702E-1 -6.603E-1
-6.842E-1 -6.602E-1
-6.703E-1 -6.601E-1
-6.843E-1 -6.600E-1
-6.698E-1 -6.599E-1
-6.838E-1 -6.598E-1
-6.696E-1 -6.595E-1
-6.836E-1 -6.594E-1
-6.839E-1 -6.592E-1
-6.692E-1 -6.591E-1
-6.832E-1 -6.590E-1
-6.690E-1 -6.589E-1
-6.830E-1 -6.588E-1
-6.686E-1 -6.587E-1
-6.825E-1 -6.586E-1
-6.826E-1 -6.584E-1
-6.680E-1 -6.583E-1
-6.820E-1 -6.582E-1
-6.677E-1 -6.579E-1
-6.816E-1 -6.578E-1
-6.678E-1 -6.577E-1
-6.818E-1 -6.576E-1
-6.672E-1 -6.575E-1
-6.811E-1 -6.574E-1
-6.670E-1 -6.573E-1
-6.810E-1 -6.572E-1
-6.667E-1 -6.571E-1
-6.805E-1 -6.570E-1
-6.668E-1 -6.569E-1
-6.807E-1 -6.568E-1
-6.662E-1 -6.567E-1
-6.802E-1 -6.564E-1
-6.660E-1 -6.563E-1
-6.656E-1 -6.559E-1
-6.795E-1 -6.558E-1
-6.654E-1 -6.557E-1
-6.793E-1 -6.556E-1
-6.650E-1 -6.555E-1
-6.651E-1 -6.553E-1
-6.790E-1 -6.552E-1
-6.645E-1 -6.551E-1
-6.642E-1 -6.547E-1
-6.783E-1 -6.544E-1
-6.638E-1 -6.543E-1
-6.777E-1 -6.542E-1
-6.637E-1 -6.541E-1
-6.776E-1 -6.540E-1
-6.634E-1 -6.539E-1
-6.635E-1 -6.537E-1
-6.774E-1 -6.536E-1
-6.630E-1 -6.535E-1
-6.631E-1 -6.533E-1
-6.769E-1 -6.532E-1
-6.628E-1 -6.531E-1
-6.770E-1 -6.528E-1
-6.625E-1 -6.527E-1
-6.624E-1 -6.525E-1
-6.618E-1 -6.523E-1
-6.757E-1 -6.522E-1
-6.620E-1 -6.521E-1
-6.613E-1 -6.519E-1
-6.609E-1 -6.515E-1
-6.747E-1 -6.514E-1
-6.611E-1 -6.513E-1
-6.604E-1 -6.511E-1
-6.742E-1 -6.510E-1
-6.603E-1 -6.509E-1
-6.599E-1 -6.507E-1
-6.601E-1 -6.505E-1
-6.595E-1 -6.503E-1
-6.592E-1 -6.499E-1
-6.732E-1 -6.496E-1
-6.587E-1 -6.495E-1
-6.586E-1 -6.493E-1
-6.582E-1 -6.491E-1
-6.583E-1 -6.489E-1
-6.577E-1 -6.487E-1
-6.715E-1 -6.486E-1
-6.574E-1 -6.483E-1
-6.576E-1 -6.481E-1
-6.570E-1 -6.479E-1
-6.569E-1 -6.477E-1
-6.565E-1 -6.475E-1
-6.567E-1 -6.473E-1
-6.704E-1 -6.472E-1
-6.561E-1 -6.471E-1
-6.699E-1 -6.468E-1
-6.559E-1 -6.467E-1
-6.562E-1 -6.465E-1
-6.556E-1 -6.463E-1
-6.554E-1 -6.461E-1
-6.691E-1 -6.460E-1
-6.549E-1 -6.459E-1
-6.550E-1 -6.457E-1
-6.687E-1 -6.456E-1
-6.544E-1 -6.455E-1
-6.681E-1 -6.454E-1
-6.543E-1 -6.453E-1
-6.540E-1 -6.451E-1
-6.542E-1 -6.449E-1
-6.679E-1 -6.448E-1
-6.536E-1 -6.447E-1
-6.534E-1 -6.445E-1
-6.671E-1 -6.444E-1
-6.531E-1 -6.443E-1
-6.532E-1 -6.441E-1
-6.669E-1 -6.440E-1
-6.527E-1 -6.439E-1
-6.663E-1 -6.438E-1
-6.664E-1 -6.436E-1
-6.524E-1 -6.435E-1
-6.661E-1 -6.434E-1
-6.520E-1 -6.431E-1
-6.657E-1 -6.430E-1
-6.519E-1 -6.429E-1
-6.655E-1 -6.428E-1
-6.515E-1 -6.427E-1
-6.516E-1 -6.425E-1
-6.652E-1 -6.424E-1
-6.511E-1 -6.423E-1
-6.647E-1 -6.422E-1
-6.510E-1 -6.421E-1
-6.507E-1 -6.419E-1
-6.643E-1 -6.418E-1
-6.646E-1 -6.416E-1
-6.503E-1 -6.415E-1
-6.639E-1 -6.414E-1
-6.499E-1 -6.411E-1
-6.501E-1 -6.409E-1
-6.496E-1 -6.407E-1
-6.632E-1 -6.406E-1
-6.494E-1 -6.403E-1
-6.497E-1 -6.401E-1
-6.633E-1 -6.400E-1
-6.495E-1 -6.397E-1
-6.491E-1 -6.395E-1
-6.627E-1 -6.394E-1
-6.485E-1 -6.391E-1
-6.621E-1 -6.390E-1
-6.484E-1 -6.389E-1
-6.481E-1 -6.387E-1
-6.617E-1 -6.386E-1
-6.483E-1 -6.385E-1
-6.619E-1 -6.384E-1
-6.476E-1 -6.383E-1
-6.612E-1 -6.382E-1
-6.474E-1 -6.381E-1
-6.610E-1 -6.380E-1
-6.471E-1 -6.379E-1
-6.606E-1 -6.378E-1
-6.472E-1 -6.377E-1
-6.607E-1 -6.376E-1
-6.466E-1 -6.375E-1
-6.602E-1 -6.374E-1
-6.463E-1 -6.371E-1
-6.459E-1 -6.367E-1
-6.594E-1 -6.366E-1
-6.457E-1 -6.365E-1
-6.593E-1 -6.364E-1
-6.453E-1 -6.363E-1
-6.588E-1 -6.362E-1
-6.454E-1 -6.361E-1
-6.589E-1 -6.360E-1
-6.448E-1 -6.359E-1
-6.445E-1 -6.355E-1
-6.579E-1 -6.354E-1
-6.446E-1 -6.353E-1
-6.440E-1 -6.351E-1
-6.575E-1 -6.350E-1
-6.439E-1 -6.349E-1
-6.436E-1 -6.347E-1
-6.572E-1 -6.344E-1
-6.431E-1 -6.343E-1
-6.432E-1 -6.341E-1
-6.566E-1 -6.340E-1
-6.429E-1 -6.339E-1
-6.564E-1 -6.338E-1
-6.426E-1 -6.335E-1
-6.560E-1 -6.334E-1
-6.424E-1 -6.333E-1
-6.558E-1 -6.332E-1
-6.420E-1 -6.331E-1
-6.555E-1 -6.328E-1
-6.414E-1 -6.327E-1
-6.413E-1 -6.325E-1
-6.548E-1 -6.324E-1
-6.410E-1 -6.323E-1
-6.412E-1 -6.321E-1
-6.547E-1 -6.320E-1
-6.405E-1 -6.319E-1
-6.538E-1 -6.316E-1
-6.400E-1 -6.315E-1
-6.535E-1 -6.314E-1
-6.402E-1 -6.313E-1
-6.396E-1 -6.311E-1
-6.394E-1 -6.307E-1
-6.530E-1 -6.304E-1
-6.389E-1 -6.303E-1
-6.388E-1 -6.301E-1
-6.522E-1 -6.300E-1
-6.384E-1 -6.299E-1
-6.518E-1 -6.298E-1
-6.385E-1 -6.297E-1
-6.379E-1 -6.295E-1
-6.513E-1 -6.294E-1
-6.376E-1 -6.291E-1
-6.378E-1 -6.289E-1
-6.512E-1 -6.288E-1
-6.372E-1 -6.287E-1
-6.506E-1 -6.286E-1
-6.371E-1 -6.285E-1
-6.505E-1 -6.284E-1
-6.368E-1 -6.283E-1
-6.369E-1 -6.281E-1
-6.364E-1 -6.279E-1
-6.498E-1 -6.276E-1
-6.362E-1 -6.275E-1
-6.365E-1 -6.273E-1
-6.359E-1 -6.271E-1
-6.493E-1 -6.270E-1
-6.358E-1 -6.269E-1
-6.353E-1 -6.267E-1
-6.486E-1 -6.266E-1
-6.354E-1 -6.265E-1
-6.487E-1 -6.264E-1
-6.348E-1 -6.263E-1
-6.347E-1 -6.261E-1
-6.480E-1 -6.260E-1
-6.344E-1 -6.259E-1
-6.345E-1 -6.257E-1
-6.478E-1 -6.256E-1
-6.339E-1 -6.255E-1
-6.337E-1 -6.253E-1
-6.470E-1 -6.252E-1
-6.334E-1 -6.251E-1
-6.335E-1 -6.249E-1
-6.467E-1 -6.248E-1
-6.329E-1 -6.247E-1
-6.462E-1 -6.246E-1
-6.327E-1 -6.243E-1
-6.461E-1 -6.240E-1
-6.322E-1 -6.239E-1
-6.455E-1 -6.238E-1
-6.321E-1 -6.237E-1
-6.316E-1 -6.235E-1
-6.449E-1 -6.234E-1
-6.318E-1 -6.233E-1
-6.450E-1 -6.232E-1
-6.311E-1 -6.231E-1
-6.444E-1 -6.230E-1
-6.443E-1 -6.228E-1
-6.309E-1 -6.227E-1
-6.310E-1 -6.225E-1
-6.304E-1 -6.223E-1
-6.303E-1 -6.221E-1
-6.435E-1 -6.220E-1
-6.299E-1 -6.219E-1
-6.301E-1 -6.217E-1
-6.433E-1 -6.216E-1
-6.296E-1 -6.215E-1
-6.428E-1 -6.214E-1
-6.294E-1 -6.211E-1
-6.290E-1 -6.207E-1
-6.422E-1 -6.206E-1
-6.289E-1 -6.205E-1
-6.284E-1 -6.203E-1
-6.416E-1 -6.202E-1
-6.417E-1 -6.200E-1
-6.279E-1 -6.199E-1
-6.278E-1 -6.197E-1
-6.275E-1 -6.195E-1
-6.407E-1 -6.194E-1
-6.277E-1 -6.193E-1
-6.409E-1 -6.192E-1
-6.271E-1 -6.191E-1
-6.270E-1 -6.189E-1
-6.401E-1 -6.188E-1
-6.266E-1 -6.187E-1
-6.397E-1 -6.186E-1
-6.267E-1 -6.185E-1
-6.399E-1 -6.184E-1
-6.262E-1 -6.183E-1
-6.393E-1 -6.182E-1
-6.260E-1 -6.179E-1
-6.390E-1 -6.178E-1
-6.255E-1 -6.175E-1
-6.387E-1 -6.174E-1
-6.254E-1 -6.173E-1
-6.250E-1 -6.171E-1
-6.381E-1 -6.170E-1
-6.251E-1 -6.169E-1
-6.383E-1 -6.168E-1
-6.245E-1 -6.167E-1
-6.377E-1 -6.164E-1
-6.242E-1 -6.163E-1
-6.373E-1 -6.162E-1
-6.375E-1 -6.160E-1
-6.239E-1 -6.159E-1
-6.238E-1 -6.157E-1
-6.234E-1 -6.155E-1
-6.236E-1 -6.153E-1
-6.366E-1 -6.152E-1
-6.231E-1 -6.151E-1
-6.229E-1 -6.147E-1
-6.360E-1 -6.146E-1
-6.232E-1 -6.145E-1
-6.257E-1 -6.143E-1
-6.386E-1 -6.140E-1
-6.382E-1 -6.136E-1
-6.244E-1 -6.133E-1
-6.241E-1 -6.131E-1
-6.230E-1 -6.123E-1
-6.361E-1 -6.122E-1
-6.226E-1 -6.119E-1
-6.356E-1 -6.118E-1
-6.223E-1 -6.115E-1
-6.225E-1 -6.113E-1
-6.355E-1 -6.112E-1
-6.218E-1 -6.111E-1
-6.216E-1 -6.109E-1
-6.346E-1 -6.108E-1
-6.212E-1 -6.107E-1
-6.343E-1 -6.106E-1
-6.213E-1 -6.105E-1
-6.207E-1 -6.103E-1
-6.204E-1 -6.099E-1
-6.205E-1 -6.097E-1
-6.199E-1 -6.095E-1
-6.328E-1 -6.092E-1
-6.195E-1 -6.091E-1
-6.324E-1 -6.090E-1
-6.196E-1 -6.089E-1
-6.326E-1 -6.088E-1
-6.191E-1 -6.087E-1
-6.320E-1 -6.086E-1
-6.188E-1 -6.083E-1
-6.184E-1 -6.079E-1
-6.314E-1 -6.078E-1
-6.182E-1 -6.077E-1
-6.312E-1 -6.076E-1
-6.178E-1 -6.075E-1
-6.308E-1 -6.074E-1
-6.179E-1 -6.073E-1
-6.173E-1 -6.071E-1
-6.302E-1 -6.070E-1
-6.172E-1 -6.069E-1
-6.169E-1 -6.067E-1
-6.298E-1 -6.066E-1
-6.171E-1 -6.065E-1
-6.300E-1 -6.064E-1
-6.164E-1 -6.063E-1
-6.293E-1 -6.062E-1
-6.163E-1 -6.061E-1
-6.292E-1 -6.060E-1
-6.160E-1 -6.059E-1
-6.288E-1 -6.058E-1
-6.155E-1 -6.055E-1
-6.152E-1 -6.051E-1
-6.281E-1 -6.050E-1
-6.154E-1 -6.049E-1
-6.149E-1 -6.047E-1
-6.276E-1 -6.046E-1
-6.147E-1 -6.045E-1
-6.143E-1 -6.043E-1
-6.272E-1 -6.040E-1
-6.138E-1 -6.039E-1
-6.135E-1 -6.035E-1
-6.263E-1 -6.034E-1
-6.137E-1 -6.033E-1
-6.131E-1 -6.031E-1
-6.259E-1 -6.030E-1
-6.130E-1 -6.029E-1
-6.258E-1 -6.028E-1
-6.126E-1 -6.027E-1
-6.128E-1 -6.025E-1
-6.256E-1 -6.024E-1
-6.123E-1 -6.023E-1
-6.121E-1 -6.019E-1
-6.249E-1 -6.018E-1
-6.118E-1 -6.015E-1
-6.246E-1 -6.014E-1
-6.115E-1 -6.013E-1
-6.111E-1 -6.011E-1
-6.112E-1 -6.009E-1
-6.240E-1 -6.008E-1
-6.106E-1 -6.007E-1
-6.233E-1 -6.006E-1
-6.105E-1 -6.005E-1
-6.101E-1 -6.003E-1
-6.103E-1 -6.001E-1
-6.097E-1 -5.999E-1
-6.224E-1 -5.998E-1
-6.096E-1 -5.997E-1
-6.092E-1 -5.995E-1
-6.219E-1 -5.994E-1
-6.093E-1 -5.993E-1
-6.220E-1 -5.992E-1
-6.088E-1 -5.991E-1
-6.214E-1 -5.990E-1
-6.087E-1 -5.989E-1
-6.084E-1 -5.987E-1
-6.086E-1 -5.985E-1
-6.080E-1 -5.983E-1
-6.079E-1 -5.981E-1
-6.206E-1 -5.980E-1
-6.074E-1 -5.979E-1
-6.201E-1 -5.978E-1
-6.075E-1 -5.977E-1
-6.202E-1 -5.976E-1
-6.069E-1 -5.975E-1
-6.066E-1 -5.971E-1
-6.193E-1 -5.970E-1
-6.068E-1 -5.969E-1
-6.062E-1 -5.967E-1
-6.061E-1 -5.965E-1
-6.187E-1 -5.964E-1
-6.057E-1 -5.963E-1
-6.058E-1 -5.961E-1
-6.185E-1 -5.960E-1
-6.053E-1 -5.959E-1
-6.180E-1 -5.958E-1
-6.054E-1 -5.957E-1
-6.051E-1 -5.955E-1
-6.048E-1 -5.951E-1
-6.174E-1 -5.950E-1
-6.046E-1 -5.949E-1
-6.042E-1 -5.947E-1
-6.168E-1 -5.946E-1
-6.036E-1 -5.943E-1
-6.162E-1 -5.942E-1
-6.033E-1 -5.939E-1
-6.159E-1 -5.938E-1
-6.034E-1 -5.937E-1
-6.028E-1 -5.935E-1
-6.027E-1 -5.933E-1
-6.023E-1 -5.931E-1
-6.024E-1 -5.929E-1
-6.150E-1 -5.928E-1
-6.019E-1 -5.927E-1
-6.145E-1 -5.926E-1
-6.016E-1 -5.923E-1
-6.142E-1 -5.922E-1
-6.018E-1 -5.921E-1
-6.012E-1 -5.919E-1
-6.011E-1 -5.917E-1
-6.007E-1 -5.915E-1
-6.133E-1 -5.914E-1
-6.008E-1 -5.913E-1
-6.002E-1 -5.911E-1
-5.999E-1 -5.907E-1
-6.125E-1 -5.906E-1
-6.001E-1 -5.905E-1
-5.995E-1 -5.903E-1
-5.994E-1 -5.901E-1
-6.119E-1 -5.900E-1
-5.991E-1 -5.899E-1
-6.116E-1 -5.898E-1
-5.993E-1 -5.897E-1
-5.988E-1 -5.895E-1
-6.113E-1 -5.894E-1
-5.985E-1 -5.891E-1
-6.117E-1 -5.886E-1
-5.989E-1 -5.885E-1
-6.110E-1 -5.882E-1
-5.979E-1 -5.879E-1
-6.104E-1 -5.876E-1
-5.975E-1 -5.875E-1
-6.100E-1 -5.874E-1
-5.976E-1 -5.873E-1
-6.102E-1 -5.872E-1
-5.970E-1 -5.871E-1
-6.095E-1 -5.870E-1
-5.969E-1 -5.869E-1
-6.094E-1 -5.868E-1
-5.965E-1 -5.867E-1
-6.090E-1 -5.866E-1
-6.091E-1 -5.864E-1
-5.961E-1 -5.863E-1
-6.085E-1 -5.862E-1
-5.960E-1 -5.861E-1
-5.957E-1 -5.859E-1
-6.082E-1 -5.858E-1
-5.959E-1 -5.857E-1
-5.953E-1 -5.855E-1
-6.077E-1 -5.854E-1
-5.951E-1 -5.853E-1
-6.076E-1 -5.852E-1
-5.947E-1 -5.851E-1
-6.071E-1 -5.850E-1
-6.072E-1 -5.848E-1
-5.942E-1 -5.847E-1
-6.067E-1 -5.846E-1
-5.941E-1 -5.845E-1
-5.938E-1 -5.843E-1
-6.063E-1 -5.842E-1
-5.940E-1 -5.841E-1
-6.065E-1 -5.840E-1
-5.934E-1 -5.839E-1
-6.059E-1 -5.838E-1
-5.933E-1 -5.837E-1
-5.929E-1 -5.835E-1
-5.931E-1 -5.833E-1
-6.055E-1 -5.832E-1
-5.925E-1 -5.831E-1
-6.050E-1 -5.830E-1
-5.923E-1 -5.827E-1
-6.047E-1 -5.826E-1
-5.919E-1 -5.823E-1
-6.043E-1 -5.822E-1
-5.917E-1 -5.821E-1
-6.041E-1 -5.820E-1
-5.913E-1 -5.819E-1
-6.037E-1 -5.818E-1
-5.908E-1 -5.815E-1
-6.032E-1 -5.814E-1
-5.907E-1 -5.813E-1
-6.031E-1 -5.812E-1
-5.904E-1 -5.811E-1
-5.906E-1 -5.809E-1
-6.029E-1 -5.808E-1
-5.899E-1 -5.807E-1
-5.898E-1 -5.805E-1
-6.022E-1 -5.804E-1
-5.894E-1 -5.803E-1
-5.895E-1 -5.801E-1
-5.890E-1 -5.799E-1
-6.014E-1 -5.798E-1
-5.887E-1 -5.795E-1
-5.889E-1 -5.793E-1
-6.013E-1 -5.792E-1
-5.883E-1 -5.791E-1
-6.006E-1 -5.790E-1
-5.882E-1 -5.789E-1
-6.005E-1 -5.788E-1
-5.877E-1 -5.787E-1
-5.878E-1 -5.785E-1
-5.873E-1 -5.783E-1
-5.996E-1 -5.782E-1
-5.872E-1 -5.781E-1
-5.870E-1 -5.779E-1
-5.871E-1 -5.777E-1
-5.866E-1 -5.775E-1
-5.865E-1 -5.773E-1
-5.861E-1 -5.771E-1
-5.984E-1 -5.770E-1
-5.862E-1 -5.769E-1
-5.858E-1 -5.767E-1
-5.980E-1 -5.766E-1
-5.981E-1 -5.764E-1
-5.855E-1 -5.763E-1
-5.978E-1 -5.762E-1
-5.852E-1 -5.759E-1
-5.851E-1 -5.757E-1
-5.973E-1 -5.756E-1
-5.847E-1 -5.755E-1
-5.841E-1 -5.751E-1
-5.963E-1 -5.750E-1
-5.840E-1 -5.749E-1
-5.962E-1 -5.748E-1
-5.837E-1 -5.747E-1
-5.838E-1 -5.745E-1
-5.832E-1 -5.743E-1
-5.954E-1 -5.742E-1
-5.831E-1 -5.741E-1
-5.827E-1 -5.739E-1
-5.949E-1 -5.738E-1
-5.828E-1 -5.737E-1
-5.823E-1 -5.735E-1
-5.945E-1 -5.734E-1
-5.819E-1 -5.731E-1
-5.822E-1 -5.729E-1
-5.943E-1 -5.728E-1
-5.816E-1 -5.727E-1
-5.937E-1 -5.726E-1
-5.814E-1 -5.725E-1
-5.935E-1 -5.724E-1
-5.810E-1 -5.723E-1
-5.932E-1 -5.722E-1
-5.811E-1 -5.721E-1
-5.805E-1 -5.719E-1
-5.926E-1 -5.718E-1
-5.802E-1 -5.715E-1
-5.803E-1 -5.713E-1
-5.797E-1 -5.711E-1
-5.796E-1 -5.709E-1
-5.918E-1 -5.708E-1
-5.793E-1 -5.707E-1
-5.914E-1 -5.706E-1
-5.794E-1 -5.705E-1
-5.915E-1 -5.704E-1
-5.789E-1 -5.703E-1
-5.910E-1 -5.702E-1
-5.911E-1 -5.700E-1
-5.787E-1 -5.699E-1
-5.783E-1 -5.695E-1
-5.781E-1 -5.693E-1
-5.903E-1 -5.692E-1
-5.777E-1 -5.691E-1
-5.772E-1 -5.687E-1
-5.893E-1 -5.686E-1
-5.892E-1 -5.684E-1
-5.768E-1 -5.683E-1
-5.770E-1 -5.681E-1
-5.891E-1 -5.680E-1
-5.764E-1 -5.679E-1
-5.884E-1 -5.678E-1
-5.762E-1 -5.677E-1
-5.759E-1 -5.675E-1
-5.880E-1 -5.674E-1
-5.760E-1 -5.673E-1
-5.881E-1 -5.672E-1
-5.755E-1 -5.671E-1
-5.875E-1 -5.670E-1
-5.752E-1 -5.667E-1
-5.748E-1 -5.663E-1
-5.868E-1 -5.662E-1
-5.747E-1 -5.661E-1
-5.867E-1 -5.660E-1
-5.743E-1 -5.659E-1
-5.864E-1 -5.658E-1
-5.744E-1 -5.657E-1
-5.738E-1 -5.655E-1
-5.859E-1 -5.654E-1
-5.735E-1 -5.651E-1
-5.737E-1 -5.649E-1
-5.857E-1 -5.648E-1
-5.731E-1 -5.647E-1
-5.730E-1 -5.645E-1
-5.727E-1 -5.643E-1
-5.728E-1 -5.641E-1
-5.848E-1 -5.640E-1
-5.723E-1 -5.639E-1
-5.844E-1 -5.638E-1
-5.724E-1 -5.637E-1
-5.721E-1 -5.635E-1
-5.726E-1 -5.631E-1
-5.725E-1 -5.629E-1
-5.845E-1 -5.628E-1
-5.715E-1 -5.623E-1
-5.835E-1 -5.622E-1
-5.714E-1 -5.621E-1
-5.834E-1 -5.620E-1
-5.711E-1 -5.619E-1
-5.712E-1 -5.617E-1
-5.706E-1 -5.615E-1
-5.826E-1 -5.614E-1
-5.704E-1 -5.613E-1
-5.825E-1 -5.612E-1
-5.701E-1 -5.611E-1
-5.820E-1 -5.610E-1
-5.821E-1 -5.608E-1
-5.696E-1 -5.607E-1
-5.693E-1 -5.603E-1
-5.813E-1 -5.602E-1
-5.695E-1 -5.601E-1
-5.815E-1 -5.600E-1
-5.689E-1 -5.599E-1
-5.808E-1 -5.598E-1
-5.687E-1 -5.597E-1
-5.807E-1 -5.596E-1
-5.683E-1 -5.595E-1
-5.678E-1 -5.591E-1
-5.677E-1 -5.589E-1
-5.674E-1 -5.587E-1
-5.676E-1 -5.585E-1
-5.795E-1 -5.584E-1
-5.670E-1 -5.583E-1
-5.669E-1 -5.581E-1
-5.788E-1 -5.580E-1
-5.665E-1 -5.579E-1
-5.784E-1 -5.578E-1
-5.666E-1 -5.577E-1
-5.785E-1 -5.576E-1
-5.661E-1 -5.575E-1
-5.662E-1 -5.573E-1
-5.780E-1 -5.572E-1
-5.659E-1 -5.571E-1
-5.778E-1 -5.570E-1
-5.660E-1 -5.569E-1
-5.655E-1 -5.567E-1
-5.774E-1 -5.566E-1
-5.653E-1 -5.565E-1
-5.649E-1 -5.563E-1
-5.644E-1 -5.559E-1
-5.643E-1 -5.557E-1
-5.761E-1 -5.556E-1
-5.640E-1 -5.555E-1
-5.758E-1 -5.554E-1
-5.641E-1 -5.553E-1
-5.635E-1 -5.551E-1
-5.753E-1 -5.550E-1
-5.634E-1 -5.549E-1
-5.630E-1 -5.547E-1
-5.631E-1 -5.545E-1
-5.749E-1 -5.544E-1
-5.626E-1 -5.543E-1
-5.623E-1 -5.539E-1
-5.741E-1 -5.538E-1
-5.625E-1 -5.537E-1
-5.619E-1 -5.535E-1
-5.618E-1 -5.533E-1
-5.736E-1 -5.532E-1
-5.614E-1 -5.531E-1
-5.732E-1 -5.528E-1
-5.609E-1 -5.527E-1
-5.608E-1 -5.525E-1
-5.606E-1 -5.523E-1
-5.607E-1 -5.521E-1
-5.602E-1 -5.519E-1
-5.719E-1 -5.518E-1
-5.600E-1 -5.517E-1
-5.718E-1 -5.516E-1
-5.597E-1 -5.515E-1
-5.598E-1 -5.513E-1
-5.716E-1 -5.512E-1
-5.593E-1 -5.511E-1
-5.591E-1 -5.507E-1
-5.708E-1 -5.506E-1
-5.588E-1 -5.503E-1
-5.587E-1 -5.501E-1
-5.582E-1 -5.499E-1
-5.700E-1 -5.498E-1
-5.699E-1 -5.496E-1
-5.577E-1 -5.495E-1
-5.694E-1 -5.494E-1
-5.576E-1 -5.493E-1
-5.573E-1 -5.491E-1
-5.690E-1 -5.490E-1
-5.574E-1 -5.489E-1
-5.691E-1 -5.488E-1
-5.568E-1 -5.487E-1
-5.685E-1 -5.486E-1
-5.567E-1 -5.485E-1
-5.684E-1 -5.484E-1
-5.563E-1 -5.483E-1
-5.679E-1 -5.482E-1
-5.564E-1 -5.481E-1
-5.681E-1 -5.480E-1
-5.559E-1 -5.479E-1
-5.675E-1 -5.478E-1
-5.558E-1 -5.477E-1
-5.556E-1 -5.475E-1
-5.672E-1 -5.474E-1
-5.557E-1 -5.473E-1
-5.551E-1 -5.471E-1
-5.668E-1 -5.470E-1
-5.550E-1 -5.469E-1
-5.546E-1 -5.467E-1
-5.663E-1 -5.464E-1
-5.541E-1 -5.463E-1
-5.657E-1 -5.462E-1
-5.540E-1 -5.461E-1
-5.538E-1 -5.459E-1
-5.654E-1 -5.458E-1
-5.539E-1 -5.457E-1
-5.534E-1 -5.455E-1
-5.532E-1 -5.453E-1
-5.648E-1 -5.452E-1
-5.529E-1 -5.451E-1
-5.530E-1 -5.449E-1
-5.646E-1 -5.448E-1
-5.525E-1 -5.447E-1
-5.522E-1 -5.443E-1
-5.638E-1 -5.442E-1
-5.524E-1 -5.441E-1
-5.519E-1 -5.439E-1
-5.517E-1 -5.437E-1
-5.633E-1 -5.436E-1
-5.513E-1 -5.435E-1
-5.628E-1 -5.434E-1
-5.629E-1 -5.432E-1
-5.508E-1 -5.431E-1
-5.507E-1 -5.429E-1
-5.504E-1 -5.427E-1
-5.620E-1 -5.426E-1
-5.505E-1 -5.425E-1
-5.621E-1 -5.424E-1
-5.500E-1 -5.423E-1
-5.615E-1 -5.422E-1
-5.498E-1 -5.421E-1
-5.495E-1 -5.419E-1
-5.610E-1 -5.418E-1
-5.496E-1 -5.417E-1
-5.611E-1 -5.416E-1
-5.490E-1 -5.415E-1
-5.491E-1 -5.413E-1
-5.488E-1 -5.411E-1
-5.603E-1 -5.410E-1
-5.605E-1 -5.408E-1
-5.484E-1 -5.407E-1
-5.599E-1 -5.406E-1
-5.482E-1 -5.405E-1
-5.479E-1 -5.403E-1
-5.594E-1 -5.402E-1
-5.474E-1 -5.399E-1
-5.589E-1 -5.398E-1
-5.471E-1 -5.395E-1
-5.586E-1 -5.394E-1
-5.472E-1 -5.393E-1
-5.468E-1 -5.391E-1
-5.466E-1 -5.389E-1
-5.581E-1 -5.388E-1
-5.463E-1 -5.387E-1
-5.464E-1 -5.385E-1
-5.579E-1 -5.384E-1
-5.459E-1 -5.383E-1
-5.457E-1 -5.379E-1
-5.572E-1 -5.378E-1
-5.460E-1 -5.375E-1
-5.454E-1 -5.371E-1
-5.570E-1 -5.370E-1
-5.455E-1 -5.369E-1
-5.449E-1 -5.367E-1
-5.445E-1 -5.363E-1
-5.560E-1 -5.362E-1
-5.446E-1 -5.361E-1
-5.561E-1 -5.360E-1
-5.440E-1 -5.359E-1
-5.555E-1 -5.358E-1
-5.439E-1 -5.357E-1
-5.553E-1 -5.356E-1
-5.435E-1 -5.355E-1
-5.549E-1 -5.354E-1
-5.430E-1 -5.351E-1
-5.545E-1 -5.350E-1
-5.544E-1 -5.348E-1
-5.427E-1 -5.347E-1
-5.542E-1 -5.346E-1
-5.429E-1 -5.345E-1
-5.543E-1 -5.344E-1
-5.423E-1 -5.343E-1
-5.537E-1 -5.342E-1
-5.421E-1 -5.341E-1
-5.536E-1 -5.340E-1
-5.417E-1 -5.339E-1
-5.531E-1 -5.338E-1
-5.412E-1 -5.335E-1
-5.526E-1 -5.334E-1
-5.409E-1 -5.331E-1
-5.523E-1 -5.330E-1
-5.410E-1 -5.329E-1
-5.404E-1 -5.327E-1
-5.518E-1 -5.326E-1
-5.403E-1 -5.325E-1
-5.399E-1 -5.323E-1
-5.401E-1 -5.321E-1
-5.514E-1 -5.320E-1
-5.396E-1 -5.319E-1
-5.509E-1 -5.318E-1
-5.393E-1 -5.315E-1
-5.395E-1 -5.313E-1
-5.389E-1 -5.311E-1
-5.503E-1 -5.310E-1
-5.387E-1 -5.309E-1
-5.501E-1 -5.308E-1
-5.383E-1 -5.307E-1
-5.497E-1 -5.306E-1
-5.378E-1 -5.303E-1
-5.374E-1 -5.299E-1
-5.487E-1 -5.298E-1
-5.375E-1 -5.297E-1
-5.489E-1 -5.296E-1
-5.369E-1 -5.295E-1
-5.368E-1 -5.293E-1
-5.481E-1 -5.292E-1
-5.365E-1 -5.291E-1
-5.478E-1 -5.290E-1
-5.366E-1 -5.289E-1
-5.361E-1 -5.287E-1
-5.360E-1 -5.285E-1
-5.473E-1 -5.284E-1
-5.358E-1 -5.283E-1
-5.359E-1 -5.281E-1
-5.354E-1 -5.279E-1
-5.352E-1 -5.277E-1
-5.348E-1 -5.275E-1
-5.461E-1 -5.274E-1
-5.344E-1 -5.271E-1
-5.456E-1 -5.270E-1
-5.343E-1 -5.269E-1
-5.340E-1 -5.267E-1
-5.452E-1 -5.266E-1
-5.341E-1 -5.265E-1
-5.336E-1 -5.263E-1
-5.448E-1 -5.262E-1
-5.335E-1 -5.261E-1
-5.447E-1 -5.260E-1
-5.332E-1 -5.259E-1
-5.444E-1 -5.258E-1
-5.328E-1 -5.255E-1
-5.325E-1 -5.251E-1
-5.438E-1 -5.250E-1
-5.327E-1 -5.249E-1
-5.323E-1 -5.247E-1
-5.321E-1 -5.245E-1
-5.433E-1 -5.244E-1
-5.317E-1 -5.243E-1
-5.428E-1 -5.242E-1
-5.312E-1 -5.239E-1
-5.311E-1 -5.237E-1
-5.307E-1 -5.235E-1
-5.419E-1 -5.234E-1
-5.308E-1 -5.233E-1
-5.303E-1 -5.231E-1
-5.415E-1 -5.230E-1
-5.302E-1 -5.229E-1
-5.413E-1 -5.228E-1
-5.298E-1 -5.227E-1
-5.294E-1 -5.223E-1
-5.405E-1 -5.222E-1
-5.293E-1 -5.221E-1
-5.290E-1 -5.219E-1
-5.402E-1 -5.218E-1
-5.292E-1 -5.217E-1
-5.286E-1 -5.215E-1
-5.398E-1 -5.214E-1
-5.285E-1 -5.213E-1
-5.281E-1 -5.211E-1
-5.392E-1 -5.210E-1
-5.276E-1 -5.207E-1
-5.275E-1 -5.205E-1
-5.386E-1 -5.204E-1
-5.272E-1 -5.203E-1
-5.274E-1 -5.201E-1
-5.385E-1 -5.200E-1
-5.268E-1 -5.199E-1
-5.379E-1 -5.198E-1
-5.267E-1 -5.197E-1
-5.263E-1 -5.195E-1
-5.264E-1 -5.193E-1
-5.259E-1 -5.191E-1
-5.370E-1 -5.190E-1
-5.257E-1 -5.187E-1
-5.253E-1 -5.183E-1
-5.364E-1 -5.182E-1
-5.252E-1 -5.181E-1
-5.362E-1 -5.180E-1
-5.247E-1 -5.179E-1
-5.248E-1 -5.177E-1
-5.243E-1 -5.175E-1
-5.353E-1 -5.174E-1
-5.242E-1 -5.173E-1
-5.239E-1 -5.171E-1
-5.349E-1 -5.170E-1
-5.240E-1 -5.169E-1
-5.350E-1 -5.168E-1
-5.234E-1 -5.167E-1
-5.345E-1 -5.166E-1
-5.233E-1 -5.165E-1
-5.230E-1 -5.163E-1
-5.225E-1 -5.159E-1
-5.223E-1 -5.155E-1
-5.333E-1 -5.154E-1
-5.224E-1 -5.153E-1
-5.218E-1 -5.151E-1
-5.329E-1 -5.150E-1
-5.217E-1 -5.149E-1
-5.213E-1 -5.147E-1
-5.324E-1 -5.146E-1
-5.214E-1 -5.145E-1
-5.209E-1 -5.143E-1
-5.319E-1 -5.142E-1
-5.208E-1 -5.141E-1
-5.318E-1 -5.140E-1
-5.206E-1 -5.139E-1
-5.316E-1 -5.138E-1
-5.207E-1 -5.137E-1
-5.202E-1 -5.135E-1
-5.201E-1 -5.133E-1
-5.310E-1 -5.132E-1
-5.197E-1 -5.131E-1
-5.198E-1 -5.129E-1
-5.309E-1 -5.128E-1
-5.194E-1 -5.127E-1
-5.191E-1 -5.123E-1
-5.301E-1 -5.122E-1
-5.193E-1 -5.121E-1
-5.204E-1 -5.119E-1
-5.314E-1 -5.118E-1
-5.192E-1 -5.109E-1
-5.188E-1 -5.107E-1
-5.190E-1 -5.105E-1
-5.299E-1 -5.104E-1
-5.183E-1 -5.103E-1
-5.182E-1 -5.101E-1
-5.179E-1 -5.099E-1
-5.288E-1 -5.098E-1
-5.174E-1 -5.095E-1
-5.283E-1 -5.094E-1
-5.173E-1 -5.093E-1
-5.282E-1 -5.092E-1
-5.171E-1 -5.091E-1
-5.280E-1 -5.090E-1
-5.172E-1 -5.089E-1
-5.166E-1 -5.087E-1
-5.165E-1 -5.085E-1
-5.161E-1 -5.083E-1
-5.269E-1 -5.082E-1
-5.156E-1 -5.079E-1
-5.155E-1 -5.077E-1
-5.152E-1 -5.075E-1
-5.261E-1 -5.074E-1
-5.153E-1 -5.073E-1
-5.262E-1 -5.072E-1
-5.148E-1 -5.071E-1
-5.256E-1 -5.070E-1
-5.147E-1 -5.069E-1
-5.255E-1 -5.068E-1
-5.143E-1 -5.067E-1
-5.251E-1 -5.066E-1
-5.144E-1 -5.065E-1
-5.139E-1 -5.063E-1
-5.136E-1 -5.059E-1
-5.245E-1 -5.058E-1
-5.138E-1 -5.057E-1
-5.133E-1 -5.055E-1
-5.241E-1 -5.054E-1
-5.131E-1 -5.053E-1
-5.126E-1 -5.051E-1
-5.235E-1 -5.050E-1
-5.127E-1 -5.049E-1
-5.121E-1 -5.047E-1
-5.229E-1 -5.046E-1
-5.118E-1 -5.043E-1
-5.119E-1 -5.041E-1
-5.227E-1 -5.040E-1
-5.113E-1 -5.039E-1
-5.221E-1 -5.038E-1
-5.112E-1 -5.037E-1
-5.220E-1 -5.036E-1
-5.108E-1 -5.035E-1
-5.216E-1 -5.034E-1
-5.104E-1 -5.031E-1
-5.212E-1 -5.030E-1
-5.103E-1 -5.029E-1
-5.211E-1 -5.028E-1
-5.101E-1 -5.027E-1
-5.210E-1 -5.024E-1
-5.097E-1 -5.023E-1
-5.095E-1 -5.021E-1
-5.203E-1 -5.020E-1
-5.092E-1 -5.019E-1
-5.199E-1 -5.018E-1
-5.087E-1 -5.015E-1
-5.086E-1 -5.013E-1
-5.084E-1 -5.011E-1
-5.079E-1 -5.007E-1
-5.186E-1 -5.006E-1
-5.078E-1 -5.005E-1
-5.185E-1 -5.004E-1
-5.075E-1 -5.003E-1
-5.076E-1 -5.001E-1
-5.072E-1 -4.999E-1
-5.178E-1 -4.998E-1
-5.071E-1 -4.997E-1
-5.068E-1 -4.995E-1
-5.175E-1 -4.994E-1
-5.070E-1 -4.993E-1
-5.177E-1 -4.992E-1
-5.066E-1 -4.991E-1
-5.064E-1 -4.989E-1
-5.060E-1 -4.987E-1
-5.167E-1 -4.984E-1
-5.055E-1 -4.983E-1
-5.054E-1 -4.981E-1
-5.160E-1 -4.980E-1
-5.050E-1 -4.979E-1
-5.157E-1 -4.978E-1
-5.051E-1 -4.977E-1
-5.158E-1 -4.976E-1
-5.046E-1 -4.975E-1
-5.045E-1 -4.973E-1
-5.151E-1 -4.972E-1
-5.041E-1 -4.971E-1
-5.037E-1 -4.967E-1
-5.036E-1 -4.965E-1
-5.142E-1 -4.964E-1
-5.034E-1 -4.963E-1
-5.140E-1 -4.962E-1
-5.035E-1 -4.961E-1
-5.141E-1 -4.960E-1
-5.029E-1 -4.959E-1
-5.135E-1 -4.958E-1
-5.028E-1 -4.957E-1
-5.134E-1 -4.956E-1
-5.023E-1 -4.955E-1
-5.130E-1 -4.954E-1
-5.024E-1 -4.953E-1
-5.019E-1 -4.951E-1
-5.124E-1 -4.950E-1
-5.018E-1 -4.949E-1
-5.015E-1 -4.947E-1
-5.016E-1 -4.945E-1
-5.122E-1 -4.944E-1
-5.011E-1 -4.943E-1
-5.117E-1 -4.942E-1
-5.010E-1 -4.941E-1
-5.115E-1 -4.940E-1
-5.007E-1 -4.939E-1
-5.003E-1 -4.935E-1
-5.000E-1 -4.931E-1
-5.106E-1 -4.930E-1
-5.002E-1 -4.929E-1
-5.107E-1 -4.928E-1
-4.996E-1 -4.927E-1
-4.995E-1 -4.925E-1
-5.100E-1 -4.924E-1
-4.991E-1 -4.923E-1
-5.096E-1 -4.922E-1
-4.986E-1 -4.919E-1
-5.091E-1 -4.918E-1
-4.985E-1 -4.917E-1
-5.090E-1 -4.916E-1
-4.982E-1 -4.915E-1
-4.983E-1 -4.913E-1
-5.088E-1 -4.912E-1
-4.977E-1 -4.911E-1
-5.082E-1 -4.910E-1
-4.976E-1 -4.909E-1
-5.081E-1 -4.908E-1
-4.973E-1 -4.907E-1
-5.077E-1 -4.906E-1
-4.969E-1 -4.903E-1
-5.073E-1 -4.902E-1
-4.966E-1 -4.899E-1
-4.967E-1 -4.897E-1
-4.962E-1 -4.895E-1
-4.960E-1 -4.893E-1
-5.065E-1 -4.892E-1
-4.956E-1 -4.891E-1
-5.061E-1 -4.890E-1
-4.952E-1 -4.887E-1
-5.056E-1 -4.886E-1
-4.949E-1 -4.883E-1
-5.053E-1 -4.882E-1
-4.950E-1 -4.881E-1
-4.945E-1 -4.879E-1
-5.049E-1 -4.878E-1
-4.944E-1 -4.877E-1
-5.048E-1 -4.876E-1
-4.940E-1 -4.875E-1
-5.044E-1 -4.874E-1
-4.941E-1 -4.873E-1
-4.937E-1 -4.871E-1
-4.936E-1 -4.869E-1
-4.934E-1 -4.867E-1
-5.038E-1 -4.866E-1
-5.040E-1 -4.864E-1
-4.939E-1 -4.863E-1
-5.042E-1 -4.860E-1
-4.933E-1 -4.859E-1
-4.928E-1 -4.855E-1
-5.032E-1 -4.854E-1
-4.927E-1 -4.853E-1
-5.031E-1 -4.852E-1
-4.923E-1 -4.851E-1
-5.027E-1 -4.850E-1
-4.924E-1 -4.849E-1
-4.919E-1 -4.847E-1
-4.917E-1 -4.845E-1
-5.022E-1 -4.844E-1
-4.913E-1 -4.843E-1
-4.914E-1 -4.841E-1
-4.909E-1 -4.839E-1
-5.013E-1 -4.838E-1
-5.012E-1 -4.836E-1
-4.906E-1 -4.835E-1
-4.907E-1 -4.833E-1
-4.902E-1 -4.831E-1
-5.005E-1 -4.830E-1
-4.900E-1 -4.829E-1
-5.004E-1 -4.828E-1
-4.896E-1 -4.827E-1
-4.999E-1 -4.826E-1
-4.890E-1 -4.823E-1
-4.994E-1 -4.822E-1
-4.888E-1 -4.819E-1
-4.883E-1 -4.815E-1
-4.881E-1 -4.813E-1
-4.878E-1 -4.811E-1
-4.874E-1 -4.807E-1
-4.871E-1 -4.803E-1
-4.975E-1 -4.802E-1
-4.873E-1 -4.801E-1
-4.868E-1 -4.799E-1
-4.971E-1 -4.798E-1
-4.866E-1 -4.797E-1
-4.862E-1 -4.795E-1
-4.965E-1 -4.794E-1
-4.857E-1 -4.791E-1
-4.856E-1 -4.789E-1
-4.959E-1 -4.788E-1
-4.853E-1 -4.787E-1
-4.854E-1 -4.785E-1
-4.957E-1 -4.784E-1
-4.849E-1 -4.783E-1
-4.951E-1 -4.782E-1
-4.847E-1 -4.781E-1
-4.843E-1 -4.779E-1
-4.946E-1 -4.778E-1
-4.844E-1 -4.777E-1
-4.947E-1 -4.776E-1
-4.839E-1 -4.775E-1
-4.838E-1 -4.773E-1
-4.836E-1 -4.771E-1
-4.938E-1 -4.770E-1
-4.837E-1 -4.769E-1
-4.832E-1 -4.767E-1
-4.830E-1 -4.765E-1
-4.827E-1 -4.763E-1
-4.929E-1 -4.762E-1
-4.823E-1 -4.759E-1
-4.822E-1 -4.757E-1
-4.819E-1 -4.755E-1
-4.920E-1 -4.754E-1
-4.922E-1 -4.752E-1
-4.814E-1 -4.751E-1
-4.916E-1 -4.750E-1
-4.813E-1 -4.749E-1
-4.915E-1 -4.748E-1
-4.810E-1 -4.747E-1
-4.912E-1 -4.746E-1
-4.806E-1 -4.743E-1
-4.908E-1 -4.742E-1
-4.804E-1 -4.739E-1
-4.905E-1 -4.738E-1
-4.805E-1 -4.737E-1
-4.801E-1 -4.735E-1
-4.799E-1 -4.733E-1
-4.901E-1 -4.732E-1
-4.795E-1 -4.731E-1
-4.897E-1 -4.728E-1
-4.790E-1 -4.727E-1
-4.891E-1 -4.726E-1
-4.789E-1 -4.725E-1
-4.786E-1 -4.723E-1
-4.887E-1 -4.722E-1
-4.781E-1 -4.719E-1
-4.882E-1 -4.718E-1
-4.780E-1 -4.717E-1
-4.776E-1 -4.715E-1
-4.877E-1 -4.714E-1
-4.772E-1 -4.711E-1
-4.771E-1 -4.709E-1
-4.872E-1 -4.708E-1
-4.768E-1 -4.707E-1
-4.869E-1 -4.706E-1
-4.770E-1 -4.705E-1
-4.764E-1 -4.703E-1
-4.865E-1 -4.702E-1
-4.763E-1 -4.701E-1
-4.864E-1 -4.700E-1
-4.759E-1 -4.699E-1
-4.860E-1 -4.698E-1
-4.755E-1 -4.695E-1
-4.855E-1 -4.694E-1
-4.754E-1 -4.693E-1
-4.751E-1 -4.691E-1
-4.851E-1 -4.690E-1
-4.852E-1 -4.688E-1
-4.747E-1 -4.687E-1
-4.745E-1 -4.685E-1
-4.846E-1 -4.684E-1
-4.742E-1 -4.683E-1
-4.842E-1 -4.682E-1
-4.743E-1 -4.681E-1
-4.738E-1 -4.679E-1
-4.735E-1 -4.675E-1
-4.737E-1 -4.673E-1
-4.732E-1 -4.671E-1
-4.730E-1 -4.669E-1
-4.726E-1 -4.667E-1
-4.826E-1 -4.666E-1
-4.721E-1 -4.663E-1
-4.821E-1 -4.662E-1
-4.820E-1 -4.660E-1
-4.717E-1 -4.659E-1
-4.817E-1 -4.658E-1
-4.718E-1 -4.657E-1
-4.818E-1 -4.656E-1
-4.713E-1 -4.655E-1
-4.711E-1 -4.653E-1
-4.811E-1 -4.652E-1
-4.708E-1 -4.651E-1
-4.808E-1 -4.650E-1
-4.709E-1 -4.649E-1
-4.704E-1 -4.647E-1
-4.803E-1 -4.646E-1
-4.703E-1 -4.645E-1
-4.701E-1 -4.643E-1
-4.702E-1 -4.641E-1
-4.802E-1 -4.640E-1
-4.697E-1 -4.639E-1
-4.797E-1 -4.638E-1
-4.696E-1 -4.637E-1
-4.692E-1 -4.635E-1
-4.791E-1 -4.634E-1
-4.687E-1 -4.631E-1
-4.686E-1 -4.629E-1
-4.684E-1 -4.627E-1
-4.783E-1 -4.626E-1
-4.685E-1 -4.625E-1
-4.785E-1 -4.624E-1
-4.680E-1 -4.623E-1
-4.779E-1 -4.622E-1
-4.679E-1 -4.621E-1
-4.778E-1 -4.620E-1
-4.675E-1 -4.619E-1
-4.775E-1 -4.618E-1
-4.676E-1 -4.617E-1
-4.672E-1 -4.615E-1
-4.669E-1 -4.611E-1
-4.671E-1 -4.609E-1
-4.769E-1 -4.608E-1
-4.774E-1 -4.606E-1
-4.673E-1 -4.605E-1
-4.663E-1 -4.599E-1
-4.662E-1 -4.597E-1
-4.761E-1 -4.596E-1
-4.659E-1 -4.595E-1
-4.758E-1 -4.594E-1
-4.654E-1 -4.591E-1
-4.653E-1 -4.589E-1
-4.752E-1 -4.588E-1
-4.650E-1 -4.587E-1
-4.748E-1 -4.586E-1
-4.649E-1 -4.585E-1
-4.645E-1 -4.583E-1
-4.644E-1 -4.581E-1
-4.642E-1 -4.579E-1
-4.740E-1 -4.578E-1
-4.741E-1 -4.576E-1
-4.637E-1 -4.575E-1
-4.736E-1 -4.574E-1
-4.635E-1 -4.573E-1
-4.734E-1 -4.572E-1
-4.632E-1 -4.571E-1
-4.627E-1 -4.567E-1
-4.725E-1 -4.566E-1
-4.626E-1 -4.565E-1
-4.724E-1 -4.564E-1
-4.623E-1 -4.563E-1
-4.624E-1 -4.561E-1
-4.722E-1 -4.560E-1
-4.619E-1 -4.559E-1
-4.617E-1 -4.557E-1
-4.716E-1 -4.556E-1
-4.614E-1 -4.555E-1
-4.712E-1 -4.554E-1
-4.615E-1 -4.553E-1
-4.610E-1 -4.551E-1
-4.607E-1 -4.547E-1
-4.705E-1 -4.546E-1
-4.608E-1 -4.545E-1
-4.706E-1 -4.544E-1
-4.603E-1 -4.543E-1
-4.601E-1 -4.541E-1
-4.700E-1 -4.540E-1
-4.598E-1 -4.539E-1
-4.695E-1 -4.538E-1
-4.593E-1 -4.535E-1
-4.690E-1 -4.534E-1
-4.592E-1 -4.533E-1
-4.689E-1 -4.532E-1
-4.589E-1 -4.531E-1
-4.584E-1 -4.527E-1
-4.682E-1 -4.526E-1
-4.583E-1 -4.525E-1
-4.579E-1 -4.523E-1
-4.580E-1 -4.521E-1
-4.677E-1 -4.520E-1
-4.575E-1 -4.519E-1
-4.574E-1 -4.517E-1
-4.572E-1 -4.515E-1
-4.573E-1 -4.513E-1
-4.670E-1 -4.512E-1
-4.568E-1 -4.511E-1
-4.665E-1 -4.510E-1
-4.566E-1 -4.509E-1
-4.563E-1 -4.507E-1
-4.660E-1 -4.504E-1
-4.558E-1 -4.503E-1
-4.655E-1 -4.502E-1
-4.554E-1 -4.499E-1
-4.651E-1 -4.498E-1
-4.555E-1 -4.497E-1
-4.652E-1 -4.496E-1
-4.550E-1 -4.495E-1
-4.647E-1 -4.494E-1
-4.549E-1 -4.493E-1
-4.646E-1 -4.492E-1
-4.546E-1 -4.491E-1
-4.643E-1 -4.488E-1
-4.542E-1 -4.487E-1
-4.639E-1 -4.486E-1
-4.638E-1 -4.484E-1
-4.539E-1 -4.483E-1
-4.636E-1 -4.482E-1
-4.541E-1 -4.481E-1
-4.536E-1 -4.479E-1
-4.633E-1 -4.478E-1
-4.535E-1 -4.477E-1
-4.631E-1 -4.476E-1
-4.531E-1 -4.475E-1
-4.526E-1 -4.471E-1
-4.622E-1 -4.470E-1
-4.525E-1 -4.469E-1
-4.621E-1 -4.468E-1
-4.522E-1 -4.467E-1
-4.618E-1 -4.464E-1
-4.517E-1 -4.463E-1
-4.613E-1 -4.462E-1
-4.516E-1 -4.461E-1
-4.611E-1 -4.460E-1
-4.512E-1 -4.459E-1
-4.508E-1 -4.455E-1
-4.604E-1 -4.454E-1
-4.507E-1 -4.453E-1
-4.505E-1 -4.451E-1
-4.600E-1 -4.450E-1
-4.506E-1 -4.449E-1
-4.602E-1 -4.448E-1
-4.500E-1 -4.447E-1
-4.596E-1 -4.446E-1
-4.498E-1 -4.445E-1
-4.594E-1 -4.444E-1
-4.495E-1 -4.443E-1
-4.590E-1 -4.442E-1
-4.490E-1 -4.439E-1
-4.585E-1 -4.438E-1
-4.489E-1 -4.437E-1
-4.486E-1 -4.435E-1
-4.582E-1 -4.434E-1
-4.487E-1 -4.433E-1
-4.482E-1 -4.431E-1
-4.577E-1 -4.430E-1
-4.481E-1 -4.429E-1
-4.576E-1 -4.428E-1
-4.478E-1 -4.427E-1
-4.474E-1 -4.423E-1
-4.569E-1 -4.422E-1
-4.473E-1 -4.421E-1
-4.471E-1 -4.419E-1
-4.472E-1 -4.417E-1
-4.567E-1 -4.416E-1
-4.467E-1 -4.415E-1
-4.562E-1 -4.414E-1
-4.465E-1 -4.413E-1
-4.561E-1 -4.412E-1
-4.462E-1 -4.411E-1
-4.557E-1 -4.410E-1
-4.461E-1 -4.409E-1
-4.457E-1 -4.407E-1
-4.551E-1 -4.406E-1
-4.456E-1 -4.405E-1
-4.453E-1 -4.403E-1
-4.548E-1 -4.402E-1
-4.454E-1 -4.401E-1
-4.448E-1 -4.399E-1
-4.543E-1 -4.398E-1
-4.447E-1 -4.397E-1
-4.444E-1 -4.395E-1
-4.538E-1 -4.394E-1
-4.440E-1 -4.391E-1
-4.534E-1 -4.390E-1
-4.439E-1 -4.389E-1
-4.437E-1 -4.387E-1
-4.438E-1 -4.385E-1
-4.532E-1 -4.384E-1
-4.433E-1 -4.383E-1
-4.527E-1 -4.382E-1
-4.431E-1 -4.381E-1
-4.428E-1 -4.379E-1
-4.423E-1 -4.375E-1
-4.422E-1 -4.373E-1
-4.420E-1 -4.371E-1
-4.513E-1 -4.370E-1
-4.514E-1 -4.368E-1
-4.416E-1 -4.367E-1
-4.509E-1 -4.366E-1
-4.415E-1 -4.365E-1
-4.411E-1 -4.363E-1
-4.412E-1 -4.361E-1
-4.408E-1 -4.359E-1
-4.501E-1 -4.358E-1
-4.407E-1 -4.357E-1
-4.405E-1 -4.355E-1
-4.499E-1 -4.354E-1
-4.406E-1 -4.353E-1
-4.502E-1 -4.350E-1
-4.402E-1 -4.347E-1
-4.496E-1 -4.346E-1
-4.397E-1 -4.343E-1
-4.491E-1 -4.342E-1
-4.396E-1 -4.341E-1
-4.393E-1 -4.339E-1
-4.388E-1 -4.335E-1
-4.386E-1 -4.333E-1
-4.480E-1 -4.332E-1
-4.383E-1 -4.331E-1
-4.476E-1 -4.330E-1
-4.477E-1 -4.328E-1
-4.379E-1 -4.327E-1
-4.378E-1 -4.325E-1
-4.375E-1 -4.323E-1
-4.469E-1 -4.322E-1
-4.376E-1 -4.321E-1
-4.371E-1 -4.319E-1
-4.464E-1 -4.318E-1
-4.369E-1 -4.317E-1
-4.365E-1 -4.315E-1
-4.458E-1 -4.314E-1
-4.360E-1 -4.311E-1
-4.452E-1 -4.308E-1
-4.357E-1 -4.307E-1
-4.450E-1 -4.306E-1
-4.451E-1 -4.304E-1
-4.352E-1 -4.303E-1
-4.445E-1 -4.302E-1
-4.351E-1 -4.301E-1
-4.348E-1 -4.299E-1
-4.441E-1 -4.296E-1
-4.344E-1 -4.295E-1
-4.436E-1 -4.294E-1
-4.343E-1 -4.293E-1
-4.340E-1 -4.291E-1
-4.342E-1 -4.289E-1
-4.435E-1 -4.288E-1
-4.337E-1 -4.287E-1
-4.430E-1 -4.286E-1
-4.335E-1 -4.285E-1
-4.331E-1 -4.283E-1
-4.424E-1 -4.282E-1
-4.327E-1 -4.279E-1
-4.419E-1 -4.278E-1
-4.325E-1 -4.277E-1
-4.418E-1 -4.276E-1
-4.322E-1 -4.275E-1
-4.323E-1 -4.273E-1
-4.318E-1 -4.271E-1
-4.410E-1 -4.270E-1
-4.317E-1 -4.269E-1
-4.409E-1 -4.268E-1
-4.313E-1 -4.267E-1
-4.309E-1 -4.263E-1
-4.401E-1 -4.262E-1
-4.308E-1 -4.261E-1
-4.400E-1 -4.260E-1
-4.306E-1 -4.259E-1
-4.307E-1 -4.257E-1
-4.399E-1 -4.256E-1
-4.302E-1 -4.255E-1
-4.300E-1 -4.253E-1
-4.391E-1 -4.252E-1
-4.296E-1 -4.251E-1
-4.292E-1 -4.247E-1
-4.291E-1 -4.245E-1
-4.382E-1 -4.244E-1
-4.288E-1 -4.243E-1
-4.289E-1 -4.241E-1
-4.380E-1 -4.240E-1
-4.284E-1 -4.239E-1
-4.283E-1 -4.237E-1
-4.374E-1 -4.236E-1
-4.279E-1 -4.235E-1
-4.280E-1 -4.233E-1
-4.276E-1 -4.231E-1
-4.367E-1 -4.230E-1
-4.275E-1 -4.229E-1
-4.273E-1 -4.227E-1
-4.364E-1 -4.226E-1
-4.274E-1 -4.225E-1
-4.366E-1 -4.224E-1
-4.270E-1 -4.223E-1
-4.362E-1 -4.222E-1
-4.268E-1 -4.221E-1
-4.359E-1 -4.220E-1
-4.265E-1 -4.219E-1
-4.355E-1 -4.218E-1
-4.264E-1 -4.217E-1
-4.260E-1 -4.215E-1
-4.258E-1 -4.213E-1
-4.349E-1 -4.212E-1
-4.255E-1 -4.211E-1
-4.346E-1 -4.210E-1
-4.256E-1 -4.209E-1
-4.347E-1 -4.208E-1
-4.251E-1 -4.207E-1
-4.341E-1 -4.206E-1
-4.249E-1 -4.205E-1
-4.246E-1 -4.203E-1
-4.241E-1 -4.199E-1
-4.332E-1 -4.198E-1
-4.238E-1 -4.195E-1
-4.329E-1 -4.194E-1
-4.239E-1 -4.193E-1
-4.330E-1 -4.192E-1
-4.234E-1 -4.191E-1
-4.232E-1 -4.189E-1
-4.229E-1 -4.187E-1
-4.319E-1 -4.186E-1
-4.228E-1 -4.185E-1
-4.224E-1 -4.183E-1
-4.314E-1 -4.182E-1
-4.223E-1 -4.181E-1
-4.220E-1 -4.179E-1
-4.310E-1 -4.178E-1
-4.221E-1 -4.177E-1
-4.311E-1 -4.176E-1
-4.216E-1 -4.175E-1
-4.215E-1 -4.173E-1
-4.305E-1 -4.172E-1
-4.211E-1 -4.171E-1
-4.301E-1 -4.170E-1
-4.208E-1 -4.167E-1
-4.297E-1 -4.166E-1
-4.207E-1 -4.165E-1
-4.205E-1 -4.163E-1
-4.294E-1 -4.162E-1
-4.201E-1 -4.159E-1
-4.199E-1 -4.157E-1
-4.196E-1 -4.155E-1
-4.285E-1 -4.154E-1
-4.195E-1 -4.153E-1
-4.191E-1 -4.151E-1
-4.190E-1 -4.149E-1
-4.187E-1 -4.147E-1
-4.277E-1 -4.144E-1
-4.182E-1 -4.143E-1
-4.272E-1 -4.142E-1
-4.181E-1 -4.141E-1
-4.178E-1 -4.139E-1
-4.267E-1 -4.138E-1
-4.174E-1 -4.135E-1
-4.262E-1 -4.134E-1
-4.173E-1 -4.133E-1
-4.170E-1 -4.131E-1
-4.259E-1 -4.130E-1
-4.171E-1 -4.129E-1
-4.261E-1 -4.128E-1
-4.166E-1 -4.127E-1
-4.165E-1 -4.125E-1
-4.253E-1 -4.124E-1
-4.161E-1 -4.123E-1
-4.250E-1 -4.122E-1
-4.157E-1 -4.119E-1
-4.245E-1 -4.118E-1
-4.156E-1 -4.117E-1
-4.244E-1 -4.116E-1
-4.153E-1 -4.115E-1
-4.242E-1 -4.114E-1
-4.154E-1 -4.113E-1
-4.149E-1 -4.111E-1
-4.237E-1 -4.110E-1
-4.148E-1 -4.109E-1
-4.145E-1 -4.107E-1
-4.233E-1 -4.106E-1
-4.141E-1 -4.103E-1
-4.230E-1 -4.102E-1
-4.138E-1 -4.099E-1
-4.227E-1 -4.098E-1
-4.139E-1 -4.097E-1
-4.290E-1 -4.094E-1
-4.189E-1 -4.085E-1
-4.278E-1 -4.084E-1
-4.186E-1 -4.083E-1
-4.180E-1 -4.077E-1
-4.176E-1 -4.075E-1
-4.172E-1 -4.071E-1
-4.169E-1 -4.067E-1
-4.257E-1 -4.066E-1
-4.164E-1 -4.063E-1
-4.162E-1 -4.061E-1
-4.159E-1 -4.059E-1
-4.247E-1 -4.058E-1
-4.158E-1 -4.057E-1
-4.150E-1 -4.051E-1
-4.146E-1 -4.047E-1
-4.144E-1 -4.045E-1
-4.137E-1 -4.039E-1
-4.225E-1 -4.038E-1
-4.134E-1 -4.035E-1
-4.135E-1 -4.033E-1
-4.222E-1 -4.032E-1
-4.130E-1 -4.031E-1
-4.217E-1 -4.030E-1
-4.128E-1 -4.029E-1
-4.125E-1 -4.027E-1
-4.212E-1 -4.026E-1
-4.124E-1 -4.025E-1
-4.120E-1 -4.023E-1
-4.118E-1 -4.021E-1
-4.206E-1 -4.020E-1
-4.116E-1 -4.019E-1
-4.203E-1 -4.018E-1
-4.111E-1 -4.015E-1
-4.198E-1 -4.014E-1
-4.110E-1 -4.013E-1
-4.106E-1 -4.011E-1
-4.193E-1 -4.010E-1
-4.194E-1 -4.008E-1
-4.102E-1 -4.007E-1
-4.101E-1 -4.005E-1
-4.188E-1 -4.004E-1
-4.099E-1 -4.003E-1
-4.095E-1 -3.999E-1
-4.093E-1 -3.997E-1
-4.090E-1 -3.995E-1
-4.089E-1 -3.993E-1
-4.085E-1 -3.991E-1
-4.084E-1 -3.989E-1
-4.081E-1 -3.987E-1
-4.168E-1 -3.986E-1
-4.082E-1 -3.985E-1
-4.078E-1 -3.983E-1
-4.163E-1 -3.982E-1
-4.076E-1 -3.981E-1
-4.073E-1 -3.979E-1
-4.069E-1 -3.975E-1
-4.155E-1 -3.974E-1
-4.068E-1 -3.973E-1
-4.066E-1 -3.971E-1
-4.067E-1 -3.969E-1
-4.063E-1 -3.967E-1
-4.061E-1 -3.965E-1
-4.058E-1 -3.963E-1
-4.057E-1 -3.961E-1
-4.143E-1 -3.960E-1
-4.052E-1 -3.959E-1
-4.048E-1 -3.955E-1
-4.043E-1 -3.951E-1
-4.129E-1 -3.950E-1
-4.042E-1 -3.949E-1
-4.039E-1 -3.947E-1
-4.035E-1 -3.943E-1
-4.034E-1 -3.941E-1
-4.119E-1 -3.940E-1
-4.032E-1 -3.939E-1
-4.117E-1 -3.936E-1
-4.027E-1 -3.935E-1
-4.113E-1 -3.934E-1
-4.025E-1 -3.933E-1
-4.022E-1 -3.931E-1
-4.107E-1 -3.930E-1
-4.021E-1 -3.929E-1
-4.017E-1 -3.927E-1
-4.016E-1 -3.925E-1
-4.013E-1 -3.923E-1
-4.098E-1 -3.922E-1
-4.014E-1 -3.921E-1
-4.009E-1 -3.919E-1
-4.094E-1 -3.918E-1
-4.008E-1 -3.917E-1
-4.092E-1 -3.916E-1
-4.004E-1 -3.915E-1
-4.005E-1 -3.913E-1
-4.001E-1 -3.911E-1
-4.000E-1 -3.909E-1
-3.998E-1 -3.907E-1
-4.083E-1 -3.904E-1
-3.994E-1 -3.903E-1
-4.079E-1 -3.902E-1
-3.992E-1 -3.901E-1
-4.077E-1 -3.900E-1
-3.988E-1 -3.899E-1
-3.984E-1 -3.895E-1
-3.983E-1 -3.893E-1
-3.980E-1 -3.891E-1
-4.064E-1 -3.890E-1
-3.975E-1 -3.887E-1
-4.059E-1 -3.886E-1
-3.974E-1 -3.885E-1
-3.971E-1 -3.883E-1
-4.055E-1 -3.882E-1
-3.967E-1 -3.879E-1
-4.050E-1 -3.878E-1
-3.966E-1 -3.877E-1
-3.963E-1 -3.875E-1
-4.047E-1 -3.874E-1
-3.964E-1 -3.873E-1
-3.959E-1 -3.871E-1
-3.958E-1 -3.869E-1
-4.041E-1 -3.868E-1
-3.954E-1 -3.867E-1
-4.038E-1 -3.866E-1
-3.950E-1 -3.863E-1
-3.949E-1 -3.861E-1
-4.033E-1 -3.860E-1
-3.946E-1 -3.859E-1
-4.030E-1 -3.858E-1
-3.947E-1 -3.857E-1
-3.942E-1 -3.855E-1
-4.026E-1 -3.854E-1
-3.941E-1 -3.853E-1
-4.024E-1 -3.852E-1
-3.938E-1 -3.851E-1
-3.934E-1 -3.847E-1
-3.931E-1 -3.843E-1
-4.015E-1 -3.842E-1
-3.932E-1 -3.841E-1
-3.937E-1 -3.839E-1
-3.935E-1 -3.837E-1
-4.019E-1 -3.836E-1
-3.927E-1 -3.831E-1
-4.010E-1 -3.830E-1
-3.925E-1 -3.829E-1
-3.922E-1 -3.827E-1
-4.006E-1 -3.826E-1
-3.918E-1 -3.823E-1
-3.916E-1 -3.821E-1
-3.999E-1 -3.820E-1
-3.912E-1 -3.819E-1
-3.996E-1 -3.818E-1
-3.908E-1 -3.815E-1
-3.991E-1 -3.814E-1
-3.907E-1 -3.813E-1
-3.990E-1 -3.812E-1
-3.904E-1 -3.811E-1
-3.905E-1 -3.809E-1
-3.900E-1 -3.807E-1
-3.899E-1 -3.805E-1
-3.982E-1 -3.804E-1
-3.895E-1 -3.803E-1
-3.978E-1 -3.802E-1
-3.977E-1 -3.800E-1
-3.890E-1 -3.799E-1
-3.973E-1 -3.798E-1
-3.889E-1 -3.797E-1
-3.972E-1 -3.796E-1
-3.886E-1 -3.795E-1
-3.969E-1 -3.794E-1
-3.887E-1 -3.793E-1
-3.882E-1 -3.791E-1
-3.881E-1 -3.789E-1
-3.878E-1 -3.787E-1
-3.960E-1 -3.786E-1
-3.873E-1 -3.783E-1
-3.956E-1 -3.782E-1
-3.872E-1 -3.781E-1
-3.955E-1 -3.780E-1
-3.870E-1 -3.779E-1
-3.953E-1 -3.778E-1
-3.871E-1 -3.777E-1
-3.867E-1 -3.775E-1
-3.948E-1 -3.774E-1
-3.864E-1 -3.773E-1
-3.861E-1 -3.771E-1
-3.943E-1 -3.770E-1
-3.860E-1 -3.769E-1
-3.856E-1 -3.767E-1
-3.855E-1 -3.765E-1
-3.852E-1 -3.763E-1
-3.847E-1 -3.759E-1
-3.929E-1 -3.758E-1
-3.846E-1 -3.757E-1
-3.843E-1 -3.755E-1
-3.924E-1 -3.754E-1
-3.839E-1 -3.751E-1
-3.920E-1 -3.750E-1
-3.838E-1 -3.749E-1
-3.919E-1 -3.748E-1
-3.835E-1 -3.747E-1
-3.917E-1 -3.746E-1
-3.836E-1 -3.745E-1
-3.831E-1 -3.743E-1
-3.829E-1 -3.741E-1
-3.911E-1 -3.740E-1
-3.826E-1 -3.739E-1
-3.822E-1 -3.735E-1
-3.903E-1 -3.734E-1
-3.820E-1 -3.733E-1
-3.902E-1 -3.732E-1
-3.818E-1 -3.731E-1
-3.814E-1 -3.727E-1
-3.812E-1 -3.725E-1
-3.893E-1 -3.724E-1
-3.809E-1 -3.723E-1
-3.805E-1 -3.719E-1
-3.885E-1 -3.716E-1
-3.802E-1 -3.715E-1
-3.883E-1 -3.714E-1
-3.803E-1 -3.713E-1
-3.799E-1 -3.711E-1
-3.880E-1 -3.710E-1
-3.798E-1 -3.709E-1
-3.794E-1 -3.707E-1
-3.875E-1 -3.706E-1
-3.793E-1 -3.705E-1
-3.874E-1 -3.704E-1
-3.789E-1 -3.703E-1
-3.869E-1 -3.702E-1
-3.788E-1 -3.701E-1
-3.868E-1 -3.700E-1
-3.785E-1 -3.699E-1
-3.865E-1 -3.698E-1
-3.780E-1 -3.695E-1
-3.778E-1 -3.693E-1
-3.859E-1 -3.692E-1
-3.775E-1 -3.691E-1
-3.771E-1 -3.687E-1
-3.851E-1 -3.686E-1
-3.770E-1 -3.685E-1
-3.850E-1 -3.684E-1
-3.768E-1 -3.683E-1
-3.848E-1 -3.680E-1
-3.763E-1 -3.679E-1
-3.762E-1 -3.677E-1
-3.842E-1 -3.676E-1
-3.758E-1 -3.675E-1
-3.753E-1 -3.671E-1
-3.833E-1 -3.670E-1
-3.752E-1 -3.669E-1
-3.832E-1 -3.668E-1
-3.750E-1 -3.667E-1
-3.830E-1 -3.664E-1
-3.746E-1 -3.663E-1
-3.825E-1 -3.662E-1
-3.744E-1 -3.661E-1
-3.823E-1 -3.660E-1
-3.741E-1 -3.659E-1
-3.737E-1 -3.655E-1
-3.817E-1 -3.654E-1
-3.736E-1 -3.653E-1
-3.816E-1 -3.652E-1
-3.734E-1 -3.651E-1
-3.813E-1 -3.650E-1
-3.730E-1 -3.647E-1
-3.729E-1 -3.645E-1
-3.808E-1 -3.644E-1
-3.725E-1 -3.643E-1
-3.804E-1 -3.642E-1
-3.724E-1 -3.641E-1
-3.720E-1 -3.639E-1
-3.719E-1 -3.637E-1
-3.716E-1 -3.635E-1
-3.795E-1 -3.634E-1
-3.712E-1 -3.631E-1
-3.790E-1 -3.630E-1
-3.710E-1 -3.629E-1
-3.707E-1 -3.627E-1
-3.786E-1 -3.626E-1
-3.703E-1 -3.623E-1
-3.781E-1 -3.622E-1
-3.702E-1 -3.621E-1
-3.699E-1 -3.619E-1
-3.700E-1 -3.617E-1
-3.695E-1 -3.615E-1
-3.774E-1 -3.614E-1
-3.694E-1 -3.613E-1
-3.772E-1 -3.612E-1
-3.690E-1 -3.611E-1
-3.769E-1 -3.610E-1
-3.686E-1 -3.607E-1
-3.764E-1 -3.606E-1
-3.685E-1 -3.605E-1
-3.682E-1 -3.603E-1
-3.761E-1 -3.602E-1
-3.678E-1 -3.599E-1
-3.756E-1 -3.598E-1
-3.677E-1 -3.597E-1
-3.755E-1 -3.596E-1
-3.674E-1 -3.595E-1
-3.671E-1 -3.591E-1
-3.748E-1 -3.590E-1
-3.669E-1 -3.589E-1
-3.747E-1 -3.588E-1
-3.667E-1 -3.587E-1
-3.745E-1 -3.586E-1
-3.668E-1 -3.585E-1
-3.673E-1 -3.583E-1
-3.751E-1 -3.582E-1
-3.663E-1 -3.575E-1
-3.662E-1 -3.573E-1
-3.739E-1 -3.572E-1
-3.658E-1 -3.571E-1
-3.653E-1 -3.567E-1
-3.731E-1 -3.566E-1
-3.652E-1 -3.565E-1
-3.649E-1 -3.563E-1
-3.726E-1 -3.562E-1
-3.648E-1 -3.561E-1
-3.644E-1 -3.559E-1
-3.722E-1 -3.558E-1
-3.643E-1 -3.557E-1
-3.721E-1 -3.556E-1
-3.641E-1 -3.555E-1
-3.718E-1 -3.554E-1
-3.637E-1 -3.551E-1
-3.714E-1 -3.550E-1
-3.635E-1 -3.549E-1
-3.631E-1 -3.547E-1
-3.708E-1 -3.546E-1
-3.630E-1 -3.545E-1
-3.626E-1 -3.543E-1
-3.704E-1 -3.542E-1
-3.625E-1 -3.541E-1
-3.622E-1 -3.539E-1
-3.618E-1 -3.535E-1
-3.616E-1 -3.533E-1
-3.614E-1 -3.531E-1
-3.609E-1 -3.527E-1
-3.687E-1 -3.526E-1
-3.606E-1 -3.523E-1
-3.683E-1 -3.522E-1
-3.607E-1 -3.521E-1
-3.684E-1 -3.520E-1
-3.603E-1 -3.519E-1
-3.680E-1 -3.518E-1
-3.601E-1 -3.517E-1
-3.597E-1 -3.515E-1
-3.592E-1 -3.511E-1
-3.591E-1 -3.509E-1
-3.588E-1 -3.507E-1
-3.665E-1 -3.506E-1
-3.583E-1 -3.503E-1
-3.660E-1 -3.502E-1
-3.582E-1 -3.501E-1
-3.659E-1 -3.500E-1
-3.579E-1 -3.499E-1
-3.655E-1 -3.498E-1
-3.575E-1 -3.495E-1
-3.651E-1 -3.494E-1
-3.574E-1 -3.493E-1
-3.650E-1 -3.492E-1
-3.571E-1 -3.491E-1
-3.572E-1 -3.489E-1
-3.567E-1 -3.487E-1
-3.565E-1 -3.485E-1
-3.642E-1 -3.484E-1
-3.562E-1 -3.483E-1
-3.638E-1 -3.482E-1
-3.557E-1 -3.479E-1
-3.634E-1 -3.478E-1
-3.632E-1 -3.476E-1
-3.554E-1 -3.475E-1
-3.629E-1 -3.474E-1
-3.550E-1 -3.471E-1
-3.548E-1 -3.469E-1
-3.624E-1 -3.468E-1
-3.545E-1 -3.467E-1
-3.621E-1 -3.466E-1
-3.541E-1 -3.463E-1
-3.617E-1 -3.462E-1
-3.540E-1 -3.461E-1
-3.538E-1 -3.459E-1
-3.539E-1 -3.457E-1
-3.535E-1 -3.455E-1
-3.611E-1 -3.454E-1
-3.533E-1 -3.453E-1
-3.530E-1 -3.451E-1
-3.605E-1 -3.450E-1
-3.529E-1 -3.449E-1
-3.525E-1 -3.447E-1
-3.600E-1 -3.446E-1
-3.524E-1 -3.445E-1
-3.599E-1 -3.444E-1
-3.521E-1 -3.443E-1
-3.596E-1 -3.442E-1
-3.517E-1 -3.439E-1
-3.515E-1 -3.437E-1
-3.590E-1 -3.436E-1
-3.512E-1 -3.435E-1
-3.587E-1 -3.434E-1
-3.511E-1 -3.433E-1
-3.586E-1 -3.432E-1
-3.507E-1 -3.431E-1
-3.506E-1 -3.429E-1
-3.581E-1 -3.428E-1
-3.504E-1 -3.427E-1
-3.500E-1 -3.423E-1
-3.498E-1 -3.421E-1
-3.495E-1 -3.419E-1
-3.569E-1 -3.418E-1
-3.494E-1 -3.417E-1
-3.490E-1 -3.415E-1
-3.489E-1 -3.413E-1
-3.563E-1 -3.412E-1
-3.486E-1 -3.411E-1
-3.561E-1 -3.410E-1
-3.560E-1 -3.408E-1
-3.482E-1 -3.407E-1
-3.556E-1 -3.406E-1
-3.480E-1 -3.405E-1
-3.477E-1 -3.403E-1
-3.551E-1 -3.402E-1
-3.552E-1 -3.400E-1
-3.473E-1 -3.399E-1
-3.547E-1 -3.396E-1
-3.470E-1 -3.395E-1
-3.544E-1 -3.394E-1
-3.466E-1 -3.391E-1
-3.465E-1 -3.389E-1
-3.462E-1 -3.387E-1
-3.461E-1 -3.385E-1
-3.534E-1 -3.384E-1
-3.457E-1 -3.383E-1
-3.455E-1 -3.381E-1
-3.452E-1 -3.379E-1
-3.526E-1 -3.378E-1
-3.453E-1 -3.377E-1
-3.448E-1 -3.375E-1
-3.447E-1 -3.373E-1
-3.520E-1 -3.372E-1
-3.443E-1 -3.371E-1
-3.440E-1 -3.367E-1
-3.513E-1 -3.366E-1
-3.439E-1 -3.365E-1
-3.436E-1 -3.363E-1
-3.509E-1 -3.362E-1
-3.432E-1 -3.359E-1
-3.505E-1 -3.358E-1
-3.431E-1 -3.357E-1
-3.503E-1 -3.356E-1
-3.427E-1 -3.355E-1
-3.423E-1 -3.351E-1
-3.421E-1 -3.349E-1
-3.419E-1 -3.347E-1
-3.492E-1 -3.346E-1
-3.415E-1 -3.343E-1
-3.488E-1 -3.342E-1
-3.413E-1 -3.341E-1
-3.411E-1 -3.339E-1
-3.483E-1 -3.338E-1
-3.407E-1 -3.335E-1
-3.479E-1 -3.334E-1
-3.406E-1 -3.333E-1
-3.478E-1 -3.332E-1
-3.404E-1 -3.331E-1
-3.476E-1 -3.330E-1
-3.408E-1 -3.327E-1
-3.481E-1 -3.326E-1
-3.403E-1 -3.323E-1
-3.402E-1 -3.321E-1
-3.475E-1 -3.320E-1
-3.397E-1 -3.319E-1
-3.396E-1 -3.317E-1
-3.469E-1 -3.316E-1
-3.393E-1 -3.315E-1
-3.388E-1 -3.311E-1
-3.387E-1 -3.309E-1
-3.459E-1 -3.308E-1
-3.383E-1 -3.307E-1
-3.456E-1 -3.306E-1
-3.379E-1 -3.303E-1
-3.378E-1 -3.301E-1
-3.450E-1 -3.300E-1
-3.376E-1 -3.299E-1
-3.371E-1 -3.295E-1
-3.444E-1 -3.294E-1
-3.370E-1 -3.293E-1
-3.442E-1 -3.292E-1
-3.366E-1 -3.291E-1
-3.438E-1 -3.290E-1
-3.365E-1 -3.289E-1
-3.361E-1 -3.287E-1
-3.434E-1 -3.286E-1
-3.360E-1 -3.285E-1
-3.357E-1 -3.283E-1
-3.429E-1 -3.282E-1
-3.358E-1 -3.281E-1
-3.430E-1 -3.280E-1
-3.353E-1 -3.279E-1
-3.425E-1 -3.278E-1
-3.352E-1 -3.277E-1
-3.424E-1 -3.276E-1
-3.349E-1 -3.275E-1
-3.420E-1 -3.274E-1
-3.348E-1 -3.273E-1
-3.344E-1 -3.271E-1
-3.416E-1 -3.270E-1
-3.343E-1 -3.269E-1
-3.341E-1 -3.267E-1
-3.338E-1 -3.263E-1
-3.409E-1 -3.262E-1
-3.335E-1 -3.261E-1
-3.333E-1 -3.259E-1
-3.331E-1 -3.257E-1
-3.327E-1 -3.255E-1
-3.399E-1 -3.254E-1
-3.326E-1 -3.253E-1
-3.323E-1 -3.251E-1
-3.394E-1 -3.250E-1
-3.319E-1 -3.247E-1
-3.390E-1 -3.246E-1
-3.317E-1 -3.245E-1
-3.314E-1 -3.243E-1
-3.385E-1 -3.242E-1
-3.310E-1 -3.239E-1
-3.380E-1 -3.238E-1
-3.309E-1 -3.237E-1
-3.306E-1 -3.235E-1
-3.377E-1 -3.234E-1
-3.307E-1 -3.233E-1
-3.302E-1 -3.231E-1
-3.373E-1 -3.230E-1
-3.300E-1 -3.229E-1
-3.297E-1 -3.227E-1
-3.368E-1 -3.226E-1
-3.367E-1 -3.224E-1
-3.293E-1 -3.223E-1
-3.363E-1 -3.222E-1
-3.291E-1 -3.221E-1
-3.362E-1 -3.220E-1
-3.289E-1 -3.219E-1
-3.359E-1 -3.218E-1
-3.284E-1 -3.215E-1
-3.355E-1 -3.214E-1
-3.283E-1 -3.213E-1
-3.354E-1 -3.212E-1
-3.280E-1 -3.211E-1
-3.351E-1 -3.210E-1
-3.350E-1 -3.208E-1
-3.276E-1 -3.207E-1
-3.347E-1 -3.206E-1
-3.275E-1 -3.205E-1
-3.345E-1 -3.204E-1
-3.273E-1 -3.203E-1
-3.271E-1 -3.199E-1
-3.269E-1 -3.197E-1
-3.339E-1 -3.196E-1
-3.265E-1 -3.195E-1
-3.264E-1 -3.193E-1
-3.334E-1 -3.192E-1
-3.260E-1 -3.191E-1
-3.330E-1 -3.190E-1
-3.259E-1 -3.189E-1
-3.328E-1 -3.188E-1
-3.256E-1 -3.187E-1
-3.251E-1 -3.183E-1
-3.321E-1 -3.182E-1
-3.250E-1 -3.181E-1
-3.247E-1 -3.179E-1
-3.316E-1 -3.178E-1
-3.246E-1 -3.177E-1
-3.242E-1 -3.175E-1
-3.312E-1 -3.174E-1
-3.241E-1 -3.173E-1
-3.239E-1 -3.171E-1
-3.308E-1 -3.170E-1
-3.235E-1 -3.167E-1
-3.304E-1 -3.166E-1
-3.233E-1 -3.165E-1
-3.229E-1 -3.163E-1
-3.299E-1 -3.162E-1
-3.298E-1 -3.160E-1
-3.225E-1 -3.159E-1
-3.294E-1 -3.158E-1
-3.224E-1 -3.157E-1
-3.292E-1 -3.156E-1
-3.221E-1 -3.155E-1
-3.290E-1 -3.154E-1
-3.217E-1 -3.151E-1
-3.286E-1 -3.150E-1
-3.215E-1 -3.149E-1
-3.212E-1 -3.147E-1
-3.281E-1 -3.146E-1
-3.208E-1 -3.143E-1
-3.277E-1 -3.142E-1
-3.207E-1 -3.141E-1
-3.205E-1 -3.139E-1
-3.274E-1 -3.136E-1
-3.201E-1 -3.135E-1
-3.270E-1 -3.134E-1
-3.200E-1 -3.133E-1
-3.268E-1 -3.132E-1
-3.196E-1 -3.131E-1
-3.195E-1 -3.129E-1
-3.191E-1 -3.127E-1
-3.190E-1 -3.125E-1
-3.258E-1 -3.124E-1
-3.187E-1 -3.123E-1
-3.255E-1 -3.122E-1
-3.182E-1 -3.119E-1
-3.181E-1 -3.117E-1
-3.249E-1 -3.116E-1
-3.178E-1 -3.115E-1
-3.245E-1 -3.112E-1
-3.174E-1 -3.111E-1
-3.173E-1 -3.109E-1
-3.170E-1 -3.107E-1
-3.238E-1 -3.106E-1
-3.166E-1 -3.103E-1
-3.234E-1 -3.102E-1
-3.163E-1 -3.101E-1
-3.231E-1 -3.100E-1
