0.00000000E+0 1.83150768E-3
1.10000002E+0 1.34310722E-3
2.09999990E+0 1.34310722E-3
3.09999990E+0 1.70941353E-3
4.09999990E+0 1.58729553E-3
5.09999990E+0 1.58729553E-3
6.09999990E+0 1.46520138E-3
7.09999990E+0 1.58729553E-3
8.10000038E+0 1.58729553E-3
9.10000038E+0 1.46520138E-3
1.01000004E+1 1.83150768E-3
1.11000004E+1 3.54089737E-3
1.21000004E+1 1.83150768E-3
1.31000004E+1 1.83150768E-3
1.41000004E+1 1.70941353E-3
1.51000004E+1 1.83150768E-3
1.61000004E+1 1.70941353E-3
1.71000004E+1 1.83150768E-3
1.81000004E+1 1.22101307E-3
1.91000004E+1 1.83150768E-3
2.01000004E+1 3.78510952E-3
2.11000004E+1 1.70941353E-3
2.21000004E+1 1.83150768E-3
2.31000004E+1 1.34310722E-3
2.41000004E+1 1.83150768E-3
2.51000004E+1 1.34310722E-3
2.61000004E+1 1.83150768E-3
2.71000004E+1 1.70941353E-3
2.81000004E+1 3.66301537E-3
2.91000004E+1 1.83150768E-3
3.01000004E+1 1.83150768E-3
3.11000004E+1 1.70941353E-3
3.20999985E+1 1.83150768E-3
3.30999985E+1 1.83150768E-3
3.40999985E+1 1.46520138E-3
3.50999985E+1 1.83150768E-3
3.60999985E+1 3.78510952E-3
3.70999985E+1 1.34310722E-3
3.80999985E+1 1.46520138E-3
3.90999985E+1 1.70941353E-3
4.00999985E+1 1.34310722E-3
4.10999985E+1 1.46520138E-3
4.20999985E+1 1.34310722E-3
4.30999985E+1 1.58729553E-3
4.40999985E+1 3.78510952E-3
4.50999985E+1 1.83150768E-3
4.60999985E+1 3.78510952E-3
4.70999985E+1 1.34310722E-3
4.80999985E+1 1.70941353E-3
4.90999985E+1 3.78510952E-3
5.00999985E+1 1.58729553E-3
5.10999985E+1 1.09889507E-3
5.20999985E+1 1.70941353E-3
5.30999985E+1 1.58729553E-3
5.40999985E+1 1.83150768E-3
5.50999985E+1 1.70941353E-3
5.60999985E+1 1.83150768E-3
5.70999985E+1 3.54089737E-3
5.80999985E+1 1.70941353E-3
5.90999985E+1 1.46520138E-3
6.00999985E+1 1.70941353E-3
6.10999985E+1 1.83150768E-3
6.20999985E+1 1.70941353E-3
6.30999985E+1 1.70941353E-3
6.40999985E+1 1.70941353E-3
6.50999985E+1 1.83150768E-3
6.60999985E+1 1.83150768E-3
6.70999985E+1 1.83150768E-3
6.80999985E+1 1.46520138E-3
6.90999985E+1 1.70941353E-3
7.00999985E+1 1.83150768E-3
7.10999985E+1 1.58729553E-3
7.20999985E+1 1.70941353E-3
7.30999985E+1 1.83150768E-3
7.40999985E+1 1.58729553E-3
7.50999985E+1 1.83150768E-3
7.60999985E+1 1.58729553E-3
7.70999985E+1 1.83150768E-3
7.80999985E+1 1.46520138E-3
7.90999985E+1 1.70941353E-3
8.00999985E+1 1.58729553E-3
8.10999985E+1 1.70941353E-3
8.20999985E+1 1.58729553E-3
8.30999985E+1 1.58729553E-3
8.40999985E+1 3.66301537E-3
8.50999985E+1 1.83150768E-3
8.60999985E+1 1.83150768E-3
8.70999985E+1 1.95360184E-3
8.80999985E+1 1.83150768E-3
8.90999985E+1 1.83150768E-3
9.00999985E+1 1.58729553E-3
9.10999985E+1 1.83150768E-3
9.20999985E+1 1.83150768E-3
9.30999985E+1 1.34310722E-3
9.40999985E+1 1.83150768E-3
9.50999985E+1 1.83150768E-3
9.60999985E+1 1.83150768E-3
9.70999985E+1 3.78510952E-3
9.80999985E+1 1.58729553E-3
9.90999985E+1 1.46520138E-3
1.00099998E+2 1.22101307E-3
1.01099998E+2 1.58729553E-3
1.02099998E+2 1.58729553E-3
1.03099998E+2 2.56409645E-3
1.04099998E+2 1.83150768E-3
1.05099998E+2 1.70941353E-3
1.06099998E+2 1.83150768E-3
1.07099998E+2 1.58729553E-3
1.08099998E+2 1.46520138E-3
1.09099998E+2 1.09889507E-3
1.10099998E+2 1.46520138E-3
1.11099998E+2 1.83150768E-3
1.12099998E+2 1.83150768E-3
1.13099998E+2 1.34310722E-3
1.14099998E+2 1.58729553E-3
1.15099998E+2 1.34310722E-3
1.16099998E+2 1.83150768E-3
1.17099998E+2 1.83150768E-3
1.18099998E+2 1.34310722E-3
1.19099998E+2 1.83150768E-3
1.20099998E+2 1.83150768E-3
1.21099998E+2 1.58729553E-3
1.22099998E+2 1.58729553E-3
1.23099998E+2 1.34310722E-3
1.24099998E+2 1.83150768E-3
1.25099998E+2 1.70941353E-3
1.26099998E+2 1.09889507E-3
1.27099998E+2 1.83150768E-3
1.28100006E+2 1.58729553E-3
1.29100006E+2 1.83150768E-3
1.30100006E+2 1.58729553E-3
1.31100006E+2 1.83150768E-3
1.32100006E+2 1.83150768E-3
1.33100006E+2 3.41880322E-3
1.34100006E+2 1.58729553E-3
1.35100006E+2 1.34310722E-3
1.36100006E+2 1.83150768E-3
1.37100006E+2 1.58729553E-3
1.38100006E+2 1.83150768E-3
1.39100006E+2 1.83150768E-3
1.40100006E+2 1.83150768E-3
1.41100006E+2 1.58729553E-3
1.42100006E+2 1.58729553E-3
1.43100006E+2 1.58729553E-3
1.44100006E+2 1.83150768E-3
1.45100006E+2 1.83150768E-3
1.46100006E+2 1.46520138E-3
1.47100006E+2 1.58729553E-3
1.48100006E+2 3.54089737E-3
1.49100006E+2 1.34310722E-3
1.50100006E+2 1.58729553E-3
1.51100006E+2 1.83150768E-3
1.52100006E+2 3.78510952E-3
1.53100006E+2 3.54089737E-3
1.54100006E+2 1.58729553E-3
1.55100006E+2 1.83150768E-3
1.56100006E+2 1.34310722E-3
1.57100006E+2 1.70941353E-3
1.58100006E+2 1.46520138E-3
1.59100006E+2 1.58729553E-3
1.60100006E+2 3.78510952E-3
1.61100006E+2 1.83150768E-3
1.62100006E+2 1.46520138E-3
1.63100006E+2 1.46520138E-3
1.64100006E+2 1.83150768E-3
1.65100006E+2 1.58729553E-3
1.66100006E+2 1.83150768E-3
1.67100006E+2 1.58729553E-3
1.68100006E+2 8.54706764E-4
1.69100006E+2 3.66306305E-4
1.70100006E+2 1.58729553E-3
1.71100006E+2 1.70941353E-3
1.72100006E+2 1.70941353E-3
1.73100006E+2 1.83150768E-3
1.74100006E+2 1.83150768E-3
1.75100006E+2 1.58729553E-3
1.76100006E+2 1.46520138E-3
1.77100006E+2 1.09889507E-3
1.78100006E+2 3.54089737E-3
1.79100006E+2 1.70941353E-3
1.80100006E+2 1.83150768E-3
1.81100006E+2 1.83150768E-3
1.82100006E+2 2.93040276E-3
1.83100006E+2 1.58729553E-3
1.84100006E+2 1.83150768E-3
1.85100006E+2 1.58729553E-3
1.86100006E+2 1.83150768E-3
1.87100006E+2 1.70941353E-3
1.88100006E+2 1.09889507E-3
1.89100006E+2 1.83150768E-3
1.90100006E+2 1.83150768E-3
1.91100006E+2 3.29670906E-3
1.92100006E+2 3.54089737E-3
1.93100006E+2 1.83150768E-3
1.94100006E+2 1.58729553E-3
1.95100006E+2 1.58729553E-3
1.96100006E+2 3.41880322E-3
1.97100006E+2 1.83150768E-3
1.98100006E+2 1.83150768E-3
1.99100006E+2 1.58729553E-3
2.00100006E+2 1.83150768E-3
2.01100006E+2 1.58729553E-3
2.02100006E+2 1.83150768E-3
2.03100006E+2 1.83150768E-3
2.04100006E+2 3.78510952E-3
2.05100006E+2 1.83150768E-3
2.06100006E+2 1.58729553E-3
2.07100006E+2 1.70941353E-3
2.08100006E+2 1.83150768E-3
2.09100006E+2 1.22101307E-3
2.10100006E+2 3.66301537E-3
2.11100006E+2 1.34310722E-3
2.12100006E+2 1.83150768E-3
2.13100006E+2 1.83150768E-3
2.14100006E+2 1.70941353E-3
2.15100006E+2 1.34310722E-3
2.16100006E+2 1.83150768E-3
2.17100006E+2 3.17461491E-3
2.18100006E+2 1.83150768E-3
2.19100006E+2 3.54089737E-3
2.20100006E+2 1.83150768E-3
2.21100006E+2 1.83150768E-3
2.22100006E+2 1.34310722E-3
2.23100006E+2 1.70941353E-3
2.24100006E+2 1.83150768E-3
2.25100006E+2 1.83150768E-3
2.26100006E+2 1.83150768E-3
2.27100006E+2 1.46520138E-3
2.28100006E+2 3.66301537E-3
2.29100006E+2 1.70941353E-3
2.30100006E+2 1.70941353E-3
2.31100006E+2 1.83150768E-3
2.32100006E+2 1.83150768E-3
2.33100006E+2 1.83150768E-3
2.34100006E+2 1.58729553E-3
2.35100006E+2 1.70941353E-3
2.36100006E+2 3.78510952E-3
2.37100006E+2 3.78510952E-3
2.38100006E+2 1.83150768E-3
2.39100006E+2 1.83150768E-3
2.40100006E+2 3.78510952E-3
2.41100006E+2 1.70941353E-3
2.42100006E+2 1.83150768E-3
2.43100006E+2 1.83150768E-3
2.44100006E+2 1.22101307E-3
2.45100006E+2 1.58729553E-3
2.46100006E+2 1.83150768E-3
2.47100006E+2 1.83150768E-3
2.48100006E+2 1.83150768E-3
2.49100006E+2 3.17461491E-3
2.50100006E+2 1.22101307E-3
2.51100006E+2 1.34310722E-3
2.52100006E+2 1.83150768E-3
2.53100006E+2 1.83150768E-3
2.54100006E+2 1.46520138E-3
2.55100006E+2 1.83150768E-3
2.56100006E+2 3.54089737E-3
2.57100006E+2 3.29670906E-3
2.58100006E+2 1.83150768E-3
2.59100006E+2 1.58729553E-3
2.60100006E+2 1.58729553E-3
2.61100006E+2 1.83150768E-3
2.62100006E+2 1.70941353E-3
2.63100006E+2 1.83150768E-3
2.64100006E+2 1.34310722E-3
2.65100006E+2 1.83150768E-3
2.66100006E+2 1.83150768E-3
2.67100006E+2 1.83150768E-3
2.68100006E+2 1.34310722E-3
2.69100006E+2 1.58729553E-3
2.70100006E+2 1.83150768E-3
2.71100006E+2 1.83150768E-3
2.72100006E+2 1.34310722E-3
2.73100006E+2 1.70941353E-3
2.74100006E+2 1.58729553E-3
2.75100006E+2 1.58729553E-3
2.76100006E+2 1.83150768E-3
2.77100006E+2 1.58729553E-3
2.78100006E+2 1.83150768E-3
2.79100006E+2 1.83150768E-3
2.80100006E+2 1.83150768E-3
2.81100006E+2 1.83150768E-3
2.82100006E+2 1.70941353E-3
2.83100006E+2 1.58729553E-3
2.84100006E+2 1.83150768E-3
2.85100006E+2 1.83150768E-3
2.86100006E+2 1.83150768E-3
2.87100006E+2 1.83150768E-3
2.88100006E+2 3.41880322E-3
2.89100006E+2 1.83150768E-3
2.90100006E+2 1.83150768E-3
2.91100006E+2 1.46520138E-3
2.92100006E+2 1.70941353E-3
2.93100006E+2 3.66301537E-3
2.94100006E+2 1.58729553E-3
2.95100006E+2 1.83150768E-3
2.96100006E+2 1.83150768E-3
2.97100006E+2 3.54089737E-3
2.98100006E+2 1.83150768E-3
2.99100006E+2 1.34310722E-3
3.00100006E+2 1.09889507E-3
3.01100006E+2 1.46520138E-3
3.02100006E+2 1.58729553E-3
3.03100006E+2 1.58729553E-3
3.04100006E+2 1.70941353E-3
3.05100006E+2 3.29670906E-3
3.06100006E+2 3.41880322E-3
3.07100006E+2 1.22101307E-3
3.08100006E+2 1.46520138E-3
3.09100006E+2 1.83150768E-3
3.10100006E+2 1.46520138E-3
3.11100006E+2 3.17461491E-3
3.12100006E+2 1.46520138E-3
3.13100006E+2 1.83150768E-3
3.14100006E+2 1.58729553E-3
3.15100006E+2 1.58729553E-3
3.16100006E+2 1.58729553E-3
3.17100006E+2 1.83150768E-3
3.18100006E+2 1.70941353E-3
3.19100006E+2 1.58729553E-3
3.20100006E+2 1.58729553E-3
3.21100006E+2 1.83150768E-3
3.22100006E+2 1.46520138E-3
3.23100006E+2 1.83150768E-3
3.24100006E+2 1.83150768E-3
3.25100006E+2 1.83150768E-3
3.26100006E+2 2.07569599E-3
3.27100006E+2 1.83150768E-3
3.28100006E+2 1.70941353E-3
3.29100006E+2 1.83150768E-3
3.30100006E+2 1.83150768E-3
3.31100006E+2 1.58729553E-3
3.32100006E+2 6.10494614E-4
3.33100006E+2 1.83150768E-3
3.34100006E+2 1.83150768E-3
3.35100006E+2 1.70941353E-3
3.36100006E+2 1.83150768E-3
3.37100006E+2 1.58729553E-3
3.38100006E+2 1.58729553E-3
3.39100006E+2 1.58729553E-3
3.40100006E+2 1.83150768E-3
3.41100006E+2 1.58729553E-3
3.42100006E+2 1.58729553E-3
3.43100006E+2 1.83150768E-3
3.44100006E+2 1.34310722E-3
3.45100006E+2 3.17461491E-3
3.46100006E+2 1.83150768E-3
3.47100006E+2 1.46520138E-3
3.48100006E+2 3.78510952E-3
3.49100006E+2 1.83150768E-3
3.50100006E+2 1.83150768E-3
3.51100006E+2 1.83150768E-3
3.52100006E+2 1.83150768E-3
3.53100006E+2 1.46520138E-3
3.54100006E+2 1.70941353E-3
3.55100006E+2 1.83150768E-3
3.56100006E+2 2.44200230E-3
3.57100006E+2 1.83150768E-3
3.58100006E+2 1.83150768E-3
3.59100006E+2 3.66301537E-3
3.60100006E+2 1.83150768E-3
3.61100006E+2 1.70941353E-3
3.62100006E+2 1.46520138E-3
3.63100006E+2 1.58729553E-3
3.64100006E+2 1.34310722E-3
3.65100006E+2 1.83150768E-3
3.66100006E+2 1.83150768E-3
3.67100006E+2 1.58729553E-3
3.68100006E+2 1.83150768E-3
3.69100006E+2 1.83150768E-3
3.70100006E+2 1.83150768E-3
3.71100006E+2 1.83150768E-3
3.72100006E+2 1.83150768E-3
3.73100006E+2 3.54089737E-3
3.74100006E+2 1.70941353E-3
3.75100006E+2 1.83150768E-3
3.76100006E+2 3.78510952E-3
3.77100006E+2 1.83150768E-3
3.78100006E+2 3.66301537E-3
3.79100006E+2 1.83150768E-3
3.80100006E+2 1.83150768E-3
3.81100006E+2 1.58729553E-3
3.82100006E+2 1.34310722E-3
3.83100006E+2 3.54089737E-3
3.84100006E+2 1.83150768E-3
3.85100006E+2 1.58729553E-3
3.86100006E+2 8.54706764E-4
3.87100006E+2 1.83150768E-3
3.88100006E+2 3.66301537E-3
3.89100006E+2 1.58729553E-3
3.90100006E+2 1.83150768E-3
3.91100006E+2 1.83150768E-3
3.92100006E+2 3.29670906E-3
3.93100006E+2 1.58729553E-3
3.94100006E+2 1.83150768E-3
3.95100006E+2 1.70941353E-3
3.96100006E+2 1.58729553E-3
3.97100006E+2 1.83150768E-3
3.98100006E+2 1.83150768E-3
3.99100006E+2 1.34310722E-3
4.00100006E+2 1.83150768E-3
4.01100006E+2 1.46520138E-3
4.02100006E+2 1.58729553E-3
4.03100006E+2 1.83150768E-3
4.04100006E+2 1.83150768E-3
4.05100006E+2 1.83150768E-3
4.06100006E+2 1.58729553E-3
4.07100006E+2 1.46520138E-3
4.08100006E+2 1.83150768E-3
4.09100006E+2 1.83150768E-3
4.10100006E+2 3.66301537E-3
4.11100006E+2 1.83150768E-3
4.12100006E+2 2.31990814E-3
4.13100006E+2 1.34310722E-3
4.14100006E+2 3.17461491E-3
4.15100006E+2 1.83150768E-3
4.16100006E+2 3.17461491E-3
4.17100006E+2 1.58729553E-3
4.18100006E+2 1.46520138E-3
4.19100006E+2 3.29670906E-3
4.20100006E+2 1.34310722E-3
4.21100006E+2 8.54706764E-4
4.22100006E+2 1.83150768E-3
4.23100006E+2 1.58729553E-3
4.24100006E+2 1.83150768E-3
4.25100006E+2 1.83150768E-3
4.26100006E+2 1.46520138E-3
4.27100006E+2 1.58729553E-3
4.28100006E+2 1.58729553E-3
4.29100006E+2 3.54089737E-3
4.30100006E+2 1.70941353E-3
4.31100006E+2 3.29670906E-3
4.32100006E+2 3.41880322E-3
4.33100006E+2 1.34310722E-3
4.34100006E+2 1.46520138E-3
4.35100006E+2 1.46520138E-3
4.36100006E+2 3.66301537E-3
4.37100006E+2 1.95360184E-3
4.38100006E+2 1.70941353E-3
4.39100006E+2 1.58729553E-3
4.40100006E+2 3.29670906E-3
4.41100006E+2 1.83150768E-3
4.42100006E+2 1.83150768E-3
4.43100006E+2 3.66301537E-3
4.44100006E+2 3.54089737E-3
4.45100006E+2 1.22101307E-3
4.46100006E+2 3.41880322E-3
4.47100006E+2 1.34310722E-3
4.48100006E+2 1.70941353E-3
4.49100006E+2 1.83150768E-3
4.50100006E+2 1.70941353E-3
4.51100006E+2 1.83150768E-3
4.52100006E+2 1.83150768E-3
4.53100006E+2 1.58729553E-3
4.54100006E+2 1.83150768E-3
4.55100006E+2 2.80830860E-3
4.56100006E+2 1.70941353E-3
4.57100006E+2 1.70941353E-3
4.58100006E+2 1.83150768E-3
4.59100006E+2 1.70941353E-3
4.60100006E+2 1.70941353E-3
4.61100006E+2 1.70941353E-3
4.62100006E+2 1.46520138E-3
4.63100006E+2 1.46520138E-3
4.64100006E+2 1.83150768E-3
4.65100006E+2 1.83150768E-3
4.66100006E+2 1.83150768E-3
4.67100006E+2 1.83150768E-3
4.68100006E+2 1.83150768E-3
4.69100006E+2 1.46520138E-3
4.70100006E+2 1.46520138E-3
4.71100006E+2 1.83150768E-3
4.72100006E+2 1.58729553E-3
4.73100006E+2 1.70941353E-3
4.74100006E+2 3.66301537E-3
4.75100006E+2 1.83150768E-3
4.76100006E+2 2.80830860E-3
4.77100006E+2 1.34310722E-3
4.78100006E+2 1.83150768E-3
4.79100006E+2 1.83150768E-3
4.80100006E+2 3.17461491E-3
4.81100006E+2 1.83150768E-3
4.82100006E+2 1.83150768E-3
4.83100006E+2 1.70941353E-3
4.84100006E+2 1.83150768E-3
4.85100006E+2 3.78510952E-3
4.86100006E+2 1.58729553E-3
4.87100006E+2 1.58729553E-3
4.88100006E+2 1.83150768E-3
4.89100006E+2 1.46520138E-3
4.90100006E+2 3.78510952E-3
4.91100006E+2 3.41880322E-3
4.92100006E+2 1.34310722E-3
4.93100006E+2 1.83150768E-3
4.94100006E+2 1.58729553E-3
4.95100006E+2 1.83150768E-3
4.96100006E+2 1.70941353E-3
4.97100006E+2 1.83150768E-3
4.98100006E+2 1.83150768E-3
4.99100006E+2 1.70941353E-3
5.00100006E+2 1.70941353E-3
5.01100006E+2 3.78510952E-3
5.02100006E+2 1.58729553E-3
5.03100006E+2 1.58729553E-3
5.04100006E+2 1.83150768E-3
5.05100006E+2 1.83150768E-3
5.06100006E+2 1.83150768E-3
5.07100006E+2 1.22101307E-3
5.08100006E+2 1.70941353E-3
5.09100006E+2 1.34310722E-3
5.10100006E+2 1.83150768E-3
5.11100006E+2 1.83150768E-3
5.12099976E+2 1.58729553E-3
5.13099976E+2 1.83150768E-3
5.14099976E+2 1.83150768E-3
5.15099976E+2 2.07569599E-3
5.16099976E+2 1.70941353E-3
5.17099976E+2 1.83150768E-3
5.18099976E+2 3.41880322E-3
5.19099976E+2 3.54089737E-3
5.20099976E+2 1.83150768E-3
5.21099976E+2 1.83150768E-3
5.22099976E+2 1.83150768E-3
5.23099976E+2 1.83150768E-3
5.24099976E+2 1.83150768E-3
5.25099976E+2 3.54089737E-3
5.26099976E+2 1.70941353E-3
5.27099976E+2 3.66301537E-3
5.28099976E+2 1.58729553E-3
5.29099976E+2 3.41880322E-3
5.30099976E+2 1.83150768E-3
5.31099976E+2 1.83150768E-3
5.32099976E+2 1.58729553E-3
5.33099976E+2 1.83150768E-3
5.34099976E+2 1.70941353E-3
5.35099976E+2 3.29670906E-3
5.36099976E+2 1.70941353E-3
5.37099976E+2 1.70941353E-3
5.38099976E+2 1.34310722E-3
5.39099976E+2 1.09889507E-3
5.40099976E+2 3.78510952E-3
5.41099976E+2 3.54089737E-3
5.42099976E+2 1.83150768E-3
5.43099976E+2 1.83150768E-3
5.44099976E+2 8.54706764E-4
5.45099976E+2 1.34310722E-3
5.46099976E+2 3.66301537E-3
5.47099976E+2 1.46520138E-3
5.48099976E+2 3.17461491E-3
5.49099976E+2 1.46520138E-3
5.50099976E+2 1.70941353E-3
5.51099976E+2 3.29670906E-3
5.52099976E+2 3.54089737E-3
5.53099976E+2 1.46520138E-3
5.54099976E+2 1.58729553E-3
5.55099976E+2 3.54089737E-3
5.56099976E+2 1.70941353E-3
5.57099976E+2 3.78510952E-3
5.58099976E+2 1.83150768E-3
5.59099976E+2 1.34310722E-3
5.60099976E+2 1.58729553E-3
5.61099976E+2 1.83150768E-3
5.62099976E+2 1.70941353E-3
5.63099976E+2 1.58729553E-3
5.64099976E+2 1.83150768E-3
5.65099976E+2 1.83150768E-3
5.66099976E+2 1.34310722E-3
5.67099976E+2 1.34310722E-3
5.68099976E+2 1.83150768E-3
5.69099976E+2 1.83150768E-3
5.70099976E+2 1.83150768E-3
5.71099976E+2 1.83150768E-3
5.72099976E+2 1.83150768E-3
5.73099976E+2 1.70941353E-3
5.74099976E+2 1.58729553E-3
5.75099976E+2 1.58729553E-3
5.76099976E+2 3.78510952E-3
5.77099976E+2 1.46520138E-3
5.78099976E+2 1.83150768E-3
5.79099976E+2 1.58729553E-3
5.80099976E+2 1.22101307E-3
5.81099976E+2 1.70941353E-3
5.82099976E+2 1.83150768E-3
5.83099976E+2 1.46520138E-3
5.84099976E+2 3.78510952E-3
5.85099976E+2 3.54089737E-3
5.86099976E+2 1.83150768E-3
5.87099976E+2 1.58729553E-3
5.88099976E+2 1.58729553E-3
5.89099976E+2 1.58729553E-3
5.90099976E+2 1.58729553E-3
5.91099976E+2 1.70941353E-3
5.92099976E+2 1.34310722E-3
5.93099976E+2 3.29670906E-3
5.94099976E+2 1.83150768E-3
5.95099976E+2 1.58729553E-3
5.96099976E+2 1.70941353E-3
5.97099976E+2 1.83150768E-3
5.98099976E+2 1.83150768E-3
5.99099976E+2 1.83150768E-3
6.00099976E+2 3.78510952E-3
6.01099976E+2 1.83150768E-3
6.02099976E+2 1.34310722E-3
6.03099976E+2 1.58729553E-3
6.04099976E+2 1.46520138E-3
6.05099976E+2 1.70941353E-3
6.06099976E+2 1.34310722E-3
6.07099976E+2 1.83150768E-3
