0.00000000E+0 1.26189858E-3
1.10000002E+0 1.26458828E-3
2.09999990E+0 1.26594018E-3
3.09999990E+0 1.25137825E-3
4.09999990E+0 1.31387999E-3
5.09999990E+0 1.28032006E-3
6.09999990E+0 1.31834450E-3
7.09999990E+0 1.26865308E-3
8.10000038E+0 1.26614406E-3
9.10000038E+0 1.28693126E-3
1.01000004E+1 1.25963129E-3
1.11000004E+1 1.27050972E-3
1.21000004E+1 1.27436423E-3
1.31000004E+1 1.27560786E-3
1.41000004E+1 1.26776348E-3
1.51000004E+1 1.22829014E-3
1.61000004E+1 1.27131770E-3
1.71000004E+1 1.23154506E-3
1.81000004E+1 1.24938890E-3
1.91000004E+1 1.23515428E-3
2.01000004E+1 1.21648460E-3
2.11000004E+1 1.26792813E-3
2.21000004E+1 1.23433879E-3
2.31000004E+1 1.26724877E-3
2.41000004E+1 1.23986113E-3
2.51000004E+1 1.26804065E-3
2.61000004E+1 1.23473842E-3
2.71000004E+1 1.26607055E-3
2.81000004E+1 1.27442803E-3
2.91000004E+1 1.23846024E-3
3.01000004E+1 1.21615587E-3
3.11000004E+1 1.25257714E-3
3.20999985E+1 1.26960884E-3
3.30999985E+1 1.26439984E-3
3.40999985E+1 1.27868323E-3
3.50999985E+1 1.26284479E-3
3.60999985E+1 1.23067877E-3
3.70999985E+1 1.25225126E-3
3.80999985E+1 1.24770325E-3
3.90999985E+1 1.32427423E-3
4.00999985E+1 1.27972176E-3
4.10999985E+1 1.30882788E-3
4.20999985E+1 1.29608643E-3
4.30999985E+1 1.28729363E-3
4.40999985E+1 1.31227856E-3
4.50999985E+1 1.31473143E-3
4.60999985E+1 1.30918754E-3
4.70999985E+1 1.23451394E-3
4.80999985E+1 1.27858238E-3
4.90999985E+1 1.32618958E-3
5.00999985E+1 1.27456193E-3
5.10999985E+1 1.29877079E-3
5.20999985E+1 1.27960463E-3
5.30999985E+1 1.29515681E-3
5.40999985E+1 1.30795264E-3
5.50999985E+1 1.28664114E-3
5.60999985E+1 1.27569853E-3
5.70999985E+1 1.28499301E-3
5.80999985E+1 1.27621064E-3
5.90999985E+1 1.27619646E-3
6.00999985E+1 1.30143451E-3
6.10999985E+1 1.27679830E-3
6.20999985E+1 1.29870056E-3
6.30999985E+1 1.28420758E-3
6.40999985E+1 1.21478796E-3
6.50999985E+1 1.29269048E-3
6.60999985E+1 1.29497209E-3
6.70999985E+1 1.26530325E-3
6.80999985E+1 1.32462445E-3
6.90999985E+1 1.27263255E-3
7.00999985E+1 1.31731374E-3
7.10999985E+1 1.26998457E-3
7.20999985E+1 1.27408371E-3
7.30999985E+1 1.26711927E-3
7.40999985E+1 1.30742444E-3
7.50999985E+1 1.29111321E-3
7.60999985E+1 1.27522263E-3
7.70999985E+1 1.25600995E-3
7.80999985E+1 1.29062262E-3
7.90999985E+1 1.30662030E-3
8.00999985E+1 1.29672907E-3
8.10999985E+1 1.30587359E-3
8.20999985E+1 1.28847370E-3
8.30999985E+1 1.31914990E-3
8.40999985E+1 1.24015761E-3
8.50999985E+1 1.27589659E-3
8.60999985E+1 1.27710715E-3
8.70999985E+1 1.30983787E-3
8.80999985E+1 1.30593622E-3
8.90999985E+1 1.31577471E-3
9.00999985E+1 1.30011054E-3
9.10999985E+1 1.28018135E-3
9.20999985E+1 1.27045980E-3
9.30999985E+1 1.26673772E-3
9.40999985E+1 1.26396829E-3
9.50999985E+1 1.24502307E-3
9.60999985E+1 1.22940482E-3
9.70999985E+1 1.28159441E-3
9.80999985E+1 1.23782719E-3
9.90999985E+1 1.29684289E-3
1.00099998E+2 1.22805906E-3
1.01099998E+2 1.26825853E-3
1.02099998E+2 1.27522558E-3
1.03099998E+2 1.26381051E-3
1.04099998E+2 1.27499956E-3
1.05099998E+2 1.32887809E-3
1.06099998E+2 1.27447743E-3
1.07099998E+2 1.34089563E-3
1.08099998E+2 1.27312405E-3
1.09099998E+2 1.31973699E-3
1.10099998E+2 1.27746586E-3
1.11099998E+2 1.26662136E-3
1.12099998E+2 1.26077329E-3
1.13099998E+2 1.31853643E-3
1.14099998E+2 1.32496099E-3
1.15099998E+2 1.33918087E-3
1.16099998E+2 1.34509168E-3
1.17099998E+2 1.33400106E-3
1.18099998E+2 1.33462272E-3
1.19099998E+2 1.33359493E-3
1.20099998E+2 1.30118386E-3
1.21099998E+2 1.27347328E-3
1.22099998E+2 1.28628114E-3
1.23099998E+2 1.27728262E-3
1.24099998E+2 1.32215704E-3
1.25099998E+2 1.32784148E-3
1.26099998E+2 1.28930368E-3
1.27099998E+2 1.26542434E-3
1.28100006E+2 1.34118491E-3
1.29100006E+2 1.26301210E-3
1.30100006E+2 1.24568522E-3
1.31100006E+2 1.32951019E-3
1.32100006E+2 1.26221841E-3
1.33100006E+2 1.23637771E-3
1.34100006E+2 1.28669934E-3
1.35100006E+2 1.29110495E-3
1.36100006E+2 1.23403845E-3
1.37100006E+2 1.24412471E-3
1.38100006E+2 1.31729816E-3
1.39100006E+2 1.28119692E-3
1.40100006E+2 1.31296116E-3
1.41100006E+2 1.22917065E-3
1.42100006E+2 1.30864293E-3
1.43100006E+2 1.26843807E-3
1.44100006E+2 1.32809971E-3
1.45100006E+2 1.29736693E-3
1.46100006E+2 1.29401612E-3
1.47100006E+2 1.30550013E-3
1.48100006E+2 1.28730622E-3
1.49100006E+2 1.28115429E-3
1.50100006E+2 1.27025662E-3
1.51100006E+2 1.28258265E-3
1.52100006E+2 1.27055318E-3
1.53100006E+2 1.26608436E-3
1.54100006E+2 1.28355353E-3
1.55100006E+2 1.25940948E-3
1.56100006E+2 1.26759104E-3
1.57100006E+2 1.29010980E-3
1.58100006E+2 1.29875958E-3
1.59100006E+2 1.28314335E-3
1.60100006E+2 1.21444754E-3
1.61100006E+2 1.28945001E-3
1.62100006E+2 1.29726667E-3
1.63100006E+2 1.24671390E-3
1.64100006E+2 1.29767430E-3
1.65100006E+2 1.30469887E-3
1.66100006E+2 1.27410742E-3
1.67100006E+2 1.27757207E-3
1.68100006E+2 1.31097583E-3
1.69100006E+2 1.31750375E-3
1.70100006E+2 1.31264629E-3
1.71100006E+2 1.32580748E-3
1.72100006E+2 1.30734070E-3
1.73100006E+2 1.26392827E-3
1.74100006E+2 1.31650981E-3
1.75100006E+2 1.27289492E-3
1.76100006E+2 1.27179758E-3
1.77100006E+2 1.26821119E-3
1.78100006E+2 1.29375993E-3
1.79100006E+2 1.30346820E-3
1.80100006E+2 1.22348222E-3
1.81100006E+2 1.27290864E-3
1.82100006E+2 1.28631949E-3
1.83100006E+2 1.24121098E-3
1.84100006E+2 1.21812277E-3
1.85100006E+2 1.31918879E-3
1.86100006E+2 1.22465017E-3
1.87100006E+2 1.25414254E-3
1.88100006E+2 1.27198986E-3
1.89100006E+2 1.27843588E-3
1.90100006E+2 1.25762934E-3
1.91100006E+2 1.24473235E-3
1.92100006E+2 1.26158789E-3
1.93100006E+2 1.31601133E-3
1.94100006E+2 1.28919552E-3
1.95100006E+2 1.28100593E-3
1.96100006E+2 1.25787953E-3
1.97100006E+2 1.27831268E-3
1.98100006E+2 1.24316308E-3
1.99100006E+2 1.24309002E-3
2.00100006E+2 1.29478909E-3
2.01100006E+2 1.25207618E-3
2.02100006E+2 1.24678835E-3
2.03100006E+2 1.27419772E-3
2.04100006E+2 1.24505935E-3
2.05100006E+2 1.28721891E-3
2.06100006E+2 1.24152083E-3
2.07100006E+2 1.26535032E-3
2.08100006E+2 1.29107034E-3
2.09100006E+2 1.24557891E-3
2.10100006E+2 1.26658293E-3
2.11100006E+2 1.27491542E-3
2.12100006E+2 1.27375173E-3
2.13100006E+2 1.31214366E-3
2.14100006E+2 1.27811998E-3
2.15100006E+2 1.26779982E-3
2.16100006E+2 1.26745304E-3
2.17100006E+2 1.24753455E-3
2.18100006E+2 1.27528481E-3
2.19100006E+2 1.23352831E-3
2.20100006E+2 1.24436205E-3
2.21100006E+2 1.28530433E-3
2.22100006E+2 1.30823560E-3
2.23100006E+2 1.28905706E-3
2.24100006E+2 1.26588394E-3
2.25100006E+2 1.32921753E-3
2.26100006E+2 1.31736723E-3
2.27100006E+2 1.28635796E-3
2.28100006E+2 1.31091780E-3
2.29100006E+2 1.29077800E-3
2.30100006E+2 1.28828727E-3
2.31100006E+2 1.26506183E-3
2.32100006E+2 1.29426165E-3
2.33100006E+2 1.26749432E-3
2.34100006E+2 1.27717745E-3
2.35100006E+2 1.25918278E-3
2.36100006E+2 1.27056216E-3
2.37100006E+2 1.25910071E-3
2.38100006E+2 1.27382656E-3
2.39100006E+2 1.26576089E-3
2.40100006E+2 1.31193287E-3
2.41100006E+2 1.29851285E-3
2.42100006E+2 1.22589850E-3
2.43100006E+2 1.29237400E-3
2.44100006E+2 1.28259495E-3
2.45100006E+2 1.32795173E-3
2.46100006E+2 1.26831710E-3
2.47100006E+2 1.30252691E-3
2.48100006E+2 1.27384647E-3
2.49100006E+2 1.26749967E-3
2.50100006E+2 1.26677354E-3
2.51100006E+2 1.28207903E-3
2.52100006E+2 1.22759698E-3
2.53100006E+2 1.23821828E-3
2.54100006E+2 1.20651847E-3
2.55100006E+2 1.29013434E-3
2.56100006E+2 1.22637742E-3
2.57100006E+2 1.29626343E-3
2.58100006E+2 1.26535466E-3
2.59100006E+2 1.22909879E-3
2.60100006E+2 1.25808043E-3
2.61100006E+2 1.24891927E-3
2.62100006E+2 1.26223123E-3
2.63100006E+2 1.26519813E-3
2.64100006E+2 1.27633392E-3
2.65100006E+2 1.30082038E-3
2.66100006E+2 1.25140111E-3
2.67100006E+2 1.32894401E-3
2.68100006E+2 1.27199221E-3
2.69100006E+2 1.28109121E-3
2.70100006E+2 1.27660786E-3
2.71100006E+2 1.31011686E-3
2.72100006E+2 1.26323807E-3
2.73100006E+2 1.30581039E-3
2.74100006E+2 1.26073006E-3
2.75100006E+2 1.24495378E-3
2.76100006E+2 1.25698053E-3
2.77100006E+2 1.30546716E-3
2.78100006E+2 1.27977055E-3
2.79100006E+2 1.28140831E-3
2.80100006E+2 1.21463512E-3
2.81100006E+2 1.28563140E-3
2.82100006E+2 1.21856311E-3
2.83100006E+2 1.24703871E-3
2.84100006E+2 1.22948553E-3
2.85100006E+2 1.23810388E-3
2.86100006E+2 1.24178952E-3
2.87100006E+2 1.29684948E-3
2.88100006E+2 1.26746739E-3
2.89100006E+2 1.26368450E-3
2.90100006E+2 1.27508035E-3
2.91100006E+2 1.28229599E-3
2.92100006E+2 1.30173277E-3
2.93100006E+2 1.28059666E-3
2.94100006E+2 1.27555577E-3
2.95100006E+2 1.30679778E-3
2.96100006E+2 1.27243784E-3
2.97100006E+2 1.31645867E-3
2.98100006E+2 1.23187787E-3
2.99100006E+2 1.29537251E-3
3.00100006E+2 1.29999334E-3
3.01100006E+2 1.31116874E-3
3.02100006E+2 1.29735330E-3
3.03100006E+2 1.27341464E-3
3.04100006E+2 1.29338711E-3
3.05100006E+2 1.33549779E-3
3.06100006E+2 1.33167445E-3
3.07100006E+2 1.33130051E-3
3.08100006E+2 1.26070901E-3
3.09100006E+2 1.28941934E-3
3.10100006E+2 1.28009488E-3
3.11100006E+2 1.23226834E-3
3.12100006E+2 1.28410303E-3
3.13100006E+2 1.29130926E-3
3.14100006E+2 1.27338922E-3
3.15100006E+2 1.27407747E-3
3.16100006E+2 1.29473108E-3
3.17100006E+2 1.28545450E-3
3.18100006E+2 1.28801680E-3
3.19100006E+2 1.31944731E-3
3.20100006E+2 1.29202556E-3
3.21100006E+2 1.28082872E-3
3.22100006E+2 1.28378781E-3
3.23100006E+2 1.25806713E-3
3.24100006E+2 1.26308027E-3
3.25100006E+2 1.24742217E-3
3.26100006E+2 1.32945581E-3
3.27100006E+2 1.31049211E-3
3.28100006E+2 1.25693920E-3
3.29100006E+2 1.24459083E-3
3.30100006E+2 1.28898613E-3
3.31100006E+2 1.27954511E-3
3.32100006E+2 1.28541767E-3
3.33100006E+2 1.27718269E-3
3.34100006E+2 1.26861185E-3
