1.676E+0 8.409E-7
1.677E+0 8.340E-7
1.678E+0 8.385E-7
1.679E+0 8.362E-7
1.679E+0 8.277E-7
1.681E+0 8.429E-7
1.681E+0 8.234E-7
1.682E+0 8.450E-7
1.684E+0 8.186E-7
1.685E+0 8.320E-7
1.688E+0 8.147E-7
1.692E+0 8.100E-7
1.695E+0 8.254E-7
1.697E+0 8.055E-7
1.700E+0 8.211E-7
1.701E+0 8.015E-7
1.706E+0 8.167E-7
1.707E+0 8.472E-7
1.708E+0 7.974E-7
1.710E+0 8.120E-7
1.715E+0 8.076E-7
1.717E+0 8.036E-7
1.718E+0 7.927E-7
1.719E+0 7.993E-7
1.719E+0 7.904E-7
1.720E+0 7.950E-7
1.721E+0 7.858E-7
1.724E+0 7.814E-7
1.726E+0 7.774E-7
1.726E+0 7.879E-7
1.731E+0 7.707E-7
1.732E+0 7.837E-7
1.737E+0 7.641E-7
1.738E+0 7.791E-7
1.741E+0 7.599E-7
1.743E+0 7.750E-7
1.745E+0 7.555E-7
1.746E+0 7.727E-7
1.750E+0 7.512E-7
1.750E+0 7.687E-7
1.754E+0 7.662E-7
1.758E+0 7.619E-7
1.763E+0 7.575E-7
1.764E+0 7.445E-7
1.764E+0 7.381E-7
1.766E+0 7.423E-7
1.767E+0 7.336E-7
1.768E+0 7.532E-7
1.769E+0 7.467E-7
1.770E+0 7.315E-7
1.771E+0 7.488E-7
1.776E+0 7.404E-7
1.779E+0 7.228E-7
1.780E+0 7.206E-7
1.783E+0 7.273E-7
1.785E+0 7.358E-7
1.787E+0 7.163E-7
1.787E+0 7.293E-7
1.790E+0 7.251E-7
1.795E+0 7.074E-7
1.798E+0 7.095E-7
1.798E+0 7.031E-7
1.799E+0 7.119E-7
1.802E+0 7.142E-7
1.803E+0 7.183E-7
1.804E+0 6.985E-7
1.814E+0 6.877E-7
1.815E+0 6.922E-7
1.816E+0 6.944E-7
1.816E+0 7.051E-7
1.818E+0 6.834E-7
1.819E+0 6.964E-7
1.825E+0 6.792E-7
1.828E+0 6.899E-7
1.835E+0 6.702E-7
1.836E+0 6.725E-7
1.836E+0 6.854E-7
1.836E+0 6.658E-7
1.838E+0 6.768E-7
1.839E+0 6.813E-7
1.840E+0 6.613E-7
1.844E+0 6.572E-7
1.848E+0 6.526E-7
1.850E+0 6.680E-7
1.851E+0 6.505E-7
1.855E+0 6.461E-7
1.856E+0 6.633E-7
1.862E+0 6.593E-7
1.863E+0 6.415E-7
1.866E+0 6.548E-7
1.867E+0 6.374E-7
1.873E+0 6.329E-7
1.873E+0 6.480E-7
1.875E+0 6.440E-7
1.878E+0 6.394E-7
1.879E+0 6.310E-7
1.881E+0 6.243E-7
1.882E+0 6.288E-7
1.882E+0 6.349E-7
1.884E+0 6.177E-7
1.888E+0 6.263E-7
1.890E+0 6.133E-7
1.897E+0 6.223E-7
1.899E+0 6.045E-7
1.901E+0 6.093E-7
1.901E+0 6.003E-7
1.902E+0 6.068E-7
1.902E+0 6.199E-7
1.905E+0 6.156E-7
1.905E+0 6.112E-7
1.909E+0 8.537E-7
1.910E+0 5.959E-7
1.919E+0 8.520E-7
1.919E+0 5.935E-7
1.919E+0 6.024E-7
1.921E+0 5.807E-7
1.922E+0 5.985E-7
1.922E+0 5.851E-7
1.923E+0 5.874E-7
1.923E+0 5.914E-7
1.926E+0 5.763E-7
1.928E+0 5.893E-7
1.936E+0 5.830E-7
1.937E+0 5.696E-7
1.939E+0 5.721E-7
1.940E+0 5.630E-7
1.943E+0 5.743E-7
1.944E+0 5.783E-7
1.948E+0 5.566E-7
1.952E+0 5.677E-7
1.955E+0 5.588E-7
1.955E+0 5.610E-7
1.956E+0 5.499E-7
1.957E+0 5.655E-7
1.958E+0 5.437E-7
1.961E+0 5.481E-7
1.967E+0 5.547E-7
1.968E+0 5.326E-7
1.968E+0 5.524E-7
1.973E+0 5.459E-7
1.973E+0 5.368E-7
1.978E+0 5.283E-7
1.980E+0 5.414E-7
1.981E+0 5.239E-7
1.982E+0 5.194E-7
1.984E+0 5.350E-7
1.984E+0 5.261E-7
1.990E+0 5.304E-7
1.992E+0 5.151E-7
1.993E+0 8.558E-7
1.996E+0 5.080E-7
1.997E+0 5.039E-7
1.998E+0 5.128E-7
2.001E+0 5.215E-7
2.002E+0 5.171E-7
2.005E+0 4.998E-7
2.005E+0 5.106E-7
2.015E+0 4.890E-7
2.015E+0 4.929E-7
2.016E+0 4.950E-7
2.016E+0 5.061E-7
2.017E+0 4.844E-7
2.019E+0 4.977E-7
2.020E+0 5.016E-7
2.024E+0 4.797E-7
2.026E+0 4.909E-7
2.032E+0 4.756E-7
2.034E+0 4.692E-7
2.036E+0 4.864E-7
2.037E+0 4.649E-7
2.038E+0 4.733E-7
2.040E+0 4.820E-7
2.041E+0 4.777E-7
2.044E+0 4.711E-7
2.049E+0 4.603E-7
2.050E+0 4.584E-7
2.051E+0 4.517E-7
2.056E+0 4.670E-7
2.058E+0 4.626E-7
2.061E+0 4.474E-7
2.063E+0 4.404E-7
2.063E+0 4.560E-7
2.068E+0 4.493E-7
2.069E+0 4.538E-7
2.072E+0 4.296E-7
2.073E+0 4.341E-7
2.074E+0 4.449E-7
2.076E+0 4.365E-7
2.079E+0 4.385E-7
2.080E+0 4.428E-7
2.084E+0 4.231E-7
2.089E+0 4.317E-7
2.092E+0 4.166E-7
2.092E+0 4.210E-7
2.094E+0 4.119E-7
2.095E+0 4.253E-7
2.095E+0 4.274E-7
2.096E+0 4.184E-7
2.099E+0 4.073E-7
2.103E+0 4.143E-7
2.104E+0 4.034E-7
2.107E+0 3.987E-7
2.109E+0 4.100E-7
2.110E+0 3.945E-7
2.112E+0 4.054E-7
2.112E+0 3.899E-7
2.116E+0 3.858E-7
2.117E+0 4.008E-7
2.120E+0 3.836E-7
2.122E+0 3.967E-7
2.124E+0 8.626E-7
2.129E+0 3.925E-7
2.133E+0 3.705E-7
2.135E+0 3.877E-7
2.135E+0 3.770E-7
2.136E+0 3.661E-7
2.137E+0 3.791E-7
2.138E+0 3.813E-7
2.142E+0 3.618E-7
2.146E+0 3.727E-7
2.147E+0 8.649E-7
2.153E+0 3.511E-7
2.154E+0 3.573E-7
2.155E+0 3.551E-7
2.158E+0 3.640E-7
2.158E+0 3.594E-7
2.159E+0 3.444E-7
2.165E+0 3.532E-7
2.165E+0 3.397E-7
2.171E+0 3.353E-7
2.174E+0 8.670E-7
2.174E+0 3.487E-7
2.174E+0 3.333E-7
2.177E+0 3.465E-7
2.179E+0 3.289E-7
2.179E+0 3.420E-7
2.182E+0 3.375E-7
2.184E+0 3.245E-7
2.186E+0 3.308E-7
2.187E+0 3.198E-7
2.191E+0 3.265E-7
2.192E+0 3.158E-7
2.195E+0 3.223E-7
2.197E+0 3.113E-7
2.200E+0 3.179E-7
2.204E+0 3.070E-7
2.204E+0 3.134E-7
2.206E+0 2.981E-7
2.208E+0 3.050E-7
2.209E+0 2.942E-7
2.211E+0 8.689E-7
2.212E+0 3.025E-7
2.214E+0 2.896E-7
2.218E+0 3.004E-7
2.225E+0 8.715E-7
2.225E+0 2.854E-7
2.227E+0 2.961E-7
2.229E+0 2.830E-7
2.231E+0 2.916E-7
2.231E+0 2.875E-7
2.232E+0 2.765E-7
2.236E+0 2.809E-7
2.237E+0 2.656E-7
2.238E+0 2.701E-7
2.240E+0 2.743E-7
2.241E+0 2.784E-7
2.242E+0 2.722E-7
2.242E+0 2.612E-7
2.251E+0 2.678E-7
2.253E+0 2.526E-7
2.253E+0 8.732E-7
2.254E+0 2.480E-7
2.257E+0 2.568E-7
2.259E+0 2.459E-7
2.260E+0 2.636E-7
2.261E+0 2.591E-7
2.262E+0 2.548E-7
2.269E+0 2.396E-7
2.270E+0 2.373E-7
2.271E+0 2.417E-7
2.272E+0 2.505E-7
2.274E+0 2.438E-7
2.276E+0 2.328E-7
2.277E+0 2.264E-7
2.280E+0 2.350E-7
2.282E+0 2.241E-7
2.287E+0 8.755E-7
2.290E+0 2.131E-7
2.291E+0 2.177E-7
2.294E+0 2.197E-7
2.294E+0 2.221E-7
2.295E+0 2.286E-7
2.295E+0 2.088E-7
2.304E+0 8.777E-7
2.305E+0 2.153E-7
2.306E+0 2.000E-7
2.309E+0 2.045E-7
2.312E+0 1.980E-7
2.313E+0 2.110E-7
2.314E+0 2.065E-7
2.314E+0 1.935E-7
2.318E+0 1.871E-7
2.321E+0 1.828E-7
2.322E+0 1.914E-7
2.326E+0 1.958E-7
2.329E+0 1.890E-7
2.332E+0 1.716E-7
2.333E+0 1.762E-7
2.334E+0 1.782E-7
2.339E+0 1.801E-7
2.339E+0 1.651E-7
2.343E+0 1.629E-7
2.347E+0 1.739E-7
2.350E+0 1.582E-7
2.354E+0 1.698E-7
2.356E+0 1.672E-7
2.357E+0 1.518E-7
2.357E+0 1.562E-7
2.358E+0 1.607E-7
2.360E+0 1.475E-7
2.360E+0 1.543E-7
2.362E+0 1.432E-7
2.366E+0 1.385E-7
2.369E+0 1.496E-7
2.371E+0 1.342E-7
2.372E+0 1.320E-7
2.376E+0 1.452E-7
2.380E+0 1.257E-7
2.380E+0 1.409E-7
2.385E+0 1.366E-7
2.386E+0 1.212E-7
2.391E+0 1.298E-7
2.392E+0 1.166E-7
2.394E+0 1.277E-7
2.397E+0 1.232E-7
2.399E+0 1.192E-7
2.400E+0 1.101E-7
2.402E+0 1.146E-7
2.405E+0 1.124E-7
2.405E+0 1.078E-7
2.407E+0 1.035E-7
2.409E+0 1.060E-7
2.409E+0 9.930E-8
2.412E+0 9.510E-8
2.416E+0 1.013E-7
2.416E+0 9.060E-8
2.420E+0 8.850E-8
2.422E+0 9.710E-8
2.424E+0 8.380E-8
2.427E+0 9.250E-8
2.429E+0 7.990E-8
2.433E+0 8.797E-7
2.434E+0 8.590E-8
2.438E+0 7.530E-8
2.438E+0 7.320E-8
2.439E+0 6.890E-8
2.439E+0 7.750E-8
2.441E+0 6.420E-8
2.444E+0 6.020E-8
2.447E+0 7.110E-8
2.448E+0 5.560E-8
2.452E+0 5.130E-8
2.455E+0 6.670E-8
2.458E+0 4.690E-8
2.460E+0 6.230E-8
2.463E+0 4.270E-8
2.466E+0 5.760E-8
2.470E+0 3.800E-8
2.471E+0 5.340E-8
2.475E+0 4.900E-8
2.476E+0 3.370E-8
2.478E+0 4.460E-8
2.480E+0 2.940E-8
2.481E+0 4.050E-8
2.483E+0 3.580E-8
2.484E+0 2.500E-8
2.487E+0 2.040E-8
2.488E+0 3.160E-8
2.492E+0 1.630E-8
2.492E+0 2.690E-8
2.496E+0 1.160E-8
2.497E+0 2.290E-8
2.499E+0 7.600E-9
2.502E+0 1.800E-8
2.503E+0 2.900E-9
2.507E+0 1.410E-8
2.512E+0 9.500E-9
2.517E+0 5.300E-9
