-4.7030E-1 -4.7720E-1
-4.7020E-1 -4.8770E-1
-4.7010E-1 -4.7700E-1
-4.7000E-1 -4.8750E-1
-4.6990E-1 -4.7670E-1
-4.6980E-1 -4.8710E-1
-4.6970E-1 -4.7670E-1
-4.6960E-1 -4.8720E-1
-4.6950E-1 -4.7620E-1
-4.6940E-1 -4.8660E-1
-4.6930E-1 -4.7610E-1
-4.6920E-1 -4.8660E-1
-4.6910E-1 -4.7580E-1
-4.6900E-1 -4.8630E-1
-4.6890E-1 -4.7590E-1
-4.6880E-1 -4.8640E-1
-4.6870E-1 -4.7540E-1
-4.6860E-1 -4.8580E-1
-4.6850E-1 -4.7530E-1
-4.6840E-1 -4.8570E-1
-4.6830E-1 -4.7490E-1
-4.6820E-1 -4.8530E-1
-4.6810E-1 -4.7500E-1
-4.6800E-1 -4.8540E-1
-4.6790E-1 -4.7450E-1
-4.6780E-1 -4.8500E-1
-4.6770E-1 -4.7450E-1
-4.6760E-1 -4.8500E-1
-4.6750E-1 -4.7430E-1
-4.6740E-1 -4.8470E-1
-4.6730E-1 -4.7440E-1
-4.6720E-1 -4.8480E-1
-4.6710E-1 -4.7390E-1
-4.6700E-1 -4.8430E-1
-4.6690E-1 -4.7370E-1
-4.6680E-1 -4.8410E-1
-4.6670E-1 -4.7340E-1
-4.6660E-1 -4.8370E-1
-4.6650E-1 -4.7340E-1
-4.6640E-1 -4.8370E-1
-4.6630E-1 -4.7290E-1
-4.6620E-1 -4.8320E-1
-4.6610E-1 -4.7280E-1
-4.6600E-1 -4.8310E-1
-4.6590E-1 -4.7250E-1
-4.6580E-1 -4.8280E-1
-4.6570E-1 -4.7260E-1
-4.6560E-1 -4.8290E-1
-4.6550E-1 -4.7200E-1
-4.6540E-1 -4.8240E-1
-4.6530E-1 -4.7190E-1
-4.6520E-1 -4.8230E-1
-4.6510E-1 -4.7160E-1
-4.6500E-1 -4.8190E-1
-4.6490E-1 -4.7160E-1
-4.6480E-1 -4.8190E-1
-4.6470E-1 -4.7110E-1
-4.6460E-1 -4.8150E-1
-4.6450E-1 -4.7110E-1
-4.6440E-1 -4.8150E-1
-4.6430E-1 -4.7090E-1
-4.6420E-1 -4.8120E-1
-4.6410E-1 -4.7100E-1
-4.6400E-1 -4.8130E-1
-4.6390E-1 -4.7040E-1
-4.6380E-1 -4.8070E-1
-4.6370E-1 -4.7030E-1
-4.6360E-1 -4.8060E-1
-4.6350E-1 -4.6990E-1
-4.6340E-1 -4.8030E-1
-4.6330E-1 -4.7000E-1
-4.6320E-1 -4.8030E-1
-4.6310E-1 -4.6950E-1
-4.6300E-1 -4.7980E-1
-4.6290E-1 -4.6940E-1
-4.6280E-1 -4.7970E-1
-4.6270E-1 -4.6910E-1
-4.6260E-1 -4.7950E-1
-4.6250E-1 -4.6920E-1
-4.6240E-1 -4.7960E-1
-4.6230E-1 -4.6870E-1
-4.6220E-1 -4.7900E-1
-4.6210E-1 -4.6860E-1
-4.6200E-1 -4.7890E-1
-4.6190E-1 -4.6830E-1
-4.6180E-1 -4.7860E-1
-4.6170E-1 -4.6840E-1
-4.6160E-1 -4.7870E-1
-4.6150E-1 -4.6790E-1
-4.6140E-1 -4.7820E-1
-4.6130E-1 -4.6790E-1
-4.6120E-1 -4.7820E-1
-4.6110E-1 -4.6770E-1
-4.6100E-1 -4.7790E-1
-4.6090E-1 -4.6780E-1
-4.6080E-1 -4.7820E-1
-4.6070E-1 -4.6820E-1
-4.6060E-1 -4.7850E-1
-4.6050E-1 -4.6800E-1
-4.6040E-1 -4.7840E-1
-4.6030E-1 -4.6760E-1
-4.6020E-1 -4.7790E-1
-4.6010E-1 -4.6760E-1
-4.6000E-1 -4.7790E-1
-4.5990E-1 -4.6700E-1
-4.5980E-1 -4.7740E-1
-4.5970E-1 -4.6700E-1
-4.5960E-1 -4.7720E-1
-4.5950E-1 -4.6660E-1
-4.5940E-1 -4.7690E-1
-4.5930E-1 -4.6670E-1
-4.5920E-1 -4.7700E-1
-4.5910E-1 -4.6620E-1
-4.5900E-1 -4.7640E-1
-4.5890E-1 -4.6600E-1
-4.5880E-1 -4.7630E-1
-4.5870E-1 -4.6560E-1
-4.5860E-1 -4.7590E-1
-4.5850E-1 -4.6570E-1
-4.5840E-1 -4.7600E-1
-4.5830E-1 -4.6520E-1
-4.5820E-1 -4.7540E-1
-4.5810E-1 -4.6520E-1
-4.5800E-1 -4.7540E-1
-4.5790E-1 -4.6490E-1
-4.5780E-1 -4.7510E-1
-4.5770E-1 -4.6500E-1
-4.5760E-1 -4.7520E-1
-4.5750E-1 -4.6440E-1
-4.5740E-1 -4.7470E-1
-4.5730E-1 -4.6420E-1
-4.5720E-1 -4.7450E-1
-4.5710E-1 -4.6390E-1
-4.5700E-1 -4.7410E-1
-4.5690E-1 -4.6390E-1
-4.5680E-1 -4.7410E-1
-4.5670E-1 -4.6340E-1
-4.5660E-1 -4.7360E-1
-4.5650E-1 -4.6330E-1
-4.5640E-1 -4.7350E-1
-4.5630E-1 -4.6300E-1
-4.5620E-1 -4.7320E-1
-4.5610E-1 -4.6310E-1
-4.5600E-1 -4.7330E-1
-4.5590E-1 -4.6250E-1
-4.5580E-1 -4.7270E-1
-4.5570E-1 -4.6250E-1
-4.5560E-1 -4.7260E-1
-4.5550E-1 -4.6210E-1
-4.5540E-1 -4.7230E-1
-4.5530E-1 -4.6210E-1
-4.5520E-1 -4.7240E-1
-4.5510E-1 -4.6170E-1
-4.5500E-1 -4.7190E-1
-4.5490E-1 -4.6170E-1
-4.5480E-1 -4.7180E-1
-4.5470E-1 -4.6140E-1
-4.5460E-1 -4.7160E-1
-4.5450E-1 -4.6160E-1
-4.5440E-1 -4.7180E-1
-4.5430E-1 -4.6110E-1
-4.5420E-1 -4.7120E-1
-4.5410E-1 -4.6090E-1
-4.5400E-1 -4.7100E-1
-4.5390E-1 -4.6050E-1
-4.5380E-1 -4.7060E-1
-4.5370E-1 -4.6050E-1
-4.5360E-1 -4.7060E-1
-4.5350E-1 -4.6000E-1
-4.5340E-1 -4.7010E-1
-4.5330E-1 -4.5990E-1
-4.5320E-1 -4.7000E-1
-4.5310E-1 -4.5960E-1
-4.5300E-1 -4.6970E-1
-4.5290E-1 -4.5970E-1
-4.5280E-1 -4.6980E-1
-4.5270E-1 -4.5920E-1
-4.5260E-1 -4.6920E-1
-4.5250E-1 -4.5890E-1
-4.5240E-1 -4.6910E-1
-4.5230E-1 -4.5860E-1
-4.5220E-1 -4.6880E-1
-4.5210E-1 -4.5870E-1
-4.5200E-1 -4.6880E-1
-4.5190E-1 -4.5820E-1
-4.5180E-1 -4.6830E-1
-4.5170E-1 -4.5820E-1
-4.5160E-1 -4.6830E-1
-4.5150E-1 -4.5790E-1
-4.5140E-1 -4.6800E-1
-4.5130E-1 -4.5800E-1
-4.5120E-1 -4.6810E-1
-4.5110E-1 -4.5750E-1
-4.5100E-1 -4.6760E-1
-4.5090E-1 -4.5730E-1
-4.5080E-1 -4.6740E-1
-4.5070E-1 -4.5700E-1
-4.5060E-1 -4.6700E-1
-4.5050E-1 -4.5700E-1
-4.5040E-1 -4.6700E-1
-4.5030E-1 -4.5650E-1
-4.5020E-1 -4.6660E-1
-4.5010E-1 -4.5640E-1
-4.5000E-1 -4.6650E-1
-4.4990E-1 -4.5610E-1
-4.4980E-1 -4.6620E-1
-4.4970E-1 -4.5620E-1
-4.4960E-1 -4.6630E-1
-4.4950E-1 -4.5570E-1
-4.4940E-1 -4.6570E-1
-4.4930E-1 -4.5560E-1
-4.4920E-1 -4.6570E-1
-4.4910E-1 -4.5520E-1
-4.4900E-1 -4.6530E-1
-4.4890E-1 -4.5530E-1
-4.4880E-1 -4.6540E-1
-4.4870E-1 -4.5490E-1
-4.4860E-1 -4.6490E-1
-4.4850E-1 -4.5490E-1
-4.4840E-1 -4.6490E-1
-4.4830E-1 -4.5460E-1
-4.4820E-1 -4.6470E-1
-4.4810E-1 -4.5480E-1
-4.4800E-1 -4.6480E-1
-4.4790E-1 -4.5440E-1
-4.4780E-1 -4.6430E-1
-4.4770E-1 -4.5420E-1
-4.4760E-1 -4.6420E-1
-4.4750E-1 -4.5380E-1
-4.4740E-1 -4.6380E-1
-4.4730E-1 -4.5380E-1
-4.4720E-1 -4.6370E-1
-4.4710E-1 -4.5330E-1
-4.4700E-1 -4.6320E-1
-4.4690E-1 -4.5320E-1
-4.4680E-1 -4.6320E-1
-4.4670E-1 -4.5290E-1
-4.4660E-1 -4.6280E-1
-4.4650E-1 -4.5290E-1
-4.4640E-1 -4.6290E-1
-4.4630E-1 -4.5240E-1
-4.4620E-1 -4.6240E-1
-4.4610E-1 -4.5220E-1
-4.4600E-1 -4.6220E-1
-4.4590E-1 -4.5190E-1
-4.4580E-1 -4.6180E-1
-4.4570E-1 -4.5190E-1
-4.4560E-1 -4.6190E-1
-4.4550E-1 -4.5150E-1
-4.4540E-1 -4.6140E-1
-4.4530E-1 -4.5140E-1
-4.4520E-1 -4.6140E-1
-4.4510E-1 -4.5110E-1
-4.4500E-1 -4.6110E-1
-4.4490E-1 -4.5130E-1
-4.4480E-1 -4.6120E-1
-4.4470E-1 -4.5070E-1
-4.4460E-1 -4.6060E-1
-4.4450E-1 -4.5050E-1
-4.4440E-1 -4.6050E-1
-4.4430E-1 -4.5020E-1
-4.4420E-1 -4.6010E-1
-4.4410E-1 -4.5010E-1
-4.4400E-1 -4.6010E-1
-4.4390E-1 -4.4970E-1
-4.4380E-1 -4.5960E-1
-4.4370E-1 -4.4960E-1
-4.4360E-1 -4.5950E-1
-4.4350E-1 -4.4930E-1
-4.4340E-1 -4.5920E-1
-4.4330E-1 -4.4940E-1
-4.4320E-1 -4.5930E-1
-4.4310E-1 -4.4890E-1
-4.4300E-1 -4.5880E-1
-4.4290E-1 -4.4880E-1
-4.4280E-1 -4.5870E-1
-4.4270E-1 -4.4840E-1
-4.4260E-1 -4.5830E-1
-4.4250E-1 -4.4850E-1
-4.4240E-1 -4.5840E-1
-4.4230E-1 -4.4800E-1
-4.4220E-1 -4.5790E-1
-4.4210E-1 -4.4800E-1
-4.4200E-1 -4.5790E-1
-4.4190E-1 -4.4780E-1
-4.4180E-1 -4.5760E-1
-4.4170E-1 -4.4790E-1
-4.4160E-1 -4.5780E-1
-4.4150E-1 -4.4740E-1
-4.4140E-1 -4.5730E-1
-4.4130E-1 -4.4720E-1
-4.4120E-1 -4.5710E-1
-4.4110E-1 -4.4690E-1
-4.4100E-1 -4.5670E-1
-4.4090E-1 -4.4680E-1
-4.4080E-1 -4.5670E-1
-4.4070E-1 -4.4640E-1
-4.4060E-1 -4.5620E-1
-4.4050E-1 -4.4630E-1
-4.4040E-1 -4.5610E-1
-4.4030E-1 -4.4600E-1
-4.4020E-1 -4.5580E-1
-4.4010E-1 -4.4610E-1
-4.4000E-1 -4.5590E-1
-4.3990E-1 -4.4550E-1
-4.3980E-1 -4.5530E-1
-4.3970E-1 -4.4540E-1
-4.3960E-1 -4.5520E-1
-4.3950E-1 -4.4510E-1
-4.3940E-1 -4.5490E-1
-4.3930E-1 -4.4510E-1
-4.3920E-1 -4.5490E-1
-4.3910E-1 -4.4470E-1
-4.3900E-1 -4.5440E-1
-4.3890E-1 -4.4460E-1
-4.3880E-1 -4.5440E-1
-4.3870E-1 -4.4430E-1
-4.3860E-1 -4.5410E-1
-4.3850E-1 -4.4450E-1
-4.3840E-1 -4.5420E-1
-4.3830E-1 -4.4400E-1
-4.3820E-1 -4.5380E-1
-4.3810E-1 -4.4380E-1
-4.3800E-1 -4.5360E-1
-4.3790E-1 -4.4340E-1
-4.3780E-1 -4.5320E-1
-4.3770E-1 -4.4340E-1
-4.3760E-1 -4.5320E-1
-4.3750E-1 -4.4300E-1
-4.3740E-1 -4.5280E-1
-4.3730E-1 -4.4290E-1
-4.3720E-1 -4.5270E-1
-4.3710E-1 -4.4260E-1
-4.3700E-1 -4.5240E-1
-4.3690E-1 -4.4270E-1
-4.3680E-1 -4.5250E-1
-4.3670E-1 -4.4220E-1
-4.3660E-1 -4.5200E-1
-4.3650E-1 -4.4210E-1
-4.3640E-1 -4.5190E-1
-4.3630E-1 -4.4180E-1
-4.3620E-1 -4.5160E-1
-4.3610E-1 -4.4180E-1
-4.3600E-1 -4.5160E-1
-4.3590E-1 -4.4140E-1
-4.3580E-1 -4.5120E-1
-4.3570E-1 -4.4140E-1
-4.3560E-1 -4.5120E-1
-4.3550E-1 -4.4120E-1
-4.3540E-1 -4.5090E-1
-4.3530E-1 -4.4130E-1
-4.3520E-1 -4.5110E-1
-4.3510E-1 -4.4150E-1
-4.3500E-1 -4.5130E-1
-4.3490E-1 -4.4130E-1
-4.3480E-1 -4.5110E-1
-4.3470E-1 -4.4090E-1
-4.3460E-1 -4.5070E-1
-4.3450E-1 -4.4080E-1
-4.3440E-1 -4.5060E-1
-4.3430E-1 -4.4040E-1
-4.3420E-1 -4.5010E-1
-4.3410E-1 -4.4030E-1
-4.3400E-1 -4.5000E-1
-4.3390E-1 -4.4000E-1
-4.3380E-1 -4.4970E-1
-4.3370E-1 -4.4000E-1
-4.3360E-1 -4.4980E-1
-4.3350E-1 -4.3950E-1
-4.3340E-1 -4.4920E-1
-4.3330E-1 -4.3930E-1
-4.3320E-1 -4.4900E-1
-4.3310E-1 -4.3900E-1
-4.3300E-1 -4.4870E-1
-4.3290E-1 -4.3900E-1
-4.3280E-1 -4.4870E-1
-4.3270E-1 -4.3850E-1
-4.3260E-1 -4.4820E-1
-4.3250E-1 -4.3850E-1
-4.3240E-1 -4.4820E-1
-4.3230E-1 -4.3820E-1
-4.3220E-1 -4.4790E-1
-4.3210E-1 -4.3830E-1
-4.3200E-1 -4.4800E-1
-4.3190E-1 -4.3780E-1
-4.3180E-1 -4.4740E-1
-4.3170E-1 -4.3760E-1
-4.3160E-1 -4.4730E-1
-4.3150E-1 -4.3720E-1
-4.3140E-1 -4.4690E-1
-4.3130E-1 -4.3720E-1
-4.3120E-1 -4.4690E-1
-4.3110E-1 -4.3670E-1
-4.3100E-1 -4.4640E-1
-4.3090E-1 -4.3660E-1
-4.3080E-1 -4.4630E-1
-4.3070E-1 -4.3630E-1
-4.3060E-1 -4.4600E-1
-4.3050E-1 -4.3640E-1
-4.3040E-1 -4.4610E-1
-4.3030E-1 -4.3590E-1
-4.3020E-1 -4.4550E-1
-4.3010E-1 -4.3580E-1
-4.3000E-1 -4.4540E-1
-4.2990E-1 -4.3540E-1
-4.2980E-1 -4.4510E-1
-4.2970E-1 -4.3550E-1
-4.2960E-1 -4.4510E-1
-4.2950E-1 -4.3510E-1
-4.2940E-1 -4.4470E-1
-4.2930E-1 -4.3500E-1
-4.2920E-1 -4.4470E-1
-4.2910E-1 -4.3470E-1
-4.2900E-1 -4.4440E-1
-4.2890E-1 -4.3490E-1
-4.2880E-1 -4.4450E-1
-4.2870E-1 -4.3440E-1
-4.2860E-1 -4.4400E-1
-4.2850E-1 -4.3420E-1
-4.2840E-1 -4.4380E-1
-4.2830E-1 -4.3380E-1
-4.2820E-1 -4.4340E-1
-4.2810E-1 -4.3370E-1
-4.2800E-1 -4.4340E-1
-4.2790E-1 -4.3330E-1
-4.2780E-1 -4.4290E-1
-4.2770E-1 -4.3320E-1
-4.2760E-1 -4.4280E-1
-4.2750E-1 -4.3290E-1
-4.2740E-1 -4.4250E-1
-4.2730E-1 -4.3290E-1
-4.2720E-1 -4.4250E-1
-4.2710E-1 -4.3250E-1
-4.2700E-1 -4.4200E-1
-4.2690E-1 -4.3230E-1
-4.2680E-1 -4.4190E-1
-4.2670E-1 -4.3200E-1
-4.2660E-1 -4.4150E-1
-4.2650E-1 -4.3200E-1
-4.2640E-1 -4.4160E-1
-4.2630E-1 -4.3150E-1
-4.2620E-1 -4.4110E-1
-4.2610E-1 -4.3150E-1
-4.2600E-1 -4.4110E-1
-4.2590E-1 -4.3130E-1
-4.2580E-1 -4.4080E-1
-4.2570E-1 -4.3140E-1
-4.2560E-1 -4.4090E-1
-4.2550E-1 -4.3080E-1
-4.2540E-1 -4.4030E-1
-4.2530E-1 -4.3070E-1
-4.2520E-1 -4.4020E-1
-4.2510E-1 -4.3030E-1
-4.2500E-1 -4.3980E-1
-4.2490E-1 -4.3030E-1
-4.2480E-1 -4.3980E-1
-4.2470E-1 -4.2980E-1
-4.2460E-1 -4.3930E-1
-4.2450E-1 -4.2980E-1
-4.2440E-1 -4.3930E-1
-4.2430E-1 -4.2950E-1
-4.2420E-1 -4.3900E-1
-4.2410E-1 -4.2960E-1
-4.2400E-1 -4.3910E-1
-4.2390E-1 -4.2910E-1
-4.2380E-1 -4.3860E-1
-4.2370E-1 -4.2900E-1
-4.2360E-1 -4.3850E-1
-4.2350E-1 -4.2860E-1
-4.2340E-1 -4.3810E-1
-4.2330E-1 -4.2870E-1
-4.2320E-1 -4.3820E-1
-4.2310E-1 -4.2820E-1
-4.2300E-1 -4.3770E-1
-4.2290E-1 -4.2820E-1
-4.2280E-1 -4.3770E-1
-4.2270E-1 -4.2800E-1
-4.2260E-1 -4.3740E-1
-4.2250E-1 -4.2810E-1
-4.2240E-1 -4.3760E-1
-4.2230E-1 -4.2770E-1
-4.2220E-1 -4.3720E-1
-4.2210E-1 -4.2750E-1
-4.2200E-1 -4.3700E-1
-4.2190E-1 -4.2720E-1
-4.2180E-1 -4.3660E-1
-4.2170E-1 -4.2710E-1
-4.2160E-1 -4.3660E-1
-4.2150E-1 -4.2660E-1
-4.2140E-1 -4.3600E-1
-4.2130E-1 -4.2650E-1
-4.2120E-1 -4.3590E-1
-4.2110E-1 -4.2620E-1
-4.2100E-1 -4.3560E-1
-4.2090E-1 -4.2620E-1
-4.2080E-1 -4.3570E-1
-4.2070E-1 -4.2570E-1
-4.2060E-1 -4.3510E-1
-4.2050E-1 -4.2560E-1
-4.2040E-1 -4.3500E-1
-4.2030E-1 -4.2520E-1
-4.2020E-1 -4.3470E-1
-4.2010E-1 -4.2520E-1
-4.2000E-1 -4.3470E-1
-4.1990E-1 -4.2480E-1
-4.1980E-1 -4.3420E-1
-4.1970E-1 -4.2470E-1
-4.1960E-1 -4.3420E-1
-4.1950E-1 -4.2450E-1
-4.1940E-1 -4.3390E-1
-4.1930E-1 -4.2450E-1
-4.1920E-1 -4.3400E-1
-4.1910E-1 -4.2410E-1
-4.1900E-1 -4.3340E-1
-4.1890E-1 -4.2390E-1
-4.1880E-1 -4.3320E-1
-4.1870E-1 -4.2350E-1
-4.1860E-1 -4.3290E-1
-4.1850E-1 -4.2350E-1
-4.1840E-1 -4.3280E-1
-4.1830E-1 -4.2300E-1
-4.1820E-1 -4.3240E-1
-4.1810E-1 -4.2300E-1
-4.1800E-1 -4.3230E-1
-4.1790E-1 -4.2270E-1
-4.1780E-1 -4.3200E-1
-4.1770E-1 -4.2280E-1
-4.1760E-1 -4.3210E-1
-4.1750E-1 -4.2220E-1
-4.1740E-1 -4.3160E-1
-4.1730E-1 -4.2210E-1
-4.1720E-1 -4.3150E-1
-4.1710E-1 -4.2180E-1
-4.1700E-1 -4.3110E-1
-4.1690E-1 -4.2190E-1
-4.1680E-1 -4.3120E-1
-4.1670E-1 -4.2140E-1
-4.1660E-1 -4.3070E-1
-4.1650E-1 -4.2140E-1
-4.1640E-1 -4.3070E-1
-4.1630E-1 -4.2110E-1
-4.1620E-1 -4.3040E-1
-4.1610E-1 -4.2120E-1
-4.1600E-1 -4.3060E-1
-4.1590E-1 -4.2080E-1
-4.1580E-1 -4.3010E-1
-4.1570E-1 -4.2060E-1
-4.1560E-1 -4.2990E-1
-4.1550E-1 -4.2020E-1
-4.1540E-1 -4.2950E-1
-4.1530E-1 -4.2020E-1
-4.1520E-1 -4.2950E-1
-4.1510E-1 -4.1970E-1
-4.1500E-1 -4.2900E-1
-4.1490E-1 -4.1960E-1
-4.1480E-1 -4.2890E-1
-4.1470E-1 -4.1930E-1
-4.1460E-1 -4.2860E-1
-4.1450E-1 -4.1940E-1
-4.1440E-1 -4.2870E-1
-4.1430E-1 -4.1890E-1
-4.1420E-1 -4.2810E-1
-4.1410E-1 -4.1880E-1
-4.1400E-1 -4.2800E-1
-4.1390E-1 -4.1840E-1
-4.1380E-1 -4.2760E-1
-4.1370E-1 -4.1840E-1
-4.1360E-1 -4.2770E-1
-4.1350E-1 -4.1800E-1
-4.1340E-1 -4.2720E-1
-4.1330E-1 -4.1800E-1
-4.1320E-1 -4.2720E-1
-4.1310E-1 -4.1770E-1
-4.1300E-1 -4.2690E-1
-4.1290E-1 -4.1780E-1
-4.1280E-1 -4.2700E-1
-4.1270E-1 -4.1730E-1
-4.1260E-1 -4.2650E-1
-4.1250E-1 -4.1720E-1
-4.1240E-1 -4.2630E-1
-4.1230E-1 -4.1680E-1
-4.1220E-1 -4.2600E-1
-4.1210E-1 -4.1680E-1
-4.1200E-1 -4.2600E-1
-4.1190E-1 -4.1640E-1
-4.1180E-1 -4.2550E-1
-4.1170E-1 -4.1630E-1
-4.1160E-1 -4.2550E-1
-4.1150E-1 -4.1600E-1
-4.1140E-1 -4.2520E-1
-4.1130E-1 -4.1610E-1
-4.1120E-1 -4.2520E-1
-4.1110E-1 -4.1560E-1
-4.1100E-1 -4.2470E-1
-4.1090E-1 -4.1550E-1
-4.1080E-1 -4.2460E-1
-4.1070E-1 -4.1520E-1
-4.1060E-1 -4.2430E-1
-4.1050E-1 -4.1520E-1
-4.1040E-1 -4.2430E-1
-4.1030E-1 -4.1480E-1
-4.1020E-1 -4.2390E-1
-4.1010E-1 -4.1480E-1
-4.1000E-1 -4.2380E-1
