-1.0130E+0 -1.0451E+0
-1.0127E+0 -1.0226E+0
-1.0124E+0 -1.0447E+0
-1.0121E+0 -1.0225E+0
-1.0118E+0 -1.0440E+0
-1.0115E+0 -1.0218E+0
-1.0112E+0 -1.0446E+0
-1.0109E+0 -1.0213E+0
-1.0106E+0 -1.0428E+0
-1.0103E+0 -1.0201E+0
-1.0100E+0 -1.0421E+0
-1.0097E+0 -1.0201E+0
-1.0094E+0 -1.0412E+0
-1.0091E+0 -1.0186E+0
-1.0088E+0 -1.0409E+0
-1.0085E+0 -1.0183E+0
-1.0082E+0 -1.0400E+0
-1.0079E+0 -1.0175E+0
-1.0076E+0 -1.0393E+0
-1.0073E+0 -1.0171E+0
-1.0070E+0 -1.0383E+0
-1.0067E+0 -1.0160E+0
-1.0064E+0 -1.0385E+0
-1.0061E+0 -1.0155E+0
-1.0058E+0 -1.0370E+0
-1.0055E+0 -1.0147E+0
-1.0052E+0 -1.0369E+0
-1.0049E+0 -1.0152E+0
-1.0046E+0 -1.0363E+0
-1.0043E+0 -1.0136E+0
-1.0040E+0 -1.0357E+0
-1.0037E+0 -1.0130E+0
-1.0034E+0 -1.0345E+0
-1.0031E+0 -1.0122E+0
-1.0028E+0 -1.0340E+0
-1.0025E+0 -1.0120E+0
-1.0022E+0 -1.0332E+0
-1.0019E+0 -1.0111E+0
-1.0016E+0 -1.0336E+0
-1.0013E+0 -1.0107E+0
-1.0010E+0 -1.0319E+0
-1.0007E+0 -1.0096E+0
-1.0004E+0 -1.0316E+0
-1.0001E+0 -1.0099E+0
-1.0000E+0 -1.0317E+0
-9.9990E-1 -1.0091E+0
-9.9980E-1 -1.0308E+0
-9.9970E-1 -1.0090E+0
-9.9960E-1 -1.0309E+0
-9.9950E-1 -1.0086E+0
-9.9940E-1 -1.0304E+0
-9.9930E-1 -1.0090E+0
-9.9920E-1 -1.0308E+0
-9.9910E-1 -1.0083E+0
-9.9900E-1 -1.0301E+0
-9.9890E-1 -1.0086E+0
-9.9880E-1 -1.0304E+0
-9.9870E-1 -1.0083E+0
-9.9860E-1 -1.0301E+0
-9.9850E-1 -1.0089E+0
-9.9840E-1 -1.0308E+0
-9.9830E-1 -1.0088E+0
-9.9820E-1 -1.0307E+0
-9.9810E-1 -1.0087E+0
-9.9800E-1 -1.0305E+0
-9.9790E-1 -1.0080E+0
-9.9780E-1 -1.0299E+0
-9.9770E-1 -1.0083E+0
-9.9760E-1 -1.0301E+0
-9.9750E-1 -1.0074E+0
-9.9740E-1 -1.0292E+0
-9.9730E-1 -1.0074E+0
-9.9720E-1 -1.0292E+0
-9.9710E-1 -1.0070E+0
-9.9700E-1 -1.0288E+0
-9.9690E-1 -1.0074E+0
-9.9680E-1 -1.0292E+0
-9.9670E-1 -1.0065E+0
-9.9660E-1 -1.0282E+0
-9.9650E-1 -1.0064E+0
-9.9640E-1 -1.0281E+0
-9.9630E-1 -1.0058E+0
-9.9620E-1 -1.0276E+0
-9.9610E-1 -1.0061E+0
-9.9600E-1 -1.0279E+0
-9.9590E-1 -1.0054E+0
-9.9580E-1 -1.0272E+0
-9.9570E-1 -1.0055E+0
-9.9560E-1 -1.0273E+0
-9.9550E-1 -1.0052E+0
-9.9540E-1 -1.0270E+0
-9.9530E-1 -1.0057E+0
-9.9520E-1 -1.0275E+0
-9.9510E-1 -1.0047E+0
-9.9500E-1 -1.0265E+0
-9.9490E-1 -1.0046E+0
-9.9480E-1 -1.0263E+0
-9.9470E-1 -1.0041E+0
-9.9460E-1 -1.0258E+0
-9.9450E-1 -1.0043E+0
-9.9440E-1 -1.0260E+0
-9.9430E-1 -1.0036E+0
-9.9420E-1 -1.0252E+0
-9.9410E-1 -1.0036E+0
-9.9400E-1 -1.0253E+0
-9.9390E-1 -1.0032E+0
-9.9380E-1 -1.0249E+0
-9.9370E-1 -1.0036E+0
-9.9360E-1 -1.0254E+0
-9.9350E-1 -1.0027E+0
-9.9340E-1 -1.0245E+0
-9.9330E-1 -1.0027E+0
-9.9320E-1 -1.0244E+0
-9.9310E-1 -1.0022E+0
-9.9300E-1 -1.0240E+0
-9.9290E-1 -1.0026E+0
-9.9280E-1 -1.0243E+0
-9.9270E-1 -1.0019E+0
-9.9260E-1 -1.0236E+0
-9.9250E-1 -1.0021E+0
-9.9240E-1 -1.0238E+0
-9.9230E-1 -1.0018E+0
-9.9220E-1 -1.0235E+0
-9.9210E-1 -1.0024E+0
-9.9200E-1 -1.0240E+0
-9.9190E-1 -1.0014E+0
-9.9180E-1 -1.0231E+0
-9.9170E-1 -1.0012E+0
-9.9160E-1 -1.0229E+0
-9.9150E-1 -1.0007E+0
-9.9140E-1 -1.0223E+0
-9.9130E-1 -1.0009E+0
-9.9120E-1 -1.0225E+0
-9.9110E-1 -1.0001E+0
-9.9100E-1 -1.0217E+0
-9.9090E-1 -1.0001E+0
-9.9080E-1 -1.0217E+0
-9.9070E-1 -9.9970E-1
-9.9060E-1 -1.0214E+0
-9.9050E-1 -1.0001E+0
-9.9040E-1 -1.0218E+0
-9.9030E-1 -9.9920E-1
-9.9020E-1 -1.0208E+0
-9.9010E-1 -9.9920E-1
-9.9000E-1 -1.0208E+0
-9.8990E-1 -9.9870E-1
-9.8980E-1 -1.0203E+0
-9.8970E-1 -9.9900E-1
-9.8960E-1 -1.0206E+0
-9.8950E-1 -9.9830E-1
-9.8940E-1 -1.0199E+0
-9.8930E-1 -9.9840E-1
-9.8920E-1 -1.0200E+0
-9.8910E-1 -9.9810E-1
-9.8900E-1 -1.0197E+0
-9.8890E-1 -9.9860E-1
-9.8880E-1 -1.0203E+0
-9.8870E-1 -9.9770E-1
-9.8860E-1 -1.0193E+0
-9.8850E-1 -9.9760E-1
-9.8840E-1 -1.0192E+0
-9.8830E-1 -9.9710E-1
-9.8820E-1 -1.0187E+0
-9.8810E-1 -9.9740E-1
-9.8800E-1 -1.0189E+0
-9.8790E-1 -9.9660E-1
-9.8780E-1 -1.0182E+0
-9.8770E-1 -9.9670E-1
-9.8760E-1 -1.0182E+0
-9.8750E-1 -9.9630E-1
-9.8740E-1 -1.0179E+0
-9.8730E-1 -9.9680E-1
-9.8720E-1 -1.0184E+0
-9.8710E-1 -9.9600E-1
-9.8700E-1 -1.0175E+0
-9.8690E-1 -9.9600E-1
-9.8680E-1 -1.0175E+0
-9.8670E-1 -9.9550E-1
-9.8660E-1 -1.0170E+0
-9.8650E-1 -9.9590E-1
-9.8640E-1 -1.0174E+0
-9.8630E-1 -9.9520E-1
-9.8620E-1 -1.0167E+0
-9.8610E-1 -9.9540E-1
-9.8600E-1 -1.0170E+0
-9.8590E-1 -9.9510E-1
-9.8580E-1 -1.0167E+0
-9.8570E-1 -9.9570E-1
-9.8560E-1 -1.0173E+0
-9.8550E-1 -9.9490E-1
-9.8540E-1 -1.0164E+0
-9.8530E-1 -9.9470E-1
-9.8520E-1 -1.0162E+0
-9.8510E-1 -9.9410E-1
-9.8500E-1 -1.0156E+0
-9.8490E-1 -9.9430E-1
-9.8480E-1 -1.0158E+0
-9.8470E-1 -9.9350E-1
-9.8460E-1 -1.0150E+0
-9.8450E-1 -9.9350E-1
-9.8440E-1 -1.0150E+0
-9.8430E-1 -9.9310E-1
-9.8420E-1 -1.0146E+0
-9.8410E-1 -9.9350E-1
-9.8400E-1 -1.0150E+0
-9.8390E-1 -9.9260E-1
-9.8380E-1 -1.0140E+0
-9.8370E-1 -9.9250E-1
-9.8360E-1 -1.0140E+0
-9.8350E-1 -9.9200E-1
-9.8340E-1 -1.0134E+0
-9.8330E-1 -9.9230E-1
-9.8320E-1 -1.0138E+0
-9.8310E-1 -9.9160E-1
-9.8300E-1 -1.0130E+0
-9.8290E-1 -9.9170E-1
-9.8280E-1 -1.0131E+0
-9.8270E-1 -9.9140E-1
-9.8260E-1 -1.0129E+0
-9.8250E-1 -9.9190E-1
-9.8240E-1 -1.0134E+0
-9.8230E-1 -9.9100E-1
-9.8220E-1 -1.0124E+0
-9.8210E-1 -9.9080E-1
-9.8200E-1 -1.0123E+0
-9.8190E-1 -9.9030E-1
-9.8180E-1 -1.0117E+0
-9.8170E-1 -9.9060E-1
-9.8160E-1 -1.0120E+0
-9.8150E-1 -9.8980E-1
-9.8140E-1 -1.0112E+0
-9.8130E-1 -9.8980E-1
-9.8120E-1 -1.0113E+0
-9.8110E-1 -9.8950E-1
-9.8100E-1 -1.0109E+0
-9.8090E-1 -9.9000E-1
-9.8080E-1 -1.0114E+0
-9.8070E-1 -9.8910E-1
-9.8060E-1 -1.0105E+0
-9.8050E-1 -9.8910E-1
-9.8040E-1 -1.0105E+0
-9.8030E-1 -9.8860E-1
-9.8020E-1 -1.0100E+0
-9.8010E-1 -9.8900E-1
-9.8000E-1 -1.0103E+0
-9.7990E-1 -9.8830E-1
-9.7980E-1 -1.0097E+0
-9.7970E-1 -9.8840E-1
-9.7960E-1 -1.0098E+0
-9.7950E-1 -9.8820E-1
-9.7940E-1 -1.0096E+0
-9.7930E-1 -9.8870E-1
-9.7920E-1 -1.0102E+0
-9.7910E-1 -9.8790E-1
-9.7900E-1 -1.0092E+0
-9.7890E-1 -9.8770E-1
-9.7880E-1 -1.0091E+0
-9.7870E-1 -9.8710E-1
-9.7860E-1 -1.0085E+0
-9.7850E-1 -9.8730E-1
-9.7840E-1 -1.0087E+0
-9.7830E-1 -9.8660E-1
-9.7820E-1 -1.0079E+0
-9.7810E-1 -9.8660E-1
-9.7800E-1 -1.0080E+0
-9.7790E-1 -9.8620E-1
-9.7780E-1 -1.0076E+0
-9.7770E-1 -9.8660E-1
-9.7760E-1 -1.0080E+0
-9.7750E-1 -9.8580E-1
-9.7740E-1 -1.0071E+0
-9.7730E-1 -9.8570E-1
-9.7720E-1 -1.0070E+0
-9.7710E-1 -9.8520E-1
-9.7700E-1 -1.0065E+0
-9.7690E-1 -9.8550E-1
-9.7680E-1 -1.0069E+0
-9.7670E-1 -9.8490E-1
-9.7660E-1 -1.0062E+0
-9.7650E-1 -9.8500E-1
-9.7640E-1 -1.0063E+0
-9.7630E-1 -9.8470E-1
-9.7620E-1 -1.0060E+0
-9.7610E-1 -9.8520E-1
-9.7600E-1 -1.0066E+0
-9.7590E-1 -9.8430E-1
-9.7580E-1 -1.0057E+0
-9.7570E-1 -9.8420E-1
-9.7560E-1 -1.0055E+0
-9.7550E-1 -9.8370E-1
-9.7540E-1 -1.0050E+0
-9.7530E-1 -9.8390E-1
-9.7520E-1 -1.0053E+0
-9.7510E-1 -9.8330E-1
-9.7500E-1 -1.0045E+0
-9.7490E-1 -9.8340E-1
-9.7480E-1 -1.0046E+0
-9.7470E-1 -9.8300E-1
-9.7460E-1 -1.0043E+0
-9.7450E-1 -9.8350E-1
-9.7440E-1 -1.0048E+0
-9.7430E-1 -9.8270E-1
-9.7420E-1 -1.0039E+0
-9.7410E-1 -9.8260E-1
-9.7400E-1 -1.0039E+0
-9.7390E-1 -9.8220E-1
-9.7380E-1 -1.0035E+0
-9.7370E-1 -9.8260E-1
-9.7360E-1 -1.0039E+0
-9.7350E-1 -9.8200E-1
-9.7340E-1 -1.0032E+0
-9.7330E-1 -9.8210E-1
-9.7320E-1 -1.0035E+0
-9.7310E-1 -9.8190E-1
-9.7300E-1 -1.0032E+0
-9.7290E-1 -9.8250E-1
-9.7280E-1 -1.0038E+0
-9.7270E-1 -9.8250E-1
-9.7260E-1 -1.0038E+0
-9.7250E-1 -9.8230E-1
-9.7240E-1 -1.0036E+0
-9.7230E-1 -9.8170E-1
-9.7220E-1 -1.0030E+0
-9.7210E-1 -9.8190E-1
-9.7200E-1 -1.0032E+0
-9.7190E-1 -9.8100E-1
-9.7180E-1 -1.0023E+0
-9.7170E-1 -9.8100E-1
-9.7160E-1 -1.0023E+0
-9.7150E-1 -9.8060E-1
-9.7140E-1 -1.0019E+0
-9.7130E-1 -9.8100E-1
-9.7120E-1 -1.0023E+0
-9.7110E-1 -9.8010E-1
-9.7100E-1 -1.0013E+0
-9.7090E-1 -9.8000E-1
-9.7080E-1 -1.0012E+0
-9.7070E-1 -9.7940E-1
-9.7060E-1 -1.0007E+0
-9.7050E-1 -9.7970E-1
-9.7040E-1 -1.0011E+0
-9.7030E-1 -9.7900E-1
-9.7020E-1 -1.0002E+0
-9.7010E-1 -9.7910E-1
-9.7000E-1 -1.0003E+0
-9.6990E-1 -9.7880E-1
-9.6980E-1 -1.0000E+0
-9.6970E-1 -9.7930E-1
-9.6960E-1 -1.0006E+0
-9.6950E-1 -9.7840E-1
-9.6940E-1 -9.9950E-1
-9.6930E-1 -9.7820E-1
-9.6920E-1 -9.9940E-1
-9.6910E-1 -9.7760E-1
-9.6900E-1 -9.9880E-1
-9.6890E-1 -9.7790E-1
-9.6880E-1 -9.9910E-1
-9.6870E-1 -9.7710E-1
-9.6860E-1 -9.9830E-1
-9.6850E-1 -9.7720E-1
-9.6840E-1 -9.9830E-1
-9.6830E-1 -9.7680E-1
-9.6820E-1 -9.9790E-1
-9.6810E-1 -9.7720E-1
-9.6800E-1 -9.9840E-1
-9.6790E-1 -9.7630E-1
-9.6780E-1 -9.9750E-1
-9.6770E-1 -9.7630E-1
-9.6760E-1 -9.9740E-1
-9.6750E-1 -9.7580E-1
-9.6740E-1 -9.9700E-1
-9.6730E-1 -9.7620E-1
-9.6720E-1 -9.9730E-1
-9.6710E-1 -9.7550E-1
-9.6700E-1 -9.9660E-1
-9.6690E-1 -9.7560E-1
-9.6680E-1 -9.9680E-1
-9.6670E-1 -9.7540E-1
-9.6660E-1 -9.9650E-1
-9.6650E-1 -9.7590E-1
-9.6640E-1 -9.9710E-1
-9.6630E-1 -9.7500E-1
-9.6620E-1 -9.9610E-1
-9.6610E-1 -9.7480E-1
-9.6600E-1 -9.9590E-1
-9.6590E-1 -9.7420E-1
-9.6580E-1 -9.9530E-1
-9.6570E-1 -9.7440E-1
-9.6560E-1 -9.9560E-1
-9.6550E-1 -9.7360E-1
-9.6540E-1 -9.9470E-1
-9.6530E-1 -9.7370E-1
-9.6520E-1 -9.9480E-1
-9.6510E-1 -9.7330E-1
-9.6500E-1 -9.9440E-1
-9.6490E-1 -9.7370E-1
-9.6480E-1 -9.9480E-1
-9.6470E-1 -9.7280E-1
-9.6460E-1 -9.9390E-1
-9.6450E-1 -3.2940E-1
-9.6440E-1 -9.9380E-1
-9.6430E-1 -9.7220E-1
-9.6420E-1 -9.9330E-1
-9.6410E-1 -9.7250E-1
-9.6400E-1 -9.9360E-1
-9.6390E-1 -9.7180E-1
-9.6380E-1 -9.9290E-1
-9.6370E-1 -9.7200E-1
-9.6360E-1 -9.9300E-1
-9.6350E-1 -9.7170E-1
-9.6340E-1 -9.9270E-1
-9.6330E-1 -9.7210E-1
-9.6320E-1 -9.9320E-1
-9.6310E-1 -9.7120E-1
-9.6300E-1 -9.9230E-1
-9.6290E-1 -9.7110E-1
-9.6280E-1 -9.9210E-1
-9.6270E-1 -9.7060E-1
-9.6260E-1 -9.9160E-1
-9.6250E-1 -9.7080E-1
-9.6240E-1 -9.9190E-1
-9.6230E-1 -9.7010E-1
-9.6220E-1 -9.9110E-1
-9.6210E-1 -9.7020E-1
-9.6200E-1 -9.9120E-1
-9.6190E-1 -9.6990E-1
-9.6180E-1 -9.9080E-1
-9.6170E-1 -9.7030E-1
-9.6160E-1 -9.9130E-1
-9.6150E-1 -9.6950E-1
-9.6140E-1 -9.9050E-1
-9.6130E-1 -9.6950E-1
-9.6120E-1 -9.9040E-1
-9.6110E-1 -9.6890E-1
-9.6100E-1 -9.9000E-1
-9.6090E-1 -9.6940E-1
-9.6080E-1 -9.9040E-1
-9.6070E-1 -9.6870E-1
-9.6060E-1 -9.8970E-1
-9.6050E-1 -9.6890E-1
-9.6040E-1 -9.8990E-1
-9.6030E-1 -9.6860E-1
-9.6020E-1 -9.8960E-1
-9.6010E-1 -9.6920E-1
-9.6000E-1 -9.9020E-1
-9.5990E-1 -9.6830E-1
-9.5980E-1 -9.8930E-1
-9.5970E-1 -9.6820E-1
-9.5960E-1 -9.8910E-1
-9.5950E-1 -9.6760E-1
-9.5940E-1 -9.8850E-1
-9.5930E-1 -9.6780E-1
-9.5920E-1 -9.8870E-1
-9.5910E-1 -9.6690E-1
-9.5900E-1 -9.8790E-1
-9.5890E-1 -9.6700E-1
-9.5880E-1 -9.8790E-1
-9.5870E-1 -9.6660E-1
-9.5860E-1 -9.8750E-1
-9.5850E-1 -9.6700E-1
-9.5840E-1 -9.8790E-1
-9.5830E-1 -9.6610E-1
-9.5820E-1 -9.8690E-1
-9.5810E-1 -9.6600E-1
-9.5800E-1 -9.8690E-1
-9.5790E-1 -9.6550E-1
-9.5780E-1 -9.8640E-1
-9.5770E-1 -9.6570E-1
-9.5760E-1 -9.8670E-1
-9.5750E-1 -9.6510E-1
-9.5740E-1 -9.8600E-1
-9.5730E-1 -9.6520E-1
-9.5720E-1 -9.8610E-1
-9.5710E-1 -9.6480E-1
-9.5700E-1 -9.8570E-1
-9.5690E-1 -9.6530E-1
-9.5680E-1 -9.8630E-1
-9.5670E-1 -9.6440E-1
-9.5660E-1 -9.8530E-1
-9.5650E-1 -9.6430E-1
-9.5640E-1 -9.8510E-1
-9.5630E-1 -9.6380E-1
-9.5620E-1 -9.8460E-1
-9.5610E-1 -9.6400E-1
-9.5600E-1 -9.8490E-1
-9.5590E-1 -9.6320E-1
-9.5580E-1 -9.8400E-1
-9.5570E-1 -6.3430E-1
-9.5560E-1 -9.8420E-1
-9.5550E-1 -9.6290E-1
-9.5540E-1 -9.8380E-1
-9.5530E-1 -9.6340E-1
-9.5520E-1 -9.8420E-1
-9.5510E-1 -9.6250E-1
-9.5500E-1 -9.8330E-1
-9.5490E-1 -9.6250E-1
-9.5480E-1 -9.8330E-1
-9.5470E-1 -9.6210E-1
-9.5460E-1 -9.8290E-1
-9.5450E-1 -9.6240E-1
-9.5440E-1 -9.8330E-1
-9.5430E-1 -9.6170E-1
-9.5420E-1 -9.8250E-1
-9.5410E-1 -9.6190E-1
-9.5400E-1 -9.8270E-1
-9.5390E-1 -9.6160E-1
-9.5380E-1 -9.8250E-1
-9.5370E-1 -9.6210E-1
-9.5360E-1 -9.8300E-1
-9.5350E-1 -9.6120E-1
-9.5340E-1 -9.8210E-1
-9.5330E-1 -9.6110E-1
-9.5320E-1 -9.8190E-1
-9.5310E-1 -9.6060E-1
-9.5300E-1 -9.8140E-1
-9.5290E-1 -9.6080E-1
-9.5280E-1 -9.8150E-1
-9.5270E-1 -9.6000E-1
-9.5260E-1 -9.8070E-1
-9.5250E-1 -9.6000E-1
-9.5240E-1 -9.8080E-1
-9.5230E-1 -9.5970E-1
-9.5220E-1 -9.8040E-1
-9.5210E-1 -9.6000E-1
-9.5200E-1 -9.8090E-1
-9.5190E-1 -9.5920E-1
-9.5180E-1 -9.7990E-1
-9.5170E-1 -9.5910E-1
-9.5160E-1 -9.7990E-1
-9.5150E-1 -9.5870E-1
-9.5140E-1 -9.7940E-1
-9.5130E-1 -9.5890E-1
-9.5120E-1 -9.7970E-1
-9.5110E-1 -9.5830E-1
-9.5100E-1 -9.7900E-1
-9.5090E-1 -9.5840E-1
-9.5080E-1 -9.7920E-1
-9.5070E-1 -9.5810E-1
-9.5060E-1 -9.7890E-1
-9.5050E-1 -9.5860E-1
-9.5040E-1 -9.7940E-1
-9.5030E-1 -9.5770E-1
-9.5020E-1 -9.7840E-1
-9.5010E-1 -9.5770E-1
-9.5000E-1 -9.7840E-1
-9.4990E-1 -9.5710E-1
-9.4980E-1 -9.7790E-1
-9.4970E-1 -9.5740E-1
-9.4960E-1 -9.7810E-1
-9.4950E-1 -9.5660E-1
-9.4940E-1 -9.7740E-1
-9.4930E-1 -9.5670E-1
-9.4920E-1 -9.7750E-1
-9.4910E-1 -9.5640E-1
-9.4900E-1 -9.7710E-1
-9.4890E-1 -9.5690E-1
-9.4880E-1 -9.7760E-1
-9.4870E-1 -9.5610E-1
-9.4860E-1 -9.7670E-1
-9.4850E-1 -9.5600E-1
-9.4840E-1 -9.7670E-1
-9.4830E-1 -9.5560E-1
-9.4820E-1 -9.7630E-1
-9.4810E-1 -9.5600E-1
-9.4800E-1 -9.7670E-1
-9.4790E-1 -9.5530E-1
-9.4780E-1 -9.7600E-1
-9.4770E-1 -9.5550E-1
-9.4760E-1 -9.7620E-1
-9.4750E-1 -9.5530E-1
-9.4740E-1 -9.7600E-1
-9.4730E-1 -9.5580E-1
-9.4720E-1 -9.7660E-1
-9.4710E-1 -9.5570E-1
-9.4700E-1 -9.7640E-1
-9.4690E-1 -9.5550E-1
-9.4680E-1 -9.7630E-1
-9.4670E-1 -9.5490E-1
-9.4660E-1 -9.7560E-1
-9.4650E-1 -9.5510E-1
-9.4640E-1 -9.7580E-1
-9.4630E-1 -9.5420E-1
-9.4620E-1 -9.7500E-1
-9.4610E-1 -9.5420E-1
-9.4600E-1 -9.7500E-1
-9.4590E-1 -9.5380E-1
-9.4580E-1 -9.7460E-1
-9.4570E-1 -9.5420E-1
-9.4560E-1 -9.7490E-1
-9.4550E-1 -9.5330E-1
-9.4540E-1 -9.7400E-1
-9.4530E-1 -9.5320E-1
-9.4520E-1 -9.7390E-1
-9.4510E-1 -9.5270E-1
-9.4500E-1 -9.7340E-1
-9.4490E-1 -9.5300E-1
-9.4480E-1 -9.7370E-1
-9.4470E-1 -9.5230E-1
-9.4460E-1 -9.7300E-1
-9.4450E-1 -9.5240E-1
-9.4440E-1 -9.7310E-1
-9.4430E-1 -9.5210E-1
-9.4420E-1 -9.7270E-1
-9.4410E-1 -9.5250E-1
-9.4400E-1 -9.7320E-1
-9.4390E-1 -9.5160E-1
-9.4380E-1 -9.7220E-1
-9.4370E-1 -9.5150E-1
-9.4360E-1 -9.7210E-1
-9.4350E-1 -9.5090E-1
-9.4340E-1 -9.7150E-1
-9.4330E-1 -9.5110E-1
-9.4320E-1 -9.7180E-1
-9.4310E-1 -9.5040E-1
-9.4300E-1 -9.7100E-1
-9.4290E-1 -9.5040E-1
-9.4280E-1 -9.7110E-1
-9.4270E-1 -9.5010E-1
-9.4260E-1 -9.7070E-1
-9.4250E-1 -9.5050E-1
-9.4240E-1 -9.7110E-1
-9.4230E-1 -9.4970E-1
-9.4220E-1 -9.7020E-1
-9.4210E-1 -9.4960E-1
-9.4200E-1 -9.7020E-1
-9.4190E-1 -9.4920E-1
-9.4180E-1 -9.6970E-1
-9.4170E-1 -9.4940E-1
-9.4160E-1 -9.7010E-1
-9.4150E-1 -9.4880E-1
-9.4140E-1 -9.6940E-1
-9.4130E-1 -9.4890E-1
-9.4120E-1 -9.6960E-1
-9.4110E-1 -9.4870E-1
-9.4100E-1 -9.6930E-1
-9.4090E-1 -9.4920E-1
-9.4080E-1 -9.6990E-1
-9.4070E-1 -9.4830E-1
-9.4060E-1 -9.6890E-1
-9.4050E-1 -9.4810E-1
-9.4040E-1 -9.6870E-1
-9.4030E-1 -9.4760E-1
-9.4020E-1 -9.6810E-1
-9.4010E-1 -9.4780E-1
-9.4000E-1 -9.6840E-1
-9.3990E-1 -9.4700E-1
-9.3980E-1 -9.6760E-1
-9.3970E-1 -9.4710E-1
-9.3960E-1 -9.6750E-1
-9.3950E-1 -9.4670E-1
-9.3940E-1 -9.6720E-1
-9.3930E-1 -9.4700E-1
-9.3920E-1 -9.6760E-1
-9.3910E-1 -9.4620E-1
-9.3900E-1 -9.6670E-1
-9.3890E-1 -9.4610E-1
-9.3880E-1 -9.6660E-1
-9.3870E-1 -9.4560E-1
-9.3860E-1 -9.6610E-1
-9.3850E-1 -9.4590E-1
-9.3840E-1 -9.6650E-1
-9.3830E-1 -9.4520E-1
-9.3820E-1 -9.6580E-1
-9.3810E-1 -9.4530E-1
-9.3800E-1 -9.6590E-1
-9.3790E-1 -9.4510E-1
-9.3780E-1 -9.6560E-1
-9.3770E-1 -9.4550E-1
-9.3760E-1 -9.6610E-1
-9.3750E-1 -9.4470E-1
-9.3740E-1 -9.6510E-1
-9.3730E-1 -9.4450E-1
-9.3720E-1 -9.6510E-1
-9.3710E-1 -9.4400E-1
-9.3700E-1 -9.6450E-1
-9.3690E-1 -9.4430E-1
-9.3680E-1 -9.6480E-1
-9.3670E-1 -9.4350E-1
-9.3660E-1 -9.6400E-1
-9.3650E-1 -9.4360E-1
-9.3640E-1 -9.6410E-1
-9.3630E-1 -9.4330E-1
-9.3620E-1 -9.6370E-1
-9.3610E-1 -9.4370E-1
-9.3600E-1 -9.6420E-1
-9.3590E-1 -9.4290E-1
-9.3580E-1 -9.6340E-1
-9.3570E-1 -9.4280E-1
-9.3560E-1 -9.6330E-1
-9.3550E-1 -9.4250E-1
-9.3540E-1 -9.6290E-1
-9.3530E-1 -9.4280E-1
-9.3520E-1 -9.6330E-1
-9.3510E-1 -9.4210E-1
-9.3500E-1 -9.6260E-1
-9.3490E-1 -9.4230E-1
-9.3480E-1 -4.9450E-1
-9.3470E-1 -9.4200E-1
-9.3460E-1 -9.6260E-1
-9.3450E-1 -9.4260E-1
-9.3440E-1 -9.6310E-1
-9.3430E-1 -9.4180E-1
-9.3420E-1 -9.6230E-1
-9.3410E-1 -9.4160E-1
-9.3400E-1 -9.6210E-1
-9.3390E-1 -9.4100E-1
-9.3380E-1 -9.6140E-1
-9.3370E-1 -9.4120E-1
-9.3360E-1 -9.6170E-1
-9.3350E-1 -9.4040E-1
-9.3340E-1 -9.6080E-1
-9.3330E-1 -9.4040E-1
-9.3320E-1 -9.6090E-1
-9.3310E-1 -9.4000E-1
-9.3300E-1 -9.6040E-1
-9.3290E-1 -9.4040E-1
-9.3280E-1 -9.6090E-1
-9.3270E-1 -9.3960E-1
-9.3260E-1 -9.5990E-1
-9.3250E-1 -9.3950E-1
-9.3240E-1 -9.5990E-1
-9.3230E-1 -9.3900E-1
-9.3220E-1 -9.5940E-1
-9.3210E-1 -9.3920E-1
-9.3200E-1 -9.5970E-1
-9.3190E-1 -9.3860E-1
-9.3180E-1 -9.5890E-1
-9.3170E-1 -9.3870E-1
-9.3160E-1 -9.5900E-1
-9.3150E-1 -9.3840E-1
-9.3140E-1 -9.5870E-1
-9.3130E-1 -9.3880E-1
-9.3120E-1 -9.5930E-1
-9.3110E-1 -9.3790E-1
-9.3100E-1 -9.5820E-1
-9.3090E-1 -9.3780E-1
-9.3080E-1 -9.5820E-1
-9.3070E-1 -9.3730E-1
-9.3060E-1 -9.5760E-1
-9.3050E-1 -9.3750E-1
-9.3040E-1 -9.5790E-1
-9.3030E-1 -9.3680E-1
-9.3020E-1 -9.5710E-1
-9.3010E-1 -9.3680E-1
-9.3000E-1 -9.5720E-1
-9.2990E-1 -9.3650E-1
-9.2980E-1 -9.5680E-1
-9.2970E-1 -9.3690E-1
-9.2960E-1 -9.5730E-1
-9.2950E-1 -9.3610E-1
-9.2940E-1 -9.5640E-1
-9.2930E-1 -9.3600E-1
-9.2920E-1 -9.5640E-1
-9.2910E-1 -9.3570E-1
-9.2900E-1 -9.5590E-1
-9.2890E-1 -9.3600E-1
-9.2880E-1 -9.5630E-1
-9.2870E-1 -9.3530E-1
-9.2860E-1 -9.5560E-1
-9.2850E-1 -9.3540E-1
-9.2840E-1 -9.5580E-1
-9.2830E-1 -9.3520E-1
-9.2820E-1 -9.5550E-1
-9.2810E-1 -9.3570E-1
-9.2800E-1 -9.5600E-1
-9.2790E-1 -9.3490E-1
-9.2780E-1 -9.5520E-1
-9.2770E-1 -9.3470E-1
-9.2760E-1 -9.5500E-1
-9.2750E-1 -9.3410E-1
-9.2740E-1 -9.5440E-1
-9.2730E-1 -9.3430E-1
-9.2720E-1 -9.5460E-1
-9.2710E-1 -9.3360E-1
-9.2700E-1 -9.5380E-1
-9.2690E-1 -9.3360E-1
-9.2680E-1 -9.5390E-1
-9.2670E-1 -9.3330E-1
-9.2660E-1 -9.5350E-1
-9.2650E-1 -9.3360E-1
-9.2640E-1 -9.5390E-1
-9.2630E-1 -9.3280E-1
-9.2620E-1 -9.5300E-1
-9.2610E-1 -9.3270E-1
-9.2600E-1 -9.5300E-1
-9.2590E-1 -9.3230E-1
-9.2580E-1 -9.5240E-1
-9.2570E-1 -9.3260E-1
-9.2560E-1 -9.5280E-1
-9.2550E-1 -9.3190E-1
-9.2540E-1 -9.5210E-1
-9.2530E-1 -9.3210E-1
-9.2520E-1 -9.5230E-1
-9.2510E-1 -9.3180E-1
-9.2500E-1 -9.5200E-1
-9.2490E-1 -9.3220E-1
-9.2480E-1 -9.5250E-1
-9.2470E-1 -9.3140E-1
-9.2460E-1 -9.5160E-1
-9.2450E-1 -9.3120E-1
-9.2440E-1 -9.5150E-1
-9.2430E-1 -9.3080E-1
-9.2420E-1 -9.5100E-1
-9.2410E-1 -9.3100E-1
-9.2400E-1 -9.5130E-1
-9.2390E-1 -9.3030E-1
-9.2380E-1 -9.5050E-1
-9.2370E-1 -9.3040E-1
-9.2360E-1 -9.5060E-1
-9.2350E-1 -9.3010E-1
-9.2340E-1 -9.5020E-1
-9.2330E-1 -9.3050E-1
-9.2320E-1 -9.5080E-1
-9.2310E-1 -9.2970E-1
-9.2300E-1 -9.4990E-1
-9.2290E-1 -9.2970E-1
-9.2280E-1 -9.4990E-1
-9.2270E-1 -9.2930E-1
-9.2260E-1 -9.4950E-1
-9.2250E-1 -9.2960E-1
-9.2240E-1 -9.4980E-1
-9.2230E-1 -9.2900E-1
-9.2220E-1 -9.4920E-1
-9.2210E-1 -9.2920E-1
-9.2200E-1 -9.4940E-1
-9.2190E-1 -9.2890E-1
-9.2180E-1 -9.4920E-1
-9.2170E-1 -9.2940E-1
-9.2160E-1 -9.4970E-1
-9.2150E-1 -9.3030E-1
-9.2140E-1 -9.5050E-1
-9.2130E-1 -9.3000E-1
-9.2120E-1 -9.5030E-1
-9.2110E-1 -9.2940E-1
-9.2100E-1 -9.4960E-1
-9.2090E-1 -9.2960E-1
-9.2080E-1 -9.4990E-1
-9.2070E-1 -9.2880E-1
-9.2060E-1 -9.4910E-1
-9.2050E-1 -9.2890E-1
-9.2040E-1 -9.4900E-1
-9.2030E-1 -9.2840E-1
-9.2020E-1 -9.4860E-1
-9.2010E-1 -9.2880E-1
-9.2000E-1 -9.4900E-1
-9.1990E-1 -9.2790E-1
-9.1980E-1 -9.4810E-1
-9.1970E-1 -9.2780E-1
-9.1960E-1 -9.4800E-1
-9.1950E-1 -9.2730E-1
-9.1940E-1 -9.4740E-1
-9.1930E-1 -9.2750E-1
-9.1920E-1 -9.4770E-1
-9.1910E-1 -9.2690E-1
-9.1900E-1 -9.4700E-1
-9.1890E-1 -9.2690E-1
-9.1880E-1 -9.4710E-1
-9.1870E-1 -9.2660E-1
-9.1860E-1 -9.4670E-1
-9.1850E-1 -9.2710E-1
-9.1840E-1 -9.4730E-1
-9.1830E-1 -9.2620E-1
-9.1820E-1 -9.4630E-1
-9.1810E-1 -9.2600E-1
-9.1800E-1 -9.4610E-1
-9.1790E-1 -9.2550E-1
-9.1780E-1 -9.4560E-1
-9.1770E-1 -9.2570E-1
-9.1760E-1 -9.4580E-1
-9.1750E-1 -9.2490E-1
-9.1740E-1 -9.4500E-1
-9.1730E-1 -9.2500E-1
-9.1720E-1 -9.4510E-1
-9.1710E-1 -9.2460E-1
-9.1700E-1 -9.4470E-1
-9.1690E-1 -9.2500E-1
-9.1680E-1 -9.4510E-1
-9.1670E-1 -9.2420E-1
-9.1660E-1 -9.4420E-1
-9.1650E-1 -9.2410E-1
-9.1640E-1 -9.4420E-1
-9.1630E-1 -9.2360E-1
-9.1620E-1 -9.4370E-1
-9.1610E-1 -9.2400E-1
-9.1600E-1 -9.4410E-1
-9.1590E-1 -9.2330E-1
-9.1580E-1 -9.4330E-1
-9.1570E-1 -9.2340E-1
-9.1560E-1 -9.4350E-1
-9.1550E-1 -9.2310E-1
-9.1540E-1 -9.4320E-1
-9.1530E-1 -9.2370E-1
-9.1520E-1 -9.4380E-1
-9.1510E-1 -9.2270E-1
-9.1500E-1 -9.4280E-1
-9.1490E-1 -9.2260E-1
-9.1480E-1 -9.4270E-1
-9.1470E-1 -9.2200E-1
-9.1460E-1 -9.4200E-1
-9.1450E-1 -9.2220E-1
-9.1440E-1 -9.4230E-1
-9.1430E-1 -9.2140E-1
-9.1420E-1 -9.4140E-1
-9.1410E-1 -9.2150E-1
-9.1400E-1 -9.4150E-1
-9.1390E-1 -9.2110E-1
-9.1380E-1 -9.4110E-1
-9.1370E-1 -9.2150E-1
-9.1360E-1 -9.4150E-1
-9.1350E-1 -9.2060E-1
-9.1340E-1 -9.4060E-1
-9.1330E-1 -9.2050E-1
-9.1320E-1 -9.4050E-1
-9.1310E-1 -9.2010E-1
-9.1300E-1 -9.4000E-1
-9.1290E-1 -9.2040E-1
-9.1280E-1 -9.4030E-1
-9.1270E-1 -9.1970E-1
-9.1260E-1 -9.3960E-1
-9.1250E-1 -9.1980E-1
-9.1240E-1 -9.3970E-1
-9.1230E-1 -9.1950E-1
-9.1220E-1 -9.3940E-1
-9.1210E-1 -9.1990E-1
-9.1200E-1 -9.3990E-1
-9.1190E-1 -9.1900E-1
-9.1180E-1 -9.3900E-1
-9.1170E-1 -9.1890E-1
-9.1160E-1 -9.3890E-1
-9.1150E-1 -9.1840E-1
-9.1140E-1 -9.3840E-1
-9.1130E-1 -9.1870E-1
-9.1120E-1 -9.3860E-1
-9.1110E-1 -9.1790E-1
-9.1100E-1 -9.3790E-1
-9.1090E-1 -9.1800E-1
-9.1080E-1 -9.3800E-1
-9.1070E-1 -9.1770E-1
-9.1060E-1 -9.3760E-1
-9.1050E-1 -9.1810E-1
-9.1040E-1 -9.3800E-1
-9.1030E-1 -9.1720E-1
-9.1020E-1 -9.3720E-1
-9.1010E-1 -9.1730E-1
-9.1000E-1 -9.3710E-1
-9.0990E-1 -9.1680E-1
-9.0980E-1 -9.3670E-1
-9.0970E-1 -9.1710E-1
-9.0960E-1 -9.3710E-1
-9.0950E-1 -9.1650E-1
-9.0940E-1 -9.3640E-1
-9.0930E-1 -9.1670E-1
-9.0920E-1 -9.3660E-1
-9.0910E-1 -9.1640E-1
-9.0900E-1 -9.3630E-1
-9.0890E-1 -9.1690E-1
-9.0880E-1 -9.3680E-1
-9.0870E-1 -9.1610E-1
-9.0860E-1 -9.3600E-1
-9.0850E-1 -9.1590E-1
-9.0840E-1 -9.3580E-1
-9.0830E-1 -9.1530E-1
-9.0820E-1 -9.3520E-1
-9.0810E-1 -9.1550E-1
-9.0800E-1 -9.3540E-1
-9.0790E-1 -9.1470E-1
-9.0780E-1 -9.3460E-1
-9.0770E-1 -9.1470E-1
-9.0760E-1 -9.3470E-1
-9.0750E-1 -9.1430E-1
-9.0740E-1 -9.3420E-1
-9.0730E-1 -9.1470E-1
-9.0720E-1 -9.3460E-1
-9.0710E-1 -9.1390E-1
-9.0700E-1 -9.3370E-1
-9.0690E-1 -9.1380E-1
-9.0680E-1 -9.3360E-1
-9.0670E-1 -9.1330E-1
-9.0660E-1 -9.3300E-1
-9.0650E-1 -9.1350E-1
-9.0640E-1 -9.3340E-1
-9.0630E-1 -9.1280E-1
-9.0620E-1 -9.3270E-1
-9.0610E-1 -9.1300E-1
-9.0600E-1 -9.3280E-1
-9.0590E-1 -9.1260E-1
-9.0580E-1 -9.3240E-1
-9.0570E-1 -9.1300E-1
-9.0560E-1 -9.3300E-1
-9.0550E-1 -9.1220E-1
-9.0540E-1 -9.3200E-1
-9.0530E-1 -9.1210E-1
-9.0520E-1 -9.3190E-1
-9.0510E-1 -9.1160E-1
-9.0500E-1 -9.3130E-1
-9.0490E-1 -9.1180E-1
-9.0480E-1 -9.3150E-1
-9.0470E-1 -9.1100E-1
-9.0460E-1 -9.3080E-1
-9.0450E-1 -9.1110E-1
-9.0440E-1 -9.3090E-1
-9.0430E-1 -9.1080E-1
-9.0420E-1 -9.3050E-1
-9.0410E-1 -9.1110E-1
-9.0400E-1 -9.3090E-1
-9.0390E-1 -9.1030E-1
-9.0380E-1 -9.3010E-1
-9.0370E-1 -9.1030E-1
-9.0360E-1 -9.3000E-1
-9.0350E-1 -9.0990E-1
-9.0340E-1 -9.2960E-1
-9.0330E-1 -9.1010E-1
-9.0320E-1 -9.2990E-1
-9.0310E-1 -9.0950E-1
-9.0300E-1 -9.2920E-1
-9.0290E-1 -9.0970E-1
-9.0280E-1 -9.2930E-1
-9.0270E-1 -9.0940E-1
-9.0260E-1 -9.2910E-1
-9.0250E-1 -9.0990E-1
-9.0240E-1 -9.2960E-1
-9.0230E-1 -9.0900E-1
-9.0220E-1 -9.2880E-1
-9.0210E-1 -9.0880E-1
-9.0200E-1 -9.2860E-1
-9.0190E-1 -9.0830E-1
-9.0180E-1 -9.2800E-1
-9.0170E-1 -9.0850E-1
-9.0160E-1 -9.2820E-1
-9.0150E-1 -9.0780E-1
-9.0140E-1 -9.2750E-1
-9.0130E-1 -9.0780E-1
-9.0120E-1 -9.2750E-1
-9.0110E-1 -9.0740E-1
-9.0100E-1 -9.2710E-1
-9.0090E-1 -9.0780E-1
-9.0080E-1 -9.2750E-1
-9.0070E-1 -9.0700E-1
-9.0060E-1 -9.2660E-1
-9.0050E-1 -9.0690E-1
-9.0040E-1 -9.2660E-1
-9.0030E-1 -9.0640E-1
-9.0020E-1 -9.2610E-1
-9.0010E-1 -9.0680E-1
-9.0000E-1 -9.2650E-1
-8.9990E-1 -9.0610E-1
-8.9980E-1 -9.2570E-1
-8.9970E-1 -9.0620E-1
-8.9960E-1 -9.2590E-1
-8.9950E-1 -9.0590E-1
-8.9940E-1 -9.2550E-1
-8.9930E-1 -9.0640E-1
-8.9920E-1 -9.2600E-1
-8.9910E-1 -9.0550E-1
-8.9900E-1 -9.2510E-1
-8.9890E-1 -9.0530E-1
-8.9880E-1 -9.2500E-1
-8.9870E-1 -9.0480E-1
-8.9860E-1 -9.2450E-1
-8.9850E-1 -9.0510E-1
-8.9840E-1 -9.2480E-1
-8.9830E-1 -9.0440E-1
-8.9820E-1 -9.2400E-1
-8.9810E-1 -9.0440E-1
-8.9800E-1 -9.2410E-1
-8.9790E-1 -9.0410E-1
-8.9780E-1 -9.2370E-1
-8.9770E-1 -9.0460E-1
-8.9760E-1 -9.2420E-1
-8.9750E-1 -9.0380E-1
-8.9740E-1 -9.2330E-1
-8.9730E-1 -9.0370E-1
-8.9720E-1 -9.2340E-1
-8.9710E-1 -9.0330E-1
-8.9700E-1 -9.2290E-1
-8.9690E-1 -9.0360E-1
-8.9680E-1 -9.2330E-1
-8.9670E-1 -9.0300E-1
-8.9660E-1 -9.2270E-1
-8.9650E-1 -9.0320E-1
-8.9640E-1 -9.2290E-1
-8.9630E-1 -9.0300E-1
-8.9620E-1 -9.2260E-1
-8.9610E-1 -9.0350E-1
-8.9600E-1 -9.2310E-1
-8.9590E-1 -9.0350E-1
-8.9580E-1 -9.2310E-1
-8.9570E-1 -9.0330E-1
-8.9560E-1 -9.2300E-1
-8.9550E-1 -9.0270E-1
-8.9540E-1 -9.2230E-1
-8.9530E-1 -9.0290E-1
-8.9520E-1 -9.2250E-1
-8.9510E-1 -9.0210E-1
-8.9500E-1 -9.2170E-1
-8.9490E-1 -9.0210E-1
-8.9480E-1 -9.2170E-1
-8.9470E-1 -9.0160E-1
-8.9460E-1 -9.2130E-1
-8.9450E-1 -9.0200E-1
-8.9440E-1 -9.2170E-1
-8.9430E-1 -9.0110E-1
-8.9420E-1 -9.2080E-1
-8.9410E-1 -9.0100E-1
-8.9400E-1 -9.2070E-1
-8.9390E-1 -9.0050E-1
-8.9380E-1 -9.2010E-1
-8.9370E-1 -9.0080E-1
-8.9360E-1 -9.2040E-1
-8.9350E-1 -9.0010E-1
-8.9340E-1 -9.1970E-1
-8.9330E-1 -9.0020E-1
-8.9320E-1 -9.1980E-1
-8.9310E-1 -8.9990E-1
-8.9300E-1 -9.1950E-1
-8.9290E-1 -9.0040E-1
-8.9280E-1 -9.1990E-1
-8.9270E-1 -8.9950E-1
-8.9260E-1 -9.1900E-1
-8.9250E-1 -8.9930E-1
-8.9240E-1 -9.1880E-1
-8.9230E-1 -8.9880E-1
-8.9220E-1 -9.1830E-1
-8.9210E-1 -8.9900E-1
-8.9200E-1 -9.1860E-1
-8.9190E-1 -8.9820E-1
-8.9180E-1 -9.1780E-1
-8.9170E-1 -8.9830E-1
-8.9160E-1 -9.1780E-1
-8.9150E-1 -8.9790E-1
-8.9140E-1 -9.1740E-1
-8.9130E-1 -8.9830E-1
-8.9120E-1 -9.1790E-1
-8.9110E-1 -8.9750E-1
-8.9100E-1 -9.1700E-1
-8.9090E-1 -8.9750E-1
-8.9080E-1 -9.1700E-1
-8.9070E-1 -8.9700E-1
-8.9060E-1 -9.1650E-1
-8.9050E-1 -8.9730E-1
-8.9040E-1 -9.1680E-1
-8.9030E-1 -8.9670E-1
-8.9020E-1 -9.1610E-1
-8.9010E-1 -8.9670E-1
-8.9000E-1 -9.1630E-1
-8.8990E-1 -8.9650E-1
-8.8980E-1 -9.1600E-1
-8.8970E-1 -8.9690E-1
-8.8960E-1 -9.1650E-1
-8.8950E-1 -8.9610E-1
-8.8940E-1 -9.1560E-1
-8.8930E-1 -8.9590E-1
-8.8920E-1 -9.1540E-1
-8.8910E-1 -8.9540E-1
-8.8900E-1 -9.1480E-1
-8.8890E-1 -8.9560E-1
-8.8880E-1 -9.1510E-1
-8.8870E-1 -8.9480E-1
-8.8860E-1 -9.1430E-1
-8.8850E-1 -8.9490E-1
-8.8840E-1 -9.1430E-1
-8.8830E-1 -8.9450E-1
-8.8820E-1 -9.1390E-1
-8.8810E-1 -8.9480E-1
-8.8800E-1 -9.1430E-1
-8.8790E-1 -8.9400E-1
-8.8780E-1 -9.1340E-1
-8.8770E-1 -8.9390E-1
-8.8760E-1 -9.1340E-1
-8.8750E-1 -8.9340E-1
-8.8740E-1 -9.1290E-1
-8.8730E-1 -8.9370E-1
-8.8720E-1 -9.1320E-1
-8.8710E-1 -8.9310E-1
-8.8700E-1 -9.1240E-1
-8.8690E-1 -8.9320E-1
-8.8680E-1 -9.1260E-1
-8.8670E-1 -8.9290E-1
-8.8660E-1 -9.1230E-1
-8.8650E-1 -8.9330E-1
-8.8640E-1 -9.1270E-1
-8.8630E-1 -8.9250E-1
-8.8620E-1 -9.1180E-1
-8.8610E-1 -8.9230E-1
-8.8600E-1 -9.1180E-1
-8.8590E-1 -8.9180E-1
-8.8580E-1 -9.1120E-1
-8.8570E-1 -8.9200E-1
-8.8560E-1 -9.1150E-1
-8.8550E-1 -8.9130E-1
-8.8540E-1 -9.1070E-1
-8.8530E-1 -8.9140E-1
-8.8520E-1 -9.1080E-1
-8.8510E-1 -8.9110E-1
-8.8500E-1 -9.1040E-1
-8.8490E-1 -8.9140E-1
-8.8480E-1 -9.1090E-1
-8.8470E-1 -8.9060E-1
-8.8460E-1 -9.1000E-1
-8.8450E-1 -8.9060E-1
-8.8440E-1 -9.1000E-1
-8.8430E-1 -8.9020E-1
-8.8420E-1 -9.0950E-1
-8.8410E-1 -8.9050E-1
-8.8400E-1 -9.0990E-1
-8.8390E-1 -8.8990E-1
-8.8380E-1 -9.0920E-1
-8.8370E-1 -8.9000E-1
-8.8360E-1 -9.0940E-1
-8.8350E-1 -8.8980E-1
-8.8340E-1 -9.0920E-1
-8.8330E-1 -8.9030E-1
-8.8320E-1 -9.0970E-1
-8.8310E-1 -8.8950E-1
-8.8300E-1 -9.0890E-1
-8.8290E-1 -8.8940E-1
-8.8280E-1 -9.0870E-1
-8.8270E-1 -8.8880E-1
-8.8260E-1 -9.0810E-1
-8.8250E-1 -8.8890E-1
-8.8240E-1 -9.0830E-1
-8.8230E-1 -8.8820E-1
-8.8220E-1 -9.0750E-1
-8.8210E-1 -8.8830E-1
-8.8200E-1 -9.0750E-1
-8.8190E-1 -8.8780E-1
-8.8180E-1 -9.0720E-1
-8.8170E-1 -8.8810E-1
-8.8160E-1 -9.0750E-1
-8.8150E-1 -9.0400E-2
-8.8140E-1 -9.0660E-1
-8.8130E-1 -8.8730E-1
-8.8120E-1 -9.0650E-1
-8.8110E-1 -8.8680E-1
-8.8100E-1 -9.0610E-1
-8.8090E-1 -8.8710E-1
-8.8080E-1 -9.0630E-1
-8.8070E-1 -8.8640E-1
-8.8060E-1 -9.0560E-1
-8.8050E-1 -8.8640E-1
-8.8040E-1 -9.0570E-1
-8.8030E-1 -8.8610E-1
-8.8020E-1 -9.0540E-1
-8.8010E-1 -8.8660E-1
-8.8000E-1 -9.0590E-1
-8.7990E-1 -8.8570E-1
-8.7980E-1 -9.0500E-1
-8.7970E-1 -8.8560E-1
-8.7960E-1 -9.0480E-1
-8.7950E-1 -8.8510E-1
-8.7940E-1 -9.0430E-1
-8.7930E-1 -8.8530E-1
-8.7920E-1 -9.0460E-1
-8.7910E-1 -8.8460E-1
-8.7900E-1 -9.0380E-1
-8.7890E-1 -8.8460E-1
-8.7880E-1 -9.0380E-1
-8.7870E-1 -8.8430E-1
-8.7860E-1 -9.0350E-1
-8.7850E-1 -8.8470E-1
-8.7840E-1 -9.0390E-1
-8.7830E-1 -8.8390E-1
-8.7820E-1 -9.0310E-1
-8.7810E-1 -8.8380E-1
-8.7800E-1 -9.0300E-1
-8.7790E-1 -8.8340E-1
-8.7780E-1 -9.0260E-1
-8.7770E-1 -8.8370E-1
-8.7760E-1 -9.0290E-1
-8.7750E-1 -8.8310E-1
-8.7740E-1 -9.0220E-1
-8.7730E-1 -8.8320E-1
-8.7720E-1 -9.0240E-1
-8.7710E-1 -8.8290E-1
-8.7700E-1 -9.0220E-1
-8.7690E-1 -8.8340E-1
-8.7680E-1 -9.0270E-1
-8.7670E-1 -8.8250E-1
-8.7660E-1 -9.0180E-1
-8.7650E-1 -8.8240E-1
-8.7640E-1 -9.0160E-1
-8.7630E-1 -8.8190E-1
-8.7620E-1 -9.0110E-1
-8.7610E-1 -8.8210E-1
-8.7600E-1 -9.0130E-1
-8.7590E-1 -8.8140E-1
-8.7580E-1 -9.0050E-1
-8.7570E-1 -8.8140E-1
-8.7560E-1 -9.0050E-1
-8.7550E-1 -8.8100E-1
-8.7540E-1 -9.0010E-1
-8.7530E-1 -8.8140E-1
-8.7520E-1 -9.0060E-1
-8.7510E-1 -8.8060E-1
-8.7500E-1 -8.9970E-1
-8.7490E-1 -8.8050E-1
-8.7480E-1 -8.9960E-1
-8.7470E-1 -8.8010E-1
-8.7460E-1 -8.9920E-1
-8.7450E-1 -8.8040E-1
-8.7440E-1 -8.9940E-1
-8.7430E-1 -8.7970E-1
-8.7420E-1 -8.9880E-1
-8.7410E-1 -8.7980E-1
-8.7400E-1 -8.9890E-1
-8.7390E-1 -8.7950E-1
-8.7380E-1 -8.9860E-1
-8.7370E-1 -8.8000E-1
-8.7360E-1 -8.9910E-1
-8.7350E-1 -8.7920E-1
-8.7340E-1 -8.9830E-1
-8.7330E-1 -8.7900E-1
-8.7320E-1 -8.9810E-1
-8.7310E-1 -8.7850E-1
-8.7300E-1 -8.9760E-1
-8.7290E-1 -8.7870E-1
-8.7280E-1 -8.9790E-1
-8.7270E-1 -8.7810E-1
-8.7260E-1 -8.9710E-1
-8.7250E-1 -8.7820E-1
-8.7240E-1 -8.9720E-1
-8.7230E-1 -8.7780E-1
-8.7220E-1 -8.9680E-1
-8.7210E-1 -8.7830E-1
-8.7200E-1 -8.9730E-1
-8.7190E-1 -8.7750E-1
-8.7180E-1 -8.9650E-1
-8.7170E-1 -8.7750E-1
-8.7160E-1 -8.9650E-1
-8.7150E-1 -8.7700E-1
-8.7140E-1 -8.9610E-1
-8.7130E-1 -8.7740E-1
-8.7120E-1 -8.9640E-1
-8.7110E-1 -8.7680E-1
-8.7100E-1 -8.9580E-1
-8.7090E-1 -8.7690E-1
-8.7080E-1 -8.9600E-1
-8.7070E-1 -8.7660E-1
-8.7060E-1 -8.9570E-1
-8.7050E-1 -8.7720E-1
-8.7040E-1 -8.9630E-1
-8.7030E-1 -8.7720E-1
-8.7020E-1 -8.9630E-1
-8.7010E-1 -8.7700E-1
-8.7000E-1 -8.9610E-1
-8.6990E-1 -8.7640E-1
-8.6980E-1 -8.9540E-1
-8.6970E-1 -8.7650E-1
-8.6960E-1 -8.9570E-1
-8.6950E-1 -8.7580E-1
-8.6940E-1 -8.9490E-1
-8.6930E-1 -8.7580E-1
-8.6920E-1 -8.9490E-1
-8.6910E-1 -8.7540E-1
-8.6900E-1 -8.9440E-1
-8.6890E-1 -8.7570E-1
-8.6880E-1 -8.9480E-1
-8.6870E-1 -8.7480E-1
-8.6860E-1 -8.9390E-1
-8.6850E-1 -8.7480E-1
-8.6840E-1 -8.9380E-1
-8.6830E-1 -8.7430E-1
-8.6820E-1 -8.9330E-1
-8.6810E-1 -8.7450E-1
-8.6800E-1 -8.9350E-1
-8.6790E-1 -8.7380E-1
-8.6780E-1 -8.9280E-1
-8.6770E-1 -8.7390E-1
-8.6760E-1 -8.9290E-1
-8.6750E-1 -8.7360E-1
-8.6740E-1 -8.9260E-1
-8.6730E-1 -8.7400E-1
-8.6720E-1 -8.9310E-1
-8.6710E-1 -8.7310E-1
-8.6700E-1 -8.9210E-1
-8.6690E-1 -8.7300E-1
-8.6680E-1 -8.9200E-1
-8.6670E-1 -8.7250E-1
-8.6660E-1 -8.9150E-1
-8.6650E-1 -8.7270E-1
-8.6640E-1 -8.9160E-1
-8.6630E-1 -8.7200E-1
-8.6620E-1 -8.9090E-1
-8.6610E-1 -8.7200E-1
-8.6600E-1 -8.9090E-1
-8.6590E-1 -8.7170E-1
-8.6580E-1 -8.9060E-1
-8.6570E-1 -8.7200E-1
-8.6560E-1 -8.9100E-1
-8.6550E-1 -8.7120E-1
-8.6540E-1 -8.9010E-1
-8.6530E-1 -8.7120E-1
-8.6520E-1 -8.9010E-1
-8.6510E-1 -8.7070E-1
-8.6500E-1 -8.8960E-1
-8.6490E-1 -8.7100E-1
-8.6480E-1 -8.8990E-1
-8.6470E-1 -8.7030E-1
-8.6460E-1 -8.8920E-1
-8.6450E-1 -8.7040E-1
-8.6440E-1 -8.8940E-1
-8.6430E-1 -8.7020E-1
-8.6420E-1 -8.8910E-1
-8.6410E-1 -8.7060E-1
-8.6400E-1 -8.8960E-1
-8.6390E-1 -8.6980E-1
-8.6380E-1 -8.8880E-1
-8.6370E-1 -8.6960E-1
-8.6360E-1 -8.8860E-1
-8.6350E-1 -8.6910E-1
-8.6340E-1 -8.8800E-1
-8.6330E-1 -8.6920E-1
-8.6320E-1 -8.8820E-1
-8.6310E-1 -8.6850E-1
-8.6300E-1 -8.8740E-1
-8.6290E-1 -8.6850E-1
-8.6280E-1 -8.8740E-1
-8.6270E-1 -8.6810E-1
-8.6260E-1 -8.8700E-1
-8.6250E-1 -8.6850E-1
-8.6240E-1 -8.8740E-1
-8.6230E-1 -8.6770E-1
-8.6220E-1 -8.8660E-1
-8.6210E-1 -8.6760E-1
-8.6200E-1 -8.8650E-1
-8.6190E-1 -8.6720E-1
-8.6180E-1 -8.8600E-1
-8.6170E-1 -8.6740E-1
-8.6160E-1 -8.8620E-1
-8.6150E-1 -8.6680E-1
-8.6140E-1 -8.8560E-1
-8.6130E-1 -8.6680E-1
-8.6120E-1 -8.8570E-1
-8.6110E-1 -8.6650E-1
-8.6100E-1 -8.8540E-1
-8.6090E-1 -8.6700E-1
-8.6080E-1 -8.8580E-1
-8.6070E-1 -8.6610E-1
-8.6060E-1 -8.8500E-1
-8.6050E-1 -8.6600E-1
-8.6040E-1 -8.8480E-1
-8.6030E-1 -8.6550E-1
-8.6020E-1 -8.8430E-1
-8.6010E-1 -8.6570E-1
-8.6000E-1 -8.8460E-1
-8.5990E-1 -8.6500E-1
-8.5980E-1 -8.8380E-1
-8.5970E-1 -8.6500E-1
-8.5960E-1 -8.8380E-1
-8.5950E-1 -8.6470E-1
-8.5940E-1 -8.8350E-1
-8.5930E-1 -8.6510E-1
-8.5920E-1 -8.8400E-1
-8.5910E-1 -8.6430E-1
-8.5900E-1 -8.8310E-1
-8.5890E-1 -8.6430E-1
-8.5880E-1 -8.8310E-1
-8.5870E-1 -8.6380E-1
-8.5860E-1 -8.8270E-1
-8.5850E-1 -8.6420E-1
-8.5840E-1 -8.8300E-1
-8.5830E-1 -8.6360E-1
-8.5820E-1 -8.8230E-1
-8.5810E-1 -8.6370E-1
-8.5800E-1 -8.8250E-1
-8.5790E-1 -8.6340E-1
-8.5780E-1 -8.8220E-1
-8.5770E-1 -8.6390E-1
-8.5760E-1 -8.8270E-1
-8.5750E-1 -8.6310E-1
-8.5740E-1 -8.8200E-1
-8.5730E-1 -8.6290E-1
-8.5720E-1 -8.8180E-1
-8.5710E-1 -8.6240E-1
-8.5700E-1 -8.8120E-1
-8.5690E-1 -8.6250E-1
-8.5680E-1 -8.8130E-1
-8.5670E-1 -8.6180E-1
-8.5660E-1 -8.8060E-1
-8.5650E-1 -8.6180E-1
-8.5640E-1 -8.8060E-1
-8.5630E-1 -8.6150E-1
-8.5620E-1 -8.8020E-1
-8.5610E-1 -8.6180E-1
-8.5600E-1 -8.8050E-1
-8.5590E-1 -8.6090E-1
-8.5580E-1 -8.7970E-1
-8.5570E-1 -8.6090E-1
-8.5560E-1 -8.7960E-1
-8.5550E-1 -8.6040E-1
-8.5540E-1 -8.7910E-1
-8.5530E-1 -8.6060E-1
-8.5520E-1 -8.7940E-1
-8.5510E-1 -8.6000E-1
-8.5500E-1 -8.7870E-1
-8.5490E-1 -8.6000E-1
-8.5480E-1 -8.7880E-1
-8.5470E-1 -8.5980E-1
-8.5460E-1 -8.7840E-1
-8.5450E-1 -8.6010E-1
-8.5440E-1 -8.7890E-1
-8.5430E-1 -8.5940E-1
-8.5420E-1 -8.7800E-1
-8.5410E-1 -8.5920E-1
-8.5400E-1 -8.7790E-1
-8.5390E-1 -8.5870E-1
-8.5380E-1 -8.7730E-1
-8.5370E-1 -8.5880E-1
-8.5360E-1 -8.7750E-1
-8.5350E-1 -8.5810E-1
-8.5340E-1 -8.7680E-1
-8.5330E-1 -8.5820E-1
-8.5320E-1 -8.7690E-1
-8.5310E-1 -8.5790E-1
-8.5300E-1 -8.7650E-1
-8.5290E-1 -8.5820E-1
-8.5280E-1 -8.7700E-1
-8.5270E-1 -8.5750E-1
-8.5260E-1 -8.7610E-1
-8.5250E-1 -8.5740E-1
-8.5240E-1 -8.7610E-1
-8.5230E-1 -8.5700E-1
-8.5220E-1 -8.7560E-1
-8.5210E-1 -8.5730E-1
-8.5200E-1 -8.7590E-1
-8.5190E-1 -8.5660E-1
-8.5180E-1 -8.7530E-1
-8.5170E-1 -8.5680E-1
-8.5160E-1 -8.7550E-1
-8.5150E-1 -8.5650E-1
-8.5140E-1 -8.7520E-1
-8.5130E-1 -8.5700E-1
-8.5120E-1 -8.7570E-1
-8.5110E-1 -8.5620E-1
-8.5100E-1 -8.7480E-1
-8.5090E-1 -8.5600E-1
-8.5080E-1 -8.7460E-1
-8.5070E-1 -8.5550E-1
-8.5060E-1 -8.7410E-1
-8.5050E-1 -8.5570E-1
-8.5040E-1 -8.7430E-1
-8.5030E-1 -8.5490E-1
-8.5020E-1 -8.7350E-1
-8.5010E-1 -8.5500E-1
-8.5000E-1 -8.7360E-1
-8.4990E-1 -8.5460E-1
-8.4980E-1 -8.7320E-1
-8.4970E-1 -8.5490E-1
-8.4960E-1 -8.7350E-1
-8.4950E-1 -8.5410E-1
-8.4940E-1 -8.7270E-1
-8.4930E-1 -8.5410E-1
-8.4920E-1 -8.7260E-1
-8.4910E-1 -8.5360E-1
-8.4900E-1 -8.7220E-1
-8.4890E-1 -8.5390E-1
-8.4880E-1 -8.7250E-1
-8.4870E-1 -8.5320E-1
-8.4860E-1 -8.7180E-1
-8.4850E-1 -8.5330E-1
-8.4840E-1 -8.7190E-1
-8.4830E-1 -8.5310E-1
-8.4820E-1 -8.7160E-1
-8.4810E-1 -8.5340E-1
-8.4800E-1 -8.7210E-1
-8.4790E-1 -8.5270E-1
-8.4780E-1 -8.7120E-1
-8.4770E-1 -8.5250E-1
-8.4760E-1 -8.7100E-1
-8.4750E-1 -8.5210E-1
-8.4740E-1 -8.7060E-1
-8.4730E-1 -8.5230E-1
-8.4720E-1 -8.7080E-1
-8.4710E-1 -8.5160E-1
-8.4700E-1 -8.7010E-1
-8.4690E-1 -8.5170E-1
-8.4680E-1 -8.7020E-1
-8.4670E-1 -8.5130E-1
-8.4660E-1 -5.5890E-1
-8.4650E-1 -8.5170E-1
-8.4640E-1 -8.7030E-1
-8.4630E-1 -8.5090E-1
-8.4620E-1 -8.6950E-1
-8.4610E-1 -8.5090E-1
-8.4600E-1 -8.6950E-1
-8.4590E-1 -8.5050E-1
-8.4580E-1 -8.6900E-1
-8.4570E-1 -8.5080E-1
-8.4560E-1 -8.6940E-1
-8.4550E-1 -8.5020E-1
-8.4540E-1 -8.6880E-1
-8.4530E-1 -8.5040E-1
-8.4520E-1 -8.6890E-1
-8.4510E-1 -8.5020E-1
-8.4500E-1 -8.6870E-1
-8.4490E-1 -8.5060E-1
-8.4480E-1 -8.6920E-1
-8.4470E-1 -8.5050E-1
-8.4460E-1 -8.6910E-1
-8.4450E-1 -8.5030E-1
-8.4440E-1 -8.6880E-1
-8.4430E-1 -8.4970E-1
-8.4420E-1 -8.6830E-1
-8.4410E-1 -8.4990E-1
-8.4400E-1 -8.6840E-1
-8.4390E-1 -8.4920E-1
-8.4380E-1 -8.6770E-1
-8.4370E-1 -8.4920E-1
-8.4360E-1 -8.6770E-1
-8.4350E-1 -8.4870E-1
-8.4340E-1 -8.6720E-1
-8.4330E-1 -8.4910E-1
-8.4320E-1 -8.6760E-1
-8.4310E-1 -8.4810E-1
-8.4300E-1 -8.6670E-1
-8.4290E-1 -8.4810E-1
-8.4280E-1 -8.6660E-1
-8.4270E-1 -8.4760E-1
-8.4260E-1 -8.6610E-1
-8.4250E-1 -8.4790E-1
-8.4240E-1 -8.6640E-1
-8.4230E-1 -8.4720E-1
-8.4220E-1 -8.6570E-1
-8.4210E-1 -8.4730E-1
-8.4200E-1 -8.6580E-1
-8.4190E-1 -8.4690E-1
-8.4180E-1 -8.6540E-1
-8.4170E-1 -8.4730E-1
-8.4160E-1 -8.6590E-1
-8.4150E-1 -8.4650E-1
-8.4140E-1 -8.6500E-1
-8.4130E-1 -8.4630E-1
-8.4120E-1 -8.6480E-1
-8.4110E-1 -8.4590E-1
-8.4100E-1 -8.6430E-1
-8.4090E-1 -8.4600E-1
-8.4080E-1 -8.6450E-1
-8.4070E-1 -8.4530E-1
-8.4060E-1 -8.6370E-1
-8.4050E-1 -8.4530E-1
-8.4040E-1 -8.6380E-1
-8.4030E-1 -8.4500E-1
-8.4020E-1 -8.6340E-1
-8.4010E-1 -6.4880E-1
-8.4000E-1 -8.6380E-1
-8.3990E-1 -8.4450E-1
-8.3980E-1 -8.6300E-1
-8.3970E-1 -8.4450E-1
-8.3960E-1 -8.6290E-1
-8.3950E-1 -8.4410E-1
-8.3940E-1 -8.6250E-1
-8.3930E-1 -8.4430E-1
-8.3920E-1 -8.6270E-1
-8.3910E-1 -8.4370E-1
-8.3900E-1 -8.6210E-1
-8.3890E-1 -8.4380E-1
-8.3880E-1 -8.6220E-1
-8.3870E-1 -8.4350E-1
-8.3860E-1 -8.6200E-1
-8.3850E-1 -8.4400E-1
-8.3840E-1 -8.6250E-1
-8.3830E-1 -8.4320E-1
-8.3820E-1 -8.6160E-1
-8.3810E-1 -8.4300E-1
-8.3800E-1 -8.6140E-1
-8.3790E-1 -8.4250E-1
-8.3780E-1 -8.6080E-1
-8.3770E-1 -8.4270E-1
-8.3760E-1 -8.6100E-1
-8.3750E-1 -8.4190E-1
-8.3740E-1 -8.6030E-1
-8.3730E-1 -8.4190E-1
-8.3720E-1 -8.6030E-1
-8.3710E-1 -8.4160E-1
-8.3700E-1 -8.5990E-1
-8.3690E-1 -8.4190E-1
-8.3680E-1 -8.6030E-1
-8.3670E-1 -8.4110E-1
-8.3660E-1 -8.5940E-1
-8.3650E-1 -8.4100E-1
-8.3640E-1 -8.5940E-1
-8.3630E-1 -8.4050E-1
-8.3620E-1 -8.5890E-1
-8.3610E-1 -8.4080E-1
-8.3600E-1 -8.5920E-1
-8.3590E-1 -8.4020E-1
-8.3580E-1 -8.5850E-1
-8.3570E-1 -8.4020E-1
-8.3560E-1 -8.5860E-1
-8.3550E-1 -8.4000E-1
-8.3540E-1 -8.5830E-1
-8.3530E-1 -8.4040E-1
-8.3520E-1 -8.5870E-1
-8.3510E-1 -8.3960E-1
-8.3500E-1 -8.5780E-1
-8.3490E-1 -8.3940E-1
-8.3480E-1 -8.5780E-1
-8.3470E-1 -8.3890E-1
-8.3460E-1 -8.5720E-1
-8.3450E-1 -8.3910E-1
-8.3440E-1 -8.5740E-1
-8.3430E-1 -8.3840E-1
-8.3420E-1 -8.5670E-1
-8.3410E-1 -8.3850E-1
-8.3400E-1 -8.5680E-1
-8.3390E-1 -8.3820E-1
-8.3380E-1 -8.5640E-1
-8.3370E-1 -8.3850E-1
-8.3360E-1 -8.5680E-1
-8.3350E-1 -8.3780E-1
-8.3340E-1 -8.5610E-1
-8.3330E-1 -8.3780E-1
-8.3320E-1 -8.5600E-1
-8.3310E-1 -8.3730E-1
-8.3300E-1 -8.5560E-1
-8.3290E-1 -8.3760E-1
-8.3280E-1 -8.5590E-1
-8.3270E-1 -8.3700E-1
-8.3260E-1 -8.5530E-1
-8.3250E-1 -8.3720E-1
-8.3240E-1 -8.5540E-1
-8.3230E-1 -8.3690E-1
-8.3220E-1 -8.5520E-1
-8.3210E-1 -8.3730E-1
-8.3200E-1 -8.5570E-1
-8.3190E-1 -8.3670E-1
-8.3180E-1 -8.5490E-1
-8.3170E-1 -8.3650E-1
-8.3160E-1 -8.5470E-1
-8.3150E-1 -8.3590E-1
-8.3140E-1 -8.5420E-1
-8.3130E-1 -8.3610E-1
-8.3120E-1 -8.5440E-1
-8.3110E-1 -8.3540E-1
-8.3100E-1 -8.5360E-1
-8.3090E-1 -8.3530E-1
-8.3080E-1 -8.5360E-1
-8.3070E-1 -8.3500E-1
-8.3060E-1 -8.5320E-1
-8.3050E-1 -8.3530E-1
-8.3040E-1 -8.5350E-1
-8.3030E-1 -8.3450E-1
-8.3020E-1 -8.5270E-1
-8.3010E-1 -8.3440E-1
-8.3000E-1 -8.5260E-1
-8.2990E-1 -8.3390E-1
-8.2980E-1 -8.5220E-1
-8.2970E-1 -8.3420E-1
-8.2960E-1 -8.5230E-1
-8.2950E-1 -8.3350E-1
-8.2940E-1 -8.5170E-1
-8.2930E-1 -8.3360E-1
-8.2920E-1 -8.5170E-1
-8.2910E-1 -8.3330E-1
-8.2900E-1 -8.5140E-1
-8.2890E-1 -8.3370E-1
-8.2880E-1 -8.5190E-1
-8.2870E-1 -8.3290E-1
-8.2860E-1 -8.5100E-1
-8.2850E-1 -8.3270E-1
-8.2840E-1 -8.5090E-1
-8.2830E-1 -8.3220E-1
-8.2820E-1 -8.5040E-1
-8.2810E-1 -8.3240E-1
-8.2800E-1 -8.5060E-1
-8.2790E-1 -8.3170E-1
-8.2780E-1 -8.4990E-1
-8.2770E-1 -8.3180E-1
-8.2760E-1 -8.4990E-1
-8.2750E-1 -8.3150E-1
-8.2740E-1 -8.4960E-1
-8.2730E-1 -8.3180E-1
-8.2720E-1 -8.5000E-1
-8.2710E-1 -8.3100E-1
-8.2700E-1 -8.4920E-1
-8.2690E-1 -8.3100E-1
-8.2680E-1 -8.4910E-1
-8.2670E-1 -8.3050E-1
-8.2660E-1 -8.4860E-1
-8.2650E-1 -8.3080E-1
-8.2640E-1 -8.4900E-1
-8.2630E-1 -8.3020E-1
-8.2620E-1 -8.4830E-1
-8.2610E-1 -8.3030E-1
-8.2600E-1 -8.4850E-1
-8.2590E-1 -8.3010E-1
-8.2580E-1 -8.4820E-1
-8.2570E-1 -8.3060E-1
-8.2560E-1 -8.4870E-1
-8.2550E-1 -8.2980E-1
-8.2540E-1 -8.4790E-1
-8.2530E-1 -8.2960E-1
-8.2520E-1 -8.4770E-1
-8.2510E-1 -8.2910E-1
-8.2500E-1 -8.4720E-1
-8.2490E-1 -8.2930E-1
-8.2480E-1 -8.4730E-1
-8.2470E-1 -8.2850E-1
-8.2460E-1 -8.4660E-1
-8.2450E-1 -8.2860E-1
-8.2440E-1 -8.4670E-1
-8.2430E-1 -8.2820E-1
-8.2420E-1 -8.4630E-1
-8.2410E-1 -8.2860E-1
-8.2400E-1 -8.4660E-1
-8.2390E-1 -8.2780E-1
-8.2380E-1 -8.4580E-1
-8.2370E-1 -8.2770E-1
-8.2360E-1 -8.4570E-1
-8.2350E-1 -8.2720E-1
-8.2340E-1 -8.4530E-1
-8.2330E-1 -8.2740E-1
-8.2320E-1 -8.4550E-1
-8.2310E-1 -8.2690E-1
-8.2300E-1 -8.4490E-1
-8.2290E-1 -8.2700E-1
-8.2280E-1 -8.4500E-1
-8.2270E-1 -8.2670E-1
-8.2260E-1 -8.4470E-1
-8.2250E-1 -8.2720E-1
-8.2240E-1 -8.4520E-1
-8.2230E-1 -8.2630E-1
-8.2220E-1 -8.4430E-1
-8.2210E-1 -8.2620E-1
-8.2200E-1 -8.4420E-1
-8.2190E-1 -8.2570E-1
-8.2180E-1 -8.4370E-1
-8.2170E-1 -8.2590E-1
-8.2160E-1 -8.4400E-1
-8.2150E-1 -8.2530E-1
-8.2140E-1 -8.4330E-1
-8.2130E-1 -8.2530E-1
-8.2120E-1 -8.4330E-1
-8.2110E-1 -8.2500E-1
-8.2100E-1 -8.4300E-1
-8.2090E-1 -8.2530E-1
-8.2080E-1 -8.4340E-1
-8.2070E-1 -8.2470E-1
-8.2060E-1 -8.4260E-1
-8.2050E-1 -8.2460E-1
-8.2040E-1 -8.4260E-1
-8.2030E-1 -8.2420E-1
-8.2020E-1 -8.4220E-1
-8.2010E-1 -8.2450E-1
-8.2000E-1 -8.4250E-1
-8.1990E-1 -8.2390E-1
-8.1980E-1 -8.4190E-1
-8.1970E-1 -8.2400E-1
-8.1960E-1 -8.4210E-1
-8.1950E-1 -8.2380E-1
-8.1940E-1 -8.4180E-1
-8.1930E-1 -8.2430E-1
-8.1920E-1 -8.4230E-1
-8.1910E-1 -8.3670E-1
-8.1900E-1 -8.5480E-1
-8.1890E-1 -8.3660E-1
-8.1880E-1 -8.5460E-1
-8.1870E-1 -8.3600E-1
-8.1860E-1 -8.5400E-1
-8.1850E-1 -8.3610E-1
-8.1840E-1 -8.5420E-1
-8.1830E-1 -8.3540E-1
-8.1820E-1 -8.5340E-1
-8.1810E-1 -8.3540E-1
-8.1800E-1 -8.5340E-1
-8.1790E-1 -8.3500E-1
-8.1780E-1 -8.5300E-1
-8.1770E-1 -8.3530E-1
-8.1760E-1 -8.5330E-1
-8.1750E-1 -8.3440E-1
-8.1740E-1 -8.5240E-1
-8.1730E-1 -8.3430E-1
-8.1720E-1 -8.5230E-1
-8.1710E-1 -8.3380E-1
-8.1700E-1 -8.5180E-1
-8.1690E-1 -8.3410E-1
-8.1680E-1 -8.5200E-1
-8.1670E-1 -8.3340E-1
-8.1660E-1 -8.5140E-1
-8.1650E-1 -8.3350E-1
-8.1640E-1 -8.5150E-1
-8.1630E-1 -8.3320E-1
-8.1620E-1 -8.5110E-1
-8.1610E-1 -8.3350E-1
-8.1600E-1 -8.5150E-1
-8.1590E-1 -8.3270E-1
-8.1580E-1 -8.5060E-1
-8.1570E-1 -8.3250E-1
-8.1560E-1 -8.5050E-1
-8.1550E-1 -8.3200E-1
-8.1540E-1 -8.4990E-1
-8.1530E-1 -8.3220E-1
-8.1520E-1 -8.5010E-1
-8.1510E-1 -8.3150E-1
-8.1500E-1 -8.4940E-1
-8.1490E-1 -8.3150E-1
-8.1480E-1 -8.4940E-1
-8.1470E-1 -8.3120E-1
-8.1460E-1 -8.4910E-1
-8.1450E-1 -8.3150E-1
-8.1440E-1 -8.4940E-1
-8.1430E-1 -8.3070E-1
-8.1420E-1 -8.4860E-1
-8.1410E-1 -8.3070E-1
-8.1400E-1 -8.4850E-1
-8.1390E-1 -8.3020E-1
-8.1380E-1 -8.4810E-1
-8.1370E-1 -8.3040E-1
-8.1360E-1 -8.4840E-1
-8.1350E-1 -8.2980E-1
-8.1340E-1 -8.4770E-1
-8.1330E-1 -8.2990E-1
-8.1320E-1 -8.4780E-1
-8.1310E-1 -8.2970E-1
-8.1300E-1 -8.4750E-1
-8.1290E-1 -8.3000E-1
-8.1280E-1 -8.4800E-1
-8.1270E-1 -8.2930E-1
-8.1260E-1 -8.4720E-1
-8.1250E-1 -8.2910E-1
-8.1240E-1 -8.4700E-1
-8.1230E-1 -2.7540E-1
-8.1220E-1 -8.4640E-1
-8.1210E-1 -8.2870E-1
-8.1200E-1 -8.4660E-1
-8.1190E-1 -8.2800E-1
-8.1180E-1 -8.4590E-1
-8.1170E-1 -8.2800E-1
-8.1160E-1 -8.4580E-1
-8.1150E-1 -8.2760E-1
-8.1140E-1 -8.4550E-1
-8.1130E-1 -8.2790E-1
-8.1120E-1 -8.4580E-1
-8.1110E-1 -8.2710E-1
-8.1100E-1 -8.4490E-1
-8.1090E-1 -8.2710E-1
-8.1080E-1 -8.4480E-1
-8.1070E-1 -8.2660E-1
-8.1060E-1 -8.4440E-1
-8.1050E-1 -8.2680E-1
-8.1040E-1 -8.4460E-1
-8.1030E-1 -8.2620E-1
-8.1020E-1 -8.4400E-1
-8.1010E-1 -8.2620E-1
-8.1000E-1 -8.4410E-1
-8.0990E-1 -8.2590E-1
-8.0980E-1 -8.4370E-1
-8.0970E-1 -8.2630E-1
-8.0960E-1 -8.4420E-1
-8.0950E-1 -8.2550E-1
-8.0940E-1 -8.4330E-1
-8.0930E-1 -8.2540E-1
-8.0920E-1 -8.4320E-1
-8.0910E-1 -8.2490E-1
-8.0900E-1 -8.4270E-1
-8.0890E-1 -8.2510E-1
-8.0880E-1 -8.4290E-1
-8.0870E-1 -8.2440E-1
-8.0860E-1 -8.4220E-1
-8.0850E-1 -8.2450E-1
-8.0840E-1 -8.4220E-1
-8.0830E-1 -8.2410E-1
-8.0820E-1 -8.4190E-1
-8.0810E-1 -8.2450E-1
-8.0800E-1 -8.4230E-1
-8.0790E-1 -8.2370E-1
-8.0780E-1 -8.4150E-1
-8.0770E-1 -8.2370E-1
-8.0760E-1 -8.4140E-1
-8.0750E-1 -8.2330E-1
-8.0740E-1 -8.4100E-1
-8.0730E-1 -8.2360E-1
-8.0720E-1 -8.4130E-1
-8.0710E-1 -8.2300E-1
-8.0700E-1 -8.4070E-1
-8.0690E-1 -8.2310E-1
-8.0680E-1 -8.4080E-1
-8.0670E-1 -8.2280E-1
-8.0660E-1 -8.4050E-1
-8.0650E-1 -8.2320E-1
-8.0640E-1 -8.4100E-1
-8.0630E-1 -8.2250E-1
-8.0620E-1 -8.4030E-1
-8.0610E-1 -8.2240E-1
-8.0600E-1 -8.4010E-1
-8.0590E-1 -8.2180E-1
-8.0580E-1 -8.3960E-1
-8.0570E-1 -8.2190E-1
-8.0560E-1 -8.3970E-1
-8.0550E-1 -8.2120E-1
-8.0540E-1 -8.3890E-1
-8.0530E-1 -8.2120E-1
-8.0520E-1 -8.3890E-1
-8.0510E-1 -8.2080E-1
-8.0500E-1 -8.3850E-1
-8.0490E-1 -8.2110E-1
-8.0480E-1 -8.3880E-1
-8.0470E-1 -8.2030E-1
-8.0460E-1 -8.3800E-1
-8.0450E-1 -8.2030E-1
-8.0440E-1 -8.3790E-1
-8.0430E-1 -8.1970E-1
-8.0420E-1 -8.3740E-1
-8.0410E-1 -8.2000E-1
-8.0400E-1 -8.3770E-1
-8.0390E-1 -8.1930E-1
-8.0380E-1 -8.3700E-1
-8.0370E-1 -8.1940E-1
-8.0360E-1 -8.3700E-1
-8.0350E-1 -8.1910E-1
-8.0340E-1 -8.3670E-1
-8.0330E-1 -8.1940E-1
-8.0320E-1 -8.3710E-1
-8.0310E-1 -8.1860E-1
-8.0300E-1 -8.3630E-1
-8.0290E-1 -8.1850E-1
-8.0280E-1 -8.3610E-1
-8.0270E-1 -8.1790E-1
-8.0260E-1 -8.3560E-1
-8.0250E-1 -8.1820E-1
-8.0240E-1 -8.3580E-1
-8.0230E-1 -8.1750E-1
-8.0220E-1 -8.3510E-1
-8.0210E-1 -8.1750E-1
-8.0200E-1 -8.3510E-1
-8.0190E-1 -8.1720E-1
-8.0180E-1 -8.3480E-1
-8.0170E-1 -8.1750E-1
-8.0160E-1 -8.3510E-1
-8.0150E-1 -8.1680E-1
-8.0140E-1 -8.3430E-1
-8.0130E-1 -8.1670E-1
-8.0120E-1 -8.3430E-1
-8.0110E-1 -8.1630E-1
-8.0100E-1 -8.3390E-1
-8.0090E-1 -8.1660E-1
-8.0080E-1 -8.3410E-1
-8.0070E-1 -8.1590E-1
-8.0060E-1 -8.3360E-1
-8.0050E-1 -8.1600E-1
-8.0040E-1 -8.3360E-1
-8.0030E-1 -8.1570E-1
-8.0020E-1 -8.3330E-1
-8.0010E-1 -8.1620E-1
-8.0000E-1 -8.3380E-1
-7.9990E-1 -8.1540E-1
-7.9980E-1 -8.3300E-1
-7.9970E-1 -8.1520E-1
-7.9960E-1 -8.3280E-1
-7.9950E-1 -8.1470E-1
-7.9940E-1 -8.3230E-1
-7.9930E-1 -8.1490E-1
-7.9920E-1 -8.3240E-1
-7.9910E-1 -8.1420E-1
-7.9900E-1 -8.3170E-1
-7.9890E-1 -8.1420E-1
-7.9880E-1 -8.3170E-1
-7.9870E-1 -8.1380E-1
-7.9860E-1 -8.3140E-1
-7.9850E-1 -8.1410E-1
-7.9840E-1 -8.3170E-1
-7.9830E-1 -8.1330E-1
-7.9820E-1 -8.3090E-1
-7.9810E-1 -8.1320E-1
-7.9800E-1 -8.3080E-1
-7.9790E-1 -8.1280E-1
-7.9780E-1 -8.3030E-1
-7.9770E-1 -8.1310E-1
-7.9760E-1 -8.3060E-1
-7.9750E-1 -8.1250E-1
-7.9740E-1 -8.2990E-1
-7.9730E-1 -8.1250E-1
-7.9720E-1 -8.3000E-1
-7.9710E-1 -8.1230E-1
-7.9700E-1 -8.2970E-1
-7.9690E-1 -8.1260E-1
-7.9680E-1 -8.3020E-1
-7.9670E-1 -8.1180E-1
-7.9660E-1 -8.2940E-1
-7.9650E-1 -8.1170E-1
-7.9640E-1 -8.2920E-1
-7.9630E-1 -8.1120E-1
-7.9620E-1 -8.2870E-1
-7.9610E-1 -8.1150E-1
-7.9600E-1 -8.2890E-1
-7.9590E-1 -8.1080E-1
-7.9580E-1 -8.2830E-1
-7.9570E-1 -8.1090E-1
-7.9560E-1 -8.2830E-1
-7.9550E-1 -8.1050E-1
-7.9540E-1 -8.2800E-1
-7.9530E-1 -8.1090E-1
-7.9520E-1 -8.2830E-1
-7.9510E-1 -8.1010E-1
-7.9500E-1 -8.2760E-1
-7.9490E-1 -8.1010E-1
-7.9480E-1 -8.2750E-1
-7.9470E-1 -8.0970E-1
-7.9460E-1 -8.2720E-1
-7.9450E-1 -8.1000E-1
-7.9440E-1 -8.2740E-1
-7.9430E-1 -8.0940E-1
-7.9420E-1 -8.2680E-1
-7.9410E-1 -8.0950E-1
-7.9400E-1 -8.2700E-1
-7.9390E-1 -8.0930E-1
-7.9380E-1 -8.2670E-1
-7.9370E-1 -8.0970E-1
-7.9360E-1 -8.2720E-1
-7.9350E-1 -8.0980E-1
-7.9340E-1 -8.2730E-1
-7.9330E-1 -8.0960E-1
-7.9320E-1 -8.2710E-1
-7.9310E-1 -8.0900E-1
-7.9300E-1 -8.2660E-1
-7.9290E-1 -8.0910E-1
-7.9280E-1 -8.2670E-1
-7.9270E-1 -8.0840E-1
-7.9260E-1 -8.2590E-1
-7.9250E-1 -8.0840E-1
-7.9240E-1 -8.2590E-1
-7.9230E-1 -8.0800E-1
-7.9220E-1 -8.2550E-1
-7.9210E-1 -8.0830E-1
-7.9200E-1 -8.2580E-1
-7.9190E-1 -8.0750E-1
-7.9180E-1 -8.2500E-1
-7.9170E-1 -8.0740E-1
-7.9160E-1 -8.2480E-1
-7.9150E-1 -8.0690E-1
-7.9140E-1 -8.2440E-1
-7.9130E-1 -8.0710E-1
-7.9120E-1 -8.2460E-1
-7.9110E-1 -8.0650E-1
-7.9100E-1 -8.2390E-1
-7.9090E-1 -8.0650E-1
-7.9080E-1 -8.2400E-1
-7.9070E-1 -8.0620E-1
-7.9060E-1 -8.2370E-1
-7.9050E-1 -8.0650E-1
-7.9040E-1 -8.2410E-1
-7.9030E-1 -8.0580E-1
-7.9020E-1 -8.2320E-1
-7.9010E-1 -8.0560E-1
-7.9000E-1 -8.2300E-1
-7.8990E-1 -8.0510E-1
-7.8980E-1 -8.2250E-1
-7.8970E-1 -8.0530E-1
-7.8960E-1 -8.2270E-1
-7.8950E-1 -8.0460E-1
-7.8940E-1 -8.2200E-1
-7.8930E-1 -8.0460E-1
-7.8920E-1 -8.2200E-1
-7.8910E-1 -8.0430E-1
-7.8900E-1 -8.2160E-1
-7.8890E-1 -8.0450E-1
-7.8880E-1 -8.2200E-1
-7.8870E-1 -8.0380E-1
-7.8860E-1 -8.2120E-1
-7.8850E-1 -8.0370E-1
-7.8840E-1 -8.2110E-1
-7.8830E-1 -8.0340E-1
-7.8820E-1 -8.2070E-1
-7.8810E-1 -8.0350E-1
-7.8800E-1 -8.2090E-1
-7.8790E-1 -8.0300E-1
-7.8780E-1 -8.2030E-1
-7.8770E-1 -8.0300E-1
-7.8760E-1 -8.2040E-1
-7.8750E-1 -8.0280E-1
-7.8740E-1 -8.2010E-1
-7.8730E-1 -8.0320E-1
-7.8720E-1 -8.2060E-1
-7.8710E-1 -8.0240E-1
-7.8700E-1 -8.1980E-1
-7.8690E-1 -8.0220E-1
-7.8680E-1 -8.1960E-1
-7.8670E-1 -8.0170E-1
-7.8660E-1 -8.1910E-1
-7.8650E-1 -8.0180E-1
-7.8640E-1 -8.1920E-1
-7.8630E-1 -8.0110E-1
-7.8620E-1 -8.1850E-1
-7.8610E-1 -8.0120E-1
-7.8600E-1 -8.1850E-1
-7.8590E-1 -8.0080E-1
-7.8580E-1 -8.1810E-1
-7.8570E-1 -8.0100E-1
-7.8560E-1 -8.1840E-1
-7.8550E-1 -8.0030E-1
-7.8540E-1 -8.1760E-1
-7.8530E-1 -8.0020E-1
-7.8520E-1 -8.1750E-1
-7.8510E-1 -7.9970E-1
-7.8500E-1 -8.1700E-1
-7.8490E-1 -8.0000E-1
-7.8480E-1 -8.1730E-1
-7.8470E-1 -7.9940E-1
-7.8460E-1 -8.1670E-1
-7.8450E-1 -7.9940E-1
-7.8440E-1 -8.1670E-1
-7.8430E-1 -7.9910E-1
-7.8420E-1 -8.1640E-1
-7.8410E-1 -7.9950E-1
-7.8400E-1 -8.1680E-1
-7.8390E-1 -7.9870E-1
-7.8380E-1 -8.1600E-1
-7.8370E-1 -7.9860E-1
-7.8360E-1 -8.1590E-1
-7.8350E-1 -7.9800E-1
-7.8340E-1 -8.1540E-1
-7.8330E-1 -7.9830E-1
-7.8320E-1 -8.1550E-1
-7.8310E-1 -7.9760E-1
-7.8300E-1 -8.1490E-1
-7.8290E-1 -7.9770E-1
-7.8280E-1 -8.1490E-1
-7.8270E-1 -7.9730E-1
-7.8260E-1 -8.1460E-1
-7.8250E-1 -7.9760E-1
-7.8240E-1 -8.1500E-1
-7.8230E-1 -7.9690E-1
-7.8220E-1 -8.1420E-1
-7.8210E-1 -7.9680E-1
-7.8200E-1 -8.1410E-1
-7.8190E-1 -7.9640E-1
-7.8180E-1 -8.1370E-1
-7.8170E-1 -7.9670E-1
-7.8160E-1 -8.1400E-1
-7.8150E-1 -7.9610E-1
-7.8140E-1 -8.1340E-1
-7.8130E-1 -7.9620E-1
-7.8120E-1 -8.1350E-1
-7.8110E-1 -7.9590E-1
-7.8100E-1 -8.1320E-1
-7.8090E-1 -7.9630E-1
-7.8080E-1 -8.1370E-1
-7.8070E-1 -7.9560E-1
-7.8060E-1 -8.1290E-1
-7.8050E-1 -7.9530E-1
-7.8040E-1 -8.1270E-1
-7.8030E-1 -7.9480E-1
-7.8020E-1 -8.1210E-1
-7.8010E-1 -7.9480E-1
-7.8000E-1 -8.1220E-1
