-6.5999E+0 -7.2390E+0
-6.5996E+0 -7.2380E+0
-6.5993E+0 -7.2380E+0
-6.5990E+0 -7.2390E+0
-6.5987E+0 -7.2380E+0
-6.5984E+0 -7.2380E+0
-6.5981E+0 -7.2380E+0
-6.5978E+0 -7.2390E+0
-6.5975E+0 -7.2390E+0
-6.5972E+0 -7.2390E+0
-6.5969E+0 -7.2380E+0
-6.5966E+0 -7.2390E+0
-6.5963E+0 -7.2380E+0
-6.5960E+0 -7.2390E+0
-6.5957E+0 -7.2380E+0
-6.5954E+0 -7.2380E+0
-6.5951E+0 -7.2380E+0
-6.5948E+0 -7.2390E+0
-6.5945E+0 -7.2390E+0
-6.5942E+0 -7.2390E+0
-6.5939E+0 -7.2380E+0
-6.5936E+0 -7.2390E+0
-6.5933E+0 -7.2380E+0
-6.5930E+0 -7.2380E+0
-6.5927E+0 -7.2380E+0
-6.5924E+0 -7.2390E+0
-6.5921E+0 -7.2390E+0
-6.5918E+0 -7.2390E+0
-6.5915E+0 -7.2390E+0
-6.5912E+0 -7.2380E+0
-6.5909E+0 -7.2380E+0
-6.5906E+0 -7.2390E+0
-6.5903E+0 -7.2380E+0
-6.5900E+0 -7.2390E+0
-6.5897E+0 -7.2390E+0
-6.5894E+0 -7.2390E+0
-6.5891E+0 -7.2390E+0
-6.5888E+0 -7.2390E+0
-6.5885E+0 -7.2390E+0
-6.5882E+0 -7.2390E+0
-6.5879E+0 -7.2390E+0
-6.5876E+0 -7.2390E+0
-6.5873E+0 -7.2390E+0
-6.5870E+0 -7.2390E+0
-6.5867E+0 -7.2390E+0
-6.5864E+0 -7.2380E+0
-6.5861E+0 -7.2380E+0
-6.5858E+0 -7.2380E+0
-6.5855E+0 -7.2390E+0
-6.5852E+0 -7.2390E+0
-6.5849E+0 -7.2390E+0
-6.5846E+0 -7.2390E+0
-6.5843E+0 -7.2390E+0
-6.5840E+0 -7.2380E+0
-6.5837E+0 -7.2380E+0
-6.5834E+0 -7.2380E+0
-6.5831E+0 -7.2390E+0
-6.5828E+0 -7.2390E+0
-6.5825E+0 -7.2390E+0
-6.5822E+0 -7.2390E+0
-6.5819E+0 -7.2390E+0
-6.5816E+0 -7.2380E+0
-6.5813E+0 -7.2380E+0
-6.5810E+0 -7.2380E+0
-6.5807E+0 -7.2380E+0
-6.5804E+0 -7.2390E+0
-6.5801E+0 -7.2390E+0
-6.5798E+0 -7.2390E+0
-6.5795E+0 -7.2380E+0
-6.5792E+0 -7.2390E+0
-6.5789E+0 -7.2390E+0
-6.5786E+0 -7.2380E+0
-6.5783E+0 -7.2390E+0
-6.5780E+0 -7.2390E+0
-6.5777E+0 -7.2380E+0
-6.5774E+0 -7.2380E+0
-6.5771E+0 -7.2380E+0
-6.5768E+0 -7.2390E+0
-6.5765E+0 -7.2390E+0
-6.5762E+0 -7.2390E+0
-6.5759E+0 -7.2380E+0
-6.5756E+0 -7.2390E+0
-6.5753E+0 -7.2390E+0
-6.5750E+0 -7.2390E+0
-6.5747E+0 -7.2390E+0
-6.5744E+0 -7.2390E+0
-6.5741E+0 -7.2390E+0
-6.5738E+0 -7.2380E+0
-6.5735E+0 -7.2380E+0
-6.5732E+0 -7.2380E+0
-6.5729E+0 -7.2390E+0
-6.5726E+0 -7.2390E+0
-6.5723E+0 -7.2380E+0
-6.5720E+0 -7.2390E+0
-6.5717E+0 -7.2380E+0
-6.5714E+0 -7.2380E+0
-6.5711E+0 -7.2390E+0
-6.5708E+0 -7.2380E+0
-6.5705E+0 -7.2390E+0
-6.5702E+0 -7.2390E+0
-6.5699E+0 -7.2380E+0
-6.5696E+0 -7.2380E+0
-6.5693E+0 -7.2390E+0
-6.5690E+0 -7.2380E+0
-6.5687E+0 -7.2390E+0
-6.5684E+0 -7.2380E+0
-6.5681E+0 -7.2380E+0
-6.5678E+0 -7.2390E+0
-6.5675E+0 -7.2380E+0
-6.5672E+0 -7.2380E+0
-6.5669E+0 -7.2380E+0
-6.5666E+0 -7.2380E+0
-6.5663E+0 -7.2380E+0
-6.5543E+0 -7.2390E+0
-6.5540E+0 -7.2380E+0
-6.5537E+0 -7.2390E+0
-6.5534E+0 -7.2390E+0
-6.5531E+0 -7.2340E+0
-6.5528E+0 -7.2380E+0
-6.5525E+0 -7.2310E+0
-6.5522E+0 -7.2330E+0
-6.5519E+0 -7.2310E+0
-6.5516E+0 -7.2320E+0
-6.5513E+0 -7.2280E+0
-6.5510E+0 -7.2290E+0
-6.5507E+0 -7.2270E+0
-6.5504E+0 -7.2350E+0
-6.5501E+0 -7.2260E+0
-6.5498E+0 -7.2260E+0
-6.5495E+0 -7.2240E+0
-6.5492E+0 -7.2270E+0
-6.5489E+0 -7.2250E+0
-6.5486E+0 -7.2250E+0
-6.5483E+0 -7.2220E+0
-6.5480E+0 -7.2280E+0
-6.5477E+0 -7.2220E+0
-6.5474E+0 -7.2260E+0
-6.5471E+0 -7.2250E+0
-6.5468E+0 -7.2250E+0
-6.5465E+0 -7.2210E+0
-6.5462E+0 -7.2210E+0
-6.5459E+0 -7.2180E+0
-6.5456E+0 -7.2250E+0
-6.5453E+0 -7.2170E+0
-6.5450E+0 -7.2180E+0
-6.5447E+0 -7.2170E+0
-6.5444E+0 -7.2200E+0
-6.5441E+0 -7.2190E+0
-6.5438E+0 -7.2190E+0
-6.5435E+0 -7.2150E+0
-6.5432E+0 -7.2200E+0
-6.5429E+0 -7.2130E+0
-6.5426E+0 -7.2160E+0
-6.5423E+0 -7.2160E+0
-6.5420E+0 -7.2170E+0
-6.5417E+0 -7.2140E+0
-6.5414E+0 -7.2160E+0
-6.5411E+0 -7.2150E+0
-6.5408E+0 -7.2230E+0
-6.5405E+0 -7.2150E+0
-6.5402E+0 -7.2140E+0
-6.5399E+0 -7.2110E+0
-6.5396E+0 -7.2140E+0
-6.5393E+0 -7.2110E+0
-6.5390E+0 -7.2110E+0
-6.5387E+0 -7.2080E+0
-6.5384E+0 -7.2130E+0
-6.5381E+0 -7.2070E+0
-6.5378E+0 -7.2100E+0
-6.5375E+0 -7.2090E+0
-6.5372E+0 -7.2100E+0
-6.5369E+0 -7.2060E+0
-6.5366E+0 -7.2060E+0
-6.5363E+0 -7.2040E+0
-6.5360E+0 -7.2110E+0
-6.5357E+0 -7.2040E+0
-6.5354E+0 -7.2050E+0
-6.5351E+0 -7.2040E+0
-6.5348E+0 -7.2080E+0
-6.5345E+0 -7.2070E+0
-6.5342E+0 -7.2070E+0
-6.5339E+0 -7.2030E+0
-6.5336E+0 -7.2070E+0
-6.5333E+0 -7.2010E+0
-6.5330E+0 -7.2030E+0
-6.5327E+0 -7.2020E+0
-6.5324E+0 -7.2030E+0
-6.5321E+0 -7.2000E+0
-6.5318E+0 -7.2010E+0
-6.5315E+0 -7.2000E+0
-6.5312E+0 -7.2070E+0
-6.5309E+0 -7.1990E+0
-6.5306E+0 -7.2000E+0
-6.5303E+0 -7.1990E+0
-6.5300E+0 -7.2010E+0
-6.5297E+0 -7.2000E+0
-6.5294E+0 -7.2000E+0
-6.5291E+0 -7.1970E+0
-6.5288E+0 -7.2030E+0
-6.5285E+0 -7.1990E+0
-6.5282E+0 -7.2020E+0
-6.5279E+0 -7.2030E+0
-6.5276E+0 -7.2030E+0
-6.5273E+0 -7.1980E+0
-6.5270E+0 -7.1980E+0
-6.5267E+0 -7.1950E+0
-6.5264E+0 -7.2010E+0
-6.5261E+0 -7.1940E+0
-6.5258E+0 -7.1940E+0
-6.5255E+0 -7.1930E+0
-6.5252E+0 -7.1960E+0
-6.5249E+0 -7.1940E+0
-6.5246E+0 -7.1940E+0
-6.5243E+0 -7.1900E+0
-6.5240E+0 -7.1950E+0
-6.5237E+0 -7.1880E+0
-6.5234E+0 -7.1910E+0
-6.5231E+0 -7.1900E+0
-6.5228E+0 -7.1910E+0
-6.5225E+0 -7.1880E+0
-6.5222E+0 -7.1890E+0
-6.5219E+0 -7.1890E+0
-6.5216E+0 -7.1970E+0
-6.5213E+0 -7.1880E+0
-6.5210E+0 -7.1880E+0
-6.5207E+0 -7.1860E+0
-6.5204E+0 -7.1880E+0
-6.5201E+0 -7.1850E+0
-6.5198E+0 -7.1860E+0
-6.5195E+0 -7.1830E+0
-6.5192E+0 -7.1880E+0
-6.5189E+0 -7.1820E+0
-6.5186E+0 -7.1850E+0
-6.5183E+0 -7.1850E+0
-6.5180E+0 -7.1850E+0
-6.5177E+0 -7.1820E+0
-6.5174E+0 -7.1820E+0
-6.5171E+0 -7.1800E+0
-6.5168E+0 -7.1880E+0
-6.5165E+0 -7.1800E+0
-6.5162E+0 -7.1820E+0
-6.5159E+0 -7.1820E+0
-6.5156E+0 -7.1860E+0
-6.5153E+0 -7.1850E+0
-6.5150E+0 -7.1850E+0
-6.5147E+0 -7.1800E+0
-6.5144E+0 -7.1840E+0
-6.5141E+0 -7.1780E+0
-6.5138E+0 -7.1800E+0
-6.5135E+0 -7.1780E+0
-6.5132E+0 -7.1790E+0
-6.5129E+0 -7.1760E+0
-6.5126E+0 -7.1770E+0
-6.5123E+0 -7.1760E+0
-6.5120E+0 -7.1830E+0
-6.5117E+0 -7.1740E+0
-6.5114E+0 -7.1750E+0
-6.5111E+0 -7.1730E+0
-6.5108E+0 -7.1760E+0
-6.5105E+0 -7.1740E+0
-6.5102E+0 -7.1740E+0
-6.5099E+0 -7.1720E+0
-6.5096E+0 -7.1770E+0
-6.5093E+0 -7.1730E+0
-6.5090E+0 -7.1760E+0
-6.5087E+0 -7.1760E+0
-6.5084E+0 -7.1750E+0
-6.5081E+0 -7.1710E+0
-6.5078E+0 -7.1720E+0
-6.5075E+0 -7.1690E+0
-6.5072E+0 -7.1760E+0
-6.5069E+0 -7.1690E+0
-6.5066E+0 -7.1700E+0
-6.5063E+0 -7.1690E+0
-6.5060E+0 -7.1720E+0
-6.5057E+0 -7.1710E+0
-6.5054E+0 -7.1720E+0
-6.5051E+0 -7.1680E+0
-6.5048E+0 -7.1730E+0
-6.5045E+0 -7.1670E+0
-6.5042E+0 -7.1700E+0
-6.5039E+0 -7.1690E+0
-6.5036E+0 -7.1710E+0
-6.5033E+0 -7.1690E+0
-6.5030E+0 -7.1700E+0
-6.5027E+0 -7.1700E+0
-6.5024E+0 -7.1780E+0
-6.5021E+0 -7.1700E+0
-6.5018E+0 -7.1700E+0
-6.5015E+0 -7.1670E+0
-6.5012E+0 -7.1690E+0
-6.5009E+0 -7.1670E+0
-6.5006E+0 -7.1660E+0
-6.5003E+0 -7.1620E+0
-6.5000E+0 -7.1680E+0
-6.4997E+0 -7.1610E+0
-6.4994E+0 -7.1650E+0
-6.4991E+0 -7.1640E+0
-6.4988E+0 -7.1640E+0
-6.4985E+0 -7.1600E+0
-6.4982E+0 -7.1600E+0
-6.4979E+0 -7.1580E+0
-6.4976E+0 -7.1650E+0
-6.4973E+0 -7.1580E+0
-6.4970E+0 -7.1590E+0
-6.4967E+0 -7.1580E+0
-6.4964E+0 -7.1620E+0
-6.4961E+0 -7.1610E+0
-6.4958E+0 -7.1610E+0
-6.4955E+0 -7.1560E+0
-6.4952E+0 -7.1610E+0
-6.4949E+0 -7.1540E+0
-6.4946E+0 -7.1550E+0
-6.4943E+0 -7.1540E+0
-6.4940E+0 -7.1550E+0
-6.4937E+0 -7.1520E+0
-6.4934E+0 -7.1540E+0
-6.4931E+0 -7.1520E+0
-6.4928E+0 -7.1600E+0
-6.4925E+0 -7.1510E+0
-6.4922E+0 -7.1520E+0
-6.4919E+0 -7.1500E+0
-6.4916E+0 -7.1530E+0
-6.4913E+0 -7.1510E+0
-6.4910E+0 -7.1520E+0
-6.4907E+0 -7.1490E+0
-6.4904E+0 -7.1550E+0
-6.4901E+0 -7.1500E+0
-6.4898E+0 -7.1540E+0
-6.4895E+0 -7.1540E+0
-6.4892E+0 -7.1530E+0
-6.4889E+0 -7.1490E+0
-6.4886E+0 -7.1490E+0
-6.4883E+0 -7.1460E+0
-6.4880E+0 -7.1530E+0
-6.4877E+0 -7.1450E+0
-6.4874E+0 -7.1460E+0
-6.4871E+0 -7.1440E+0
-6.4868E+0 -7.1470E+0
-6.4865E+0 -7.1460E+0
-6.4862E+0 -7.1460E+0
-6.4859E+0 -7.1420E+0
-6.4856E+0 -7.1470E+0
-6.4853E+0 -7.1410E+0
-6.4850E+0 -7.1430E+0
-6.4847E+0 -7.1420E+0
-6.4844E+0 -7.1440E+0
-6.4841E+0 -7.1400E+0
-6.4838E+0 -7.1420E+0
-6.4835E+0 -7.1410E+0
-6.4832E+0 -7.1490E+0
-6.4829E+0 -7.1410E+0
-6.4826E+0 -7.1410E+0
-6.4823E+0 -7.1390E+0
-6.4820E+0 -7.1410E+0
-6.4817E+0 -7.1390E+0
-6.4814E+0 -7.1390E+0
-6.4811E+0 -7.1360E+0
-6.4808E+0 -7.1420E+0
-6.4805E+0 -7.1360E+0
-6.4802E+0 -7.1400E+0
-6.4799E+0 -7.1390E+0
-6.4796E+0 -7.1400E+0
-6.4793E+0 -7.1350E+0
-6.4790E+0 -7.1360E+0
-6.4787E+0 -7.1350E+0
-6.4784E+0 -7.1420E+0
-6.4781E+0 -7.1350E+0
-6.4778E+0 -7.1370E+0
-6.4775E+0 -7.1360E+0
-6.4772E+0 -7.1400E+0
-6.4769E+0 -7.1400E+0
-6.4766E+0 -7.1400E+0
-6.4763E+0 -7.1350E+0
-6.4760E+0 -7.1400E+0
-6.4757E+0 -7.1330E+0
-6.4754E+0 -7.1350E+0
-6.4751E+0 -7.1340E+0
-6.4748E+0 -7.1340E+0
-6.4745E+0 -7.1310E+0
-6.4742E+0 -7.1320E+0
-6.4739E+0 -7.1300E+0
-6.4736E+0 -7.1380E+0
-6.4733E+0 -7.1300E+0
-6.4730E+0 -7.1300E+0
-6.4727E+0 -7.1280E+0
-6.4724E+0 -7.1300E+0
-6.4721E+0 -7.1280E+0
-6.4718E+0 -7.1290E+0
-6.4715E+0 -7.1260E+0
-6.4712E+0 -7.1310E+0
-6.4709E+0 -7.1260E+0
-6.4706E+0 -7.1300E+0
-6.4703E+0 -7.1290E+0
-6.4700E+0 -7.1290E+0
-6.4697E+0 -7.1250E+0
-6.4694E+0 -7.1250E+0
-6.4691E+0 -7.1230E+0
-6.4688E+0 -7.1290E+0
-6.4685E+0 -7.1220E+0
-6.4682E+0 -7.1230E+0
-6.4679E+0 -7.1220E+0
-6.4676E+0 -7.1250E+0
-6.4673E+0 -7.1240E+0
-6.4670E+0 -7.1240E+0
-6.4667E+0 -7.1200E+0
-6.4664E+0 -7.1250E+0
-6.4661E+0 -7.1190E+0
-6.4658E+0 -7.1220E+0
-6.4655E+0 -7.1220E+0
-6.4652E+0 -7.1230E+0
-6.4649E+0 -7.1200E+0
-6.4646E+0 -7.1220E+0
-6.4643E+0 -7.1210E+0
-6.4640E+0 -7.1300E+0
-6.4637E+0 -7.1210E+0
-6.4634E+0 -7.1210E+0
-6.4631E+0 -7.1180E+0
-6.4628E+0 -7.1210E+0
-6.4625E+0 -7.1180E+0
-6.4622E+0 -7.1180E+0
-6.4619E+0 -7.1150E+0
-6.4616E+0 -7.1200E+0
-6.4613E+0 -7.1140E+0
-6.4610E+0 -7.1170E+0
-6.4607E+0 -7.1170E+0
-6.4604E+0 -7.1170E+0
-6.4601E+0 -7.1140E+0
-6.4598E+0 -7.1140E+0
-6.4595E+0 -7.1120E+0
-6.4592E+0 -7.1190E+0
-6.4589E+0 -7.1120E+0
-6.4586E+0 -7.1130E+0
-6.4583E+0 -7.1130E+0
-6.4580E+0 -7.1160E+0
-6.4577E+0 -7.1160E+0
-6.4574E+0 -7.1160E+0
-6.4571E+0 -7.1110E+0
-6.4568E+0 -7.1160E+0
-6.4565E+0 -7.1100E+0
-6.4562E+0 -7.1120E+0
-6.4559E+0 -7.1110E+0
-6.4556E+0 -7.1120E+0
-6.4553E+0 -7.1090E+0
-6.4550E+0 -7.1100E+0
-6.4547E+0 -7.1090E+0
-6.4544E+0 -7.1170E+0
-6.4541E+0 -7.1090E+0
-6.4538E+0 -7.1100E+0
-6.4535E+0 -7.1080E+0
-6.4532E+0 -7.1110E+0
-6.4529E+0 -7.1100E+0
-6.4526E+0 -7.1100E+0
-6.4523E+0 -7.1080E+0
-6.4520E+0 -7.1140E+0
-6.4517E+0 -7.1100E+0
-6.4514E+0 -7.1130E+0
-6.4511E+0 -7.1150E+0
-6.4508E+0 -7.1150E+0
-6.4505E+0 -7.1100E+0
-6.4502E+0 -7.1100E+0
-6.4499E+0 -7.1070E+0
-6.4496E+0 -7.1130E+0
-6.4493E+0 -7.1050E+0
-6.4490E+0 -7.1060E+0
-6.4487E+0 -7.1040E+0
-6.4484E+0 -7.1070E+0
-6.4481E+0 -7.1060E+0
-6.4478E+0 -7.1060E+0
-6.4475E+0 -7.1010E+0
-6.4472E+0 -7.1060E+0
-6.4469E+0 -7.1000E+0
-6.4466E+0 -7.1020E+0
-6.4463E+0 -7.1010E+0
-6.4460E+0 -7.1030E+0
-6.4457E+0 -7.1000E+0
-6.4454E+0 -7.1010E+0
-6.4451E+0 -7.1000E+0
-6.4448E+0 -7.1080E+0
-6.4445E+0 -7.0990E+0
-6.4442E+0 -7.0990E+0
-6.4439E+0 -7.0970E+0
-6.4436E+0 -7.0990E+0
-6.4433E+0 -7.0970E+0
-6.4430E+0 -7.0960E+0
-6.4427E+0 -7.0930E+0
-6.4424E+0 -7.0990E+0
-6.4421E+0 -7.0930E+0
-6.4418E+0 -7.0960E+0
-6.4415E+0 -7.0960E+0
-6.4412E+0 -7.0960E+0
-6.4409E+0 -7.0920E+0
-6.4406E+0 -7.0920E+0
-6.4403E+0 -7.0910E+0
-6.4400E+0 -7.0980E+0
-6.4397E+0 -7.0910E+0
-6.4394E+0 -7.0920E+0
-6.4391E+0 -7.0910E+0
-6.4388E+0 -7.0950E+0
-6.4385E+0 -7.0950E+0
-6.4382E+0 -7.0940E+0
-6.4379E+0 -7.0900E+0
-6.4376E+0 -7.0940E+0
-6.4373E+0 -7.0870E+0
-6.4370E+0 -7.0890E+0
-6.4367E+0 -7.0880E+0
-6.4364E+0 -7.0890E+0
-6.4361E+0 -7.0850E+0
-6.4358E+0 -7.0860E+0
-6.4355E+0 -7.0850E+0
-6.4352E+0 -7.0920E+0
-6.4349E+0 -7.0840E+0
-6.4346E+0 -7.0840E+0
-6.4343E+0 -7.0830E+0
-6.4340E+0 -7.0850E+0
-6.4337E+0 -7.0830E+0
-6.4334E+0 -7.0840E+0
-6.4331E+0 -7.0810E+0
-6.4328E+0 -7.0870E+0
-6.4325E+0 -7.0810E+0
-6.4322E+0 -7.0850E+0
-6.4319E+0 -7.0840E+0
-6.4316E+0 -7.0850E+0
-6.4313E+0 -7.0800E+0
-6.4310E+0 -7.0800E+0
-6.4307E+0 -7.0780E+0
-6.4304E+0 -7.0840E+0
-6.4301E+0 -7.0770E+0
-6.4298E+0 -7.0780E+0
-6.4295E+0 -7.0770E+0
-6.4292E+0 -7.0810E+0
-6.4289E+0 -7.0790E+0
-6.4286E+0 -7.0800E+0
-6.4283E+0 -7.0760E+0
-6.4280E+0 -7.0810E+0
-6.4277E+0 -7.0750E+0
-6.4274E+0 -7.0780E+0
-6.4271E+0 -7.0770E+0
-6.4268E+0 -7.0790E+0
-6.4265E+0 -7.0760E+0
-6.4262E+0 -7.0780E+0
-6.4259E+0 -7.0770E+0
-6.4256E+0 -7.0860E+0
-6.4253E+0 -7.0770E+0
-6.4250E+0 -7.0770E+0
-6.4247E+0 -7.0740E+0
-6.4244E+0 -7.0770E+0
-6.4241E+0 -7.0740E+0
-6.4238E+0 -7.0740E+0
-6.4235E+0 -7.0700E+0
-6.4232E+0 -7.0760E+0
-6.4229E+0 -7.0700E+0
-6.4226E+0 -7.0730E+0
-6.4223E+0 -7.0720E+0
-6.4220E+0 -7.0720E+0
-6.4217E+0 -7.0690E+0
-6.4214E+0 -7.0690E+0
-6.4211E+0 -7.0660E+0
-6.4208E+0 -7.0740E+0
-6.4205E+0 -7.0660E+0
-6.4202E+0 -7.0670E+0
-6.4199E+0 -7.0670E+0
-6.4196E+0 -7.0700E+0
-6.4193E+0 -7.0690E+0
-6.4190E+0 -7.0690E+0
-6.4187E+0 -7.0650E+0
-6.4184E+0 -7.0690E+0
-6.4181E+0 -7.0630E+0
-6.4178E+0 -7.0650E+0
-6.4175E+0 -7.0640E+0
-6.4172E+0 -7.0650E+0
-6.4169E+0 -7.0620E+0
-6.4166E+0 -7.0620E+0
-6.4163E+0 -7.0610E+0
-6.4160E+0 -7.0690E+0
-6.4157E+0 -7.0610E+0
-6.4154E+0 -7.0610E+0
-6.4151E+0 -7.0600E+0
-6.4148E+0 -7.0620E+0
-6.4145E+0 -7.0610E+0
-6.4142E+0 -7.0610E+0
-6.4139E+0 -7.0580E+0
-6.4136E+0 -7.0640E+0
-6.4133E+0 -7.0600E+0
-6.4130E+0 -7.0640E+0
-6.4127E+0 -7.0640E+0
-6.4124E+0 -7.0630E+0
-6.4121E+0 -7.0590E+0
-6.4118E+0 -7.0590E+0
-6.4115E+0 -7.0560E+0
-6.4112E+0 -7.0630E+0
-6.4109E+0 -7.0550E+0
-6.4106E+0 -7.0560E+0
-6.4103E+0 -7.0540E+0
-6.4100E+0 -7.0580E+0
-6.4097E+0 -7.0560E+0
-6.4094E+0 -7.0570E+0
-6.4091E+0 -7.0530E+0
-6.4088E+0 -7.0570E+0
-6.4085E+0 -7.0510E+0
-6.4082E+0 -7.0540E+0
-6.4079E+0 -7.0530E+0
-6.4076E+0 -7.0550E+0
-6.4073E+0 -7.0520E+0
-6.4070E+0 -7.0530E+0
-6.4067E+0 -7.0530E+0
-6.4064E+0 -7.0610E+0
-6.4061E+0 -7.0520E+0
-6.4058E+0 -7.0520E+0
-6.4055E+0 -7.0500E+0
-6.4052E+0 -7.0530E+0
-6.4049E+0 -7.0500E+0
-6.4046E+0 -7.0510E+0
-6.4043E+0 -7.0470E+0
-6.4040E+0 -7.0530E+0
-6.4037E+0 -7.0470E+0
-6.4034E+0 -7.0510E+0
-6.4031E+0 -7.0500E+0
-6.4028E+0 -7.0510E+0
-6.4025E+0 -7.0470E+0
-6.4022E+0 -7.0480E+0
-6.4019E+0 -7.0470E+0
-6.4016E+0 -7.0540E+0
-6.4013E+0 -7.0470E+0
-6.4010E+0 -7.0490E+0
-6.4007E+0 -7.0480E+0
-6.4004E+0 -7.0520E+0
-6.4001E+0 -7.0520E+0
-6.3998E+0 -7.0530E+0
-6.3995E+0 -7.0480E+0
-6.3992E+0 -7.0520E+0
-6.3989E+0 -7.0450E+0
-6.3986E+0 -7.0470E+0
-6.3983E+0 -7.0450E+0
-6.3980E+0 -7.0460E+0
-6.3977E+0 -7.0430E+0
-6.3974E+0 -7.0440E+0
-6.3971E+0 -7.0420E+0
-6.3968E+0 -7.0490E+0
-6.3965E+0 -7.0410E+0
-6.3962E+0 -7.0420E+0
-6.3959E+0 -7.0400E+0
-6.3956E+0 -7.0420E+0
-6.3953E+0 -7.0400E+0
-6.3950E+0 -7.0400E+0
-6.3947E+0 -7.0370E+0
-6.3944E+0 -7.0420E+0
-6.3941E+0 -7.0370E+0
-6.3938E+0 -7.0410E+0
-6.3935E+0 -7.0400E+0
-6.3932E+0 -7.0410E+0
-6.3929E+0 -7.0360E+0
-6.3926E+0 -7.0360E+0
-6.3923E+0 -7.0340E+0
-6.3920E+0 -7.0400E+0
-6.3917E+0 -7.0330E+0
-6.3914E+0 -7.0330E+0
-6.3911E+0 -7.0330E+0
-6.3908E+0 -7.0360E+0
-6.3905E+0 -7.0350E+0
-6.3902E+0 -7.0340E+0
-6.3899E+0 -7.0310E+0
-6.3896E+0 -7.0360E+0
-6.3893E+0 -7.0290E+0
-6.3890E+0 -7.0320E+0
-6.3887E+0 -7.0320E+0
-6.3884E+0 -7.0330E+0
-6.3881E+0 -7.0300E+0
-6.3878E+0 -7.0320E+0
-6.3875E+0 -7.0320E+0
-6.3872E+0 -7.0390E+0
-6.3869E+0 -7.0310E+0
-6.3866E+0 -7.0310E+0
-6.3863E+0 -7.0280E+0
-6.3860E+0 -7.0310E+0
-6.3857E+0 -7.0280E+0
-6.3854E+0 -7.0280E+0
-6.3851E+0 -7.0250E+0
-6.3848E+0 -7.0300E+0
-6.3845E+0 -7.0240E+0
-6.3842E+0 -7.0270E+0
-6.3839E+0 -7.0260E+0
-6.3836E+0 -7.0270E+0
-6.3833E+0 -7.0230E+0
-6.3830E+0 -7.0230E+0
-6.3827E+0 -7.0220E+0
-6.3824E+0 -7.0290E+0
-6.3821E+0 -7.0210E+0
-6.3818E+0 -7.0230E+0
-6.3815E+0 -7.0220E+0
-6.3812E+0 -7.0250E+0
-6.3809E+0 -7.0240E+0
-6.3806E+0 -7.0240E+0
-6.3803E+0 -7.0210E+0
-6.3800E+0 -7.0250E+0
-6.3797E+0 -7.0180E+0
-6.3794E+0 -7.0210E+0
-6.3791E+0 -7.0200E+0
-6.3788E+0 -7.0210E+0
-6.3785E+0 -7.0180E+0
-6.3782E+0 -7.0190E+0
-6.3779E+0 -7.0180E+0
-6.3776E+0 -7.0260E+0
-6.3773E+0 -7.0180E+0
-6.3770E+0 -7.0180E+0
-6.3767E+0 -7.0170E+0
-6.3764E+0 -7.0190E+0
-6.3761E+0 -7.0180E+0
-6.3758E+0 -7.0190E+0
-6.3755E+0 -7.0160E+0
-6.3752E+0 -7.0220E+0
-6.3749E+0 -7.0180E+0
-6.3746E+0 -7.0210E+0
-6.3743E+0 -7.0220E+0
-6.3740E+0 -7.0220E+0
-6.3737E+0 -7.0170E+0
-6.3734E+0 -7.0170E+0
-6.3731E+0 -7.0140E+0
-6.3728E+0 -7.0210E+0
-6.3725E+0 -7.0120E+0
-6.3722E+0 -7.0130E+0
-6.3719E+0 -7.0120E+0
-6.3716E+0 -7.0150E+0
-6.3713E+0 -7.0140E+0
-6.3710E+0 -7.0140E+0
-6.3707E+0 -7.0090E+0
-6.3704E+0 -7.0140E+0
-6.3701E+0 -7.0080E+0
-6.3698E+0 -7.0100E+0
-6.3695E+0 -7.0100E+0
-6.3692E+0 -7.0110E+0
-6.3689E+0 -7.0080E+0
-6.3686E+0 -7.0100E+0
-6.3683E+0 -7.0090E+0
-6.3680E+0 -7.0170E+0
-6.3677E+0 -7.0080E+0
-6.3674E+0 -7.0080E+0
-6.3671E+0 -7.0060E+0
-6.3668E+0 -7.0080E+0
-6.3665E+0 -7.0060E+0
-6.3662E+0 -6.9770E+0
-6.3659E+0 -7.0020E+0
-6.3656E+0 -7.0090E+0
-6.3653E+0 -7.0030E+0
-6.3650E+0 -7.0060E+0
-6.3647E+0 -7.0050E+0
-6.3644E+0 -7.0060E+0
-6.3641E+0 -7.0030E+0
-6.3638E+0 -7.0030E+0
-6.3635E+0 -7.0010E+0
-6.3632E+0 -7.0080E+0
-6.3629E+0 -7.0010E+0
-6.3626E+0 -7.0040E+0
-6.3623E+0 -7.0020E+0
-6.3620E+0 -7.0060E+0
-6.3617E+0 -7.0060E+0
-6.3614E+0 -7.0060E+0
-6.3611E+0 -7.0010E+0
-6.3608E+0 -7.0060E+0
-6.3605E+0 -6.9990E+0
-6.3602E+0 -7.0010E+0
-6.3599E+0 -6.9990E+0
-6.3596E+0 -7.0010E+0
-6.3593E+0 -6.9970E+0
-6.3590E+0 -6.9990E+0
-6.3587E+0 -6.9970E+0
-6.3584E+0 -7.0050E+0
-6.3581E+0 -6.9970E+0
-6.3578E+0 -6.9970E+0
-6.3575E+0 -6.9950E+0
-6.3572E+0 -6.9980E+0
-6.3569E+0 -6.9960E+0
-6.3566E+0 -6.9960E+0
-6.3563E+0 -6.9940E+0
-6.3560E+0 -7.0000E+0
-6.3557E+0 -6.9950E+0
-6.3554E+0 -6.9980E+0
-6.3551E+0 -6.9980E+0
-6.3548E+0 -6.9980E+0
-6.3545E+0 -6.9940E+0
-6.3542E+0 -6.9940E+0
-6.3539E+0 -6.9920E+0
-6.3536E+0 -6.9990E+0
-6.3533E+0 -6.9920E+0
-6.3530E+0 -6.9930E+0
-6.3527E+0 -6.9910E+0
-6.3524E+0 -6.9950E+0
-6.3521E+0 -6.9950E+0
-6.3518E+0 -6.9950E+0
-6.3515E+0 -6.9910E+0
-6.3512E+0 -6.9960E+0
-6.3509E+0 -6.9900E+0
-6.3506E+0 -6.9930E+0
-6.3503E+0 -6.9930E+0
-6.3500E+0 -6.9940E+0
-6.3497E+0 -6.9920E+0
-6.3494E+0 -6.9940E+0
-6.3491E+0 -6.9930E+0
-6.3488E+0 -7.0020E+0
-6.3485E+0 -6.9960E+0
-6.3482E+0 -6.9960E+0
-6.3479E+0 -6.9930E+0
-6.3476E+0 -6.9950E+0
-6.3473E+0 -6.9920E+0
-6.3470E+0 -6.9920E+0
-6.3467E+0 -6.9880E+0
-6.3464E+0 -6.9940E+0
-6.3461E+0 -6.9880E+0
-6.3458E+0 -6.9900E+0
-6.3455E+0 -6.9900E+0
-6.3452E+0 -6.9900E+0
-6.3449E+0 -6.9860E+0
-6.3446E+0 -6.9860E+0
-6.3443E+0 -6.9840E+0
-6.3440E+0 -6.9910E+0
-6.3437E+0 -6.9830E+0
-6.3434E+0 -6.9850E+0
-6.3431E+0 -6.9840E+0
-6.3428E+0 -6.9870E+0
-6.3425E+0 -6.9860E+0
-6.3422E+0 -6.9860E+0
-6.3419E+0 -6.9810E+0
-6.3416E+0 -6.9860E+0
-6.3413E+0 -6.9790E+0
-6.3410E+0 -6.9820E+0
-6.3407E+0 -6.9800E+0
-6.3404E+0 -6.9810E+0
-6.3401E+0 -6.9780E+0
-6.3398E+0 -6.9790E+0
-6.3395E+0 -6.9770E+0
-6.3392E+0 -6.9850E+0
-6.3389E+0 -6.9770E+0
-6.3386E+0 -6.9770E+0
-6.3383E+0 -6.9760E+0
-6.3380E+0 -6.9780E+0
-6.3377E+0 -6.9760E+0
-6.3374E+0 -6.9770E+0
-6.3371E+0 -6.9750E+0
-6.3368E+0 -6.9800E+0
-6.3365E+0 -6.9750E+0
-6.3362E+0 -6.9790E+0
-6.3359E+0 -6.9790E+0
-6.3356E+0 -6.9790E+0
-6.3353E+0 -6.9740E+0
-6.3350E+0 -6.9740E+0
-6.3347E+0 -6.9710E+0
-6.3344E+0 -6.9770E+0
-6.3341E+0 -6.9700E+0
-6.3338E+0 -6.9710E+0
-6.3335E+0 -6.9690E+0
-6.3332E+0 -6.9720E+0
-6.3329E+0 -6.9710E+0
-6.3326E+0 -6.9700E+0
-6.3323E+0 -6.9670E+0
-6.3320E+0 -6.9720E+0
-6.3317E+0 -6.9650E+0
-6.3314E+0 -6.9680E+0
-6.3311E+0 -6.9670E+0
-6.3308E+0 -6.9680E+0
-6.3305E+0 -6.9650E+0
-6.3302E+0 -6.9660E+0
-6.3299E+0 -6.9660E+0
-6.3296E+0 -6.9740E+0
-6.3293E+0 -6.9650E+0
-6.3290E+0 -6.9650E+0
-6.3287E+0 -6.9640E+0
-6.3284E+0 -6.9650E+0
-6.3281E+0 -6.9640E+0
-6.3278E+0 -6.9640E+0
-6.3275E+0 -6.9600E+0
-6.3272E+0 -6.9660E+0
-6.3269E+0 -6.9600E+0
-6.3266E+0 -6.9640E+0
-6.3263E+0 -6.9630E+0
-6.3260E+0 -6.9640E+0
-6.3257E+0 -6.9600E+0
-6.3254E+0 -6.9610E+0
-6.3251E+0 -6.9590E+0
-6.3248E+0 -6.9660E+0
-6.3245E+0 -6.9590E+0
-6.3242E+0 -6.9610E+0
-6.3239E+0 -6.9610E+0
-6.3236E+0 -6.9650E+0
-6.3233E+0 -6.9640E+0
-6.3230E+0 -6.9640E+0
-6.3227E+0 -6.9600E+0
-6.3224E+0 -6.9640E+0
-6.3221E+0 -6.9560E+0
-6.3218E+0 -6.9590E+0
-6.3215E+0 -6.9570E+0
-6.3212E+0 -6.9580E+0
-6.3209E+0 -6.9550E+0
-6.3206E+0 -6.9550E+0
-6.3203E+0 -6.9540E+0
-6.3200E+0 -6.9610E+0
-6.3197E+0 -6.9530E+0
-6.3194E+0 -6.9530E+0
-6.3191E+0 -6.9510E+0
-6.3188E+0 -6.9540E+0
-6.3185E+0 -6.9520E+0
-6.3182E+0 -6.9520E+0
-6.3179E+0 -6.9490E+0
-6.3176E+0 -6.9550E+0
-6.3173E+0 -6.9490E+0
-6.3170E+0 -6.9530E+0
-6.3167E+0 -6.9520E+0
-6.3164E+0 -6.9530E+0
-6.3161E+0 -6.9480E+0
-6.3158E+0 -6.9480E+0
-6.3155E+0 -6.9460E+0
-6.3152E+0 -6.9520E+0
-6.3149E+0 -6.9450E+0
-6.3146E+0 -6.9460E+0
-6.3143E+0 -6.9450E+0
-6.3140E+0 -6.9480E+0
-6.3137E+0 -6.9470E+0
-6.3134E+0 -6.9470E+0
-6.3131E+0 -6.9430E+0
-6.3128E+0 -6.9480E+0
-6.3125E+0 -6.9420E+0
-6.3122E+0 -6.9450E+0
-6.3119E+0 -6.9440E+0
-6.3116E+0 -6.9460E+0
-6.3113E+0 -6.9430E+0
-6.3110E+0 -6.9450E+0
-6.3107E+0 -6.9440E+0
-6.3104E+0 -6.9520E+0
-6.3101E+0 -6.9430E+0
-6.3098E+0 -6.9430E+0
-6.3095E+0 -6.9410E+0
-6.3092E+0 -6.9430E+0
-6.3089E+0 -6.9410E+0
-6.3086E+0 -6.9410E+0
-6.3083E+0 -6.9370E+0
-6.3080E+0 -6.9430E+0
-6.3077E+0 -6.9370E+0
-6.3074E+0 -6.9400E+0
-6.3071E+0 -6.9390E+0
-6.3068E+0 -6.9400E+0
-6.3065E+0 -6.9350E+0
-6.3062E+0 -6.9370E+0
-6.3059E+0 -6.9350E+0
-6.3056E+0 -6.9420E+0
-6.3053E+0 -6.9340E+0
-6.3050E+0 -6.9360E+0
-6.3047E+0 -5.1090E+0
-6.3044E+0 -6.9390E+0
-6.3041E+0 -6.9380E+0
-6.3038E+0 -6.9380E+0
-6.3035E+0 -6.9340E+0
-6.3032E+0 -6.9380E+0
-6.3029E+0 -6.9320E+0
-6.3026E+0 -6.9340E+0
-6.3023E+0 -6.9330E+0
-6.3020E+0 -6.9340E+0
-6.3017E+0 -6.9310E+0
-6.3014E+0 -6.9320E+0
-6.3011E+0 -6.9320E+0
-6.3008E+0 -6.9390E+0
-6.3005E+0 -6.9310E+0
-6.3002E+0 -6.9320E+0
-6.2999E+0 -6.9310E+0
-6.2996E+0 -6.9340E+0
-6.2993E+0 -6.9320E+0
-6.2990E+0 -6.9330E+0
-6.2987E+0 -6.9300E+0
-6.2984E+0 -6.9360E+0
-6.2981E+0 -6.9310E+0
-6.2978E+0 -6.9350E+0
-6.2975E+0 -6.9350E+0
-6.2972E+0 -6.9350E+0
-6.2969E+0 -6.9310E+0
-6.2966E+0 -6.9300E+0
-6.2963E+0 -6.9280E+0
-6.2960E+0 -6.9340E+0
-6.2957E+0 -6.9260E+0
-6.2954E+0 -6.9270E+0
-6.2951E+0 -6.9260E+0
-6.2948E+0 -6.9280E+0
-6.2945E+0 -6.9270E+0
-6.2942E+0 -6.9270E+0
-6.2939E+0 -6.6300E+0
-6.2936E+0 -6.9270E+0
-6.2933E+0 -6.9210E+0
-6.2930E+0 -6.9240E+0
-6.2927E+0 -6.9220E+0
-6.2924E+0 -6.9240E+0
-6.2921E+0 -6.9210E+0
-6.2918E+0 -6.9220E+0
-6.2915E+0 -6.9210E+0
-6.2912E+0 -6.9290E+0
-6.2909E+0 -6.9200E+0
-6.2906E+0 -6.9200E+0
-6.2903E+0 -6.9180E+0
-6.2900E+0 -6.9200E+0
-6.2897E+0 -6.9180E+0
-6.2894E+0 -6.9180E+0
-6.2891E+0 -6.9150E+0
-6.2888E+0 -6.9200E+0
-6.2885E+0 -6.9140E+0
-6.2882E+0 -6.9170E+0
-6.2879E+0 -6.9170E+0
-6.2876E+0 -6.9180E+0
-6.2873E+0 -6.9140E+0
-6.2870E+0 -6.9140E+0
-6.2867E+0 -6.9130E+0
-6.2864E+0 -6.9190E+0
-6.2861E+0 -6.9120E+0
-6.2858E+0 -6.9140E+0
-6.2855E+0 -6.9130E+0
-6.2852E+0 -6.9170E+0
-6.2849E+0 -6.9170E+0
-6.2846E+0 -6.9160E+0
-6.2843E+0 -6.9120E+0
-6.2840E+0 -6.9160E+0
-6.2837E+0 -6.9090E+0
-6.2834E+0 -6.9110E+0
-6.2831E+0 -6.9100E+0
-6.2828E+0 -6.9110E+0
-6.2825E+0 -6.9080E+0
-6.2822E+0 -6.9090E+0
-6.2819E+0 -6.9070E+0
-6.2816E+0 -6.9150E+0
-6.2813E+0 -6.9060E+0
-6.2810E+0 -6.9070E+0
-6.2807E+0 -6.9050E+0
-6.2804E+0 -6.9070E+0
-6.2801E+0 -6.9050E+0
-6.2798E+0 -6.9060E+0
-6.2795E+0 -6.9030E+0
-6.2792E+0 -6.9090E+0
-6.2789E+0 -6.9040E+0
-6.2786E+0 -6.9070E+0
-6.2783E+0 -6.9070E+0
-6.2780E+0 -6.9070E+0
-6.2777E+0 -6.9030E+0
-6.2774E+0 -6.9030E+0
-6.2771E+0 -6.9010E+0
-6.2768E+0 -6.9070E+0
-6.2765E+0 -6.9000E+0
-6.2762E+0 -6.9020E+0
-6.2759E+0 -6.9000E+0
-6.2756E+0 -6.9030E+0
-6.2753E+0 -6.9020E+0
-6.2750E+0 -6.9020E+0
-6.2747E+0 -6.8990E+0
-6.2744E+0 -6.9040E+0
-6.2741E+0 -6.8980E+0
-6.2738E+0 -6.9010E+0
-6.2735E+0 -6.9000E+0
-6.2732E+0 -6.9020E+0
-6.2729E+0 -6.8990E+0
-6.2726E+0 -6.9010E+0
-6.2723E+0 -6.9000E+0
-6.2720E+0 -6.9090E+0
-6.2717E+0 -6.9010E+0
-6.2714E+0 -6.9010E+0
-6.2711E+0 -6.8980E+0
-6.2708E+0 -6.9000E+0
-6.2705E+0 -3.6100E-1
-6.2702E+0 -6.8980E+0
-6.2699E+0 -6.8940E+0
-6.2696E+0 -6.8990E+0
-6.2693E+0 -6.8940E+0
-6.2690E+0 -6.8970E+0
-6.2687E+0 -6.8950E+0
-6.2684E+0 -6.8960E+0
-6.2681E+0 -6.8920E+0
-6.2678E+0 -6.8920E+0
-6.2675E+0 -6.8910E+0
-6.2672E+0 -6.8970E+0
-6.2669E+0 -6.8900E+0
-6.2666E+0 -6.8910E+0
-6.2663E+0 -6.8900E+0
-6.2660E+0 -6.8940E+0
-6.2657E+0 -6.8930E+0
-6.2654E+0 -6.8930E+0
-6.2651E+0 -6.8890E+0
-6.2648E+0 -6.8930E+0
-6.2645E+0 -6.8870E+0
-6.2642E+0 -6.8890E+0
-6.2639E+0 -6.8880E+0
-6.2636E+0 -6.8890E+0
-6.2633E+0 -6.8850E+0
-6.2630E+0 -6.8870E+0
-6.2627E+0 -6.8850E+0
-6.2624E+0 -6.8930E+0
-6.2621E+0 -6.8850E+0
-6.2618E+0 -6.8860E+0
-6.2615E+0 -6.8840E+0
-6.2612E+0 -6.8870E+0
-6.2609E+0 -6.8850E+0
-6.2606E+0 -6.8860E+0
-6.2603E+0 -6.8830E+0
-6.2600E+0 -6.8880E+0
-6.2597E+0 -6.8840E+0
-6.2594E+0 -6.8880E+0
-6.2591E+0 -6.8880E+0
-6.2588E+0 -6.8880E+0
-6.2585E+0 -6.8830E+0
-6.2582E+0 -6.8830E+0
-6.2579E+0 -6.8810E+0
-6.2576E+0 -6.8870E+0
-6.2573E+0 -6.8790E+0
-6.2570E+0 -6.8800E+0
-6.2567E+0 -6.8790E+0
-6.2564E+0 -6.8820E+0
-6.2561E+0 -6.8810E+0
-6.2558E+0 -6.8810E+0
-6.2555E+0 -6.1090E+0
-6.2552E+0 -6.8820E+0
-6.2549E+0 -6.8760E+0
-6.2546E+0 -6.8780E+0
-6.2543E+0 -6.8770E+0
-6.2540E+0 -6.8790E+0
-6.2537E+0 -6.8760E+0
-6.2534E+0 -6.8780E+0
-6.2531E+0 -6.8780E+0
-6.2528E+0 -6.8850E+0
-6.2525E+0 -6.8770E+0
-6.2522E+0 -6.8770E+0
-6.2519E+0 -6.8750E+0
-6.2516E+0 -6.8770E+0
-6.2513E+0 -6.8760E+0
-6.2510E+0 -6.8750E+0
-6.2507E+0 -6.8720E+0
-6.2504E+0 -6.8780E+0
-6.2501E+0 -6.8730E+0
-6.2498E+0 -6.8760E+0
-6.2495E+0 -6.8750E+0
-6.2492E+0 -6.8760E+0
-6.2489E+0 -6.8730E+0
-6.2486E+0 -6.8730E+0
-6.2483E+0 -6.8720E+0
-6.2480E+0 -6.8790E+0
-6.2477E+0 -6.8720E+0
-6.2474E+0 -6.8740E+0
-6.2471E+0 -6.8730E+0
-6.2468E+0 -6.8780E+0
-6.2465E+0 -6.8770E+0
-6.2462E+0 -6.8800E+0
-6.2459E+0 -6.8750E+0
-6.2456E+0 -6.8780E+0
-6.2453E+0 -6.8720E+0
-6.2450E+0 -6.8730E+0
-6.2447E+0 -6.8720E+0
-6.2444E+0 -6.8730E+0
-6.2441E+0 -6.8690E+0
-6.2438E+0 -6.8700E+0
-6.2435E+0 -6.8680E+0
-6.2432E+0 -6.8760E+0
-6.2429E+0 -6.8670E+0
-6.2426E+0 -6.8680E+0
-6.2423E+0 -6.8650E+0
-6.2420E+0 -6.8680E+0
-6.2417E+0 -6.8660E+0
-6.2414E+0 -6.8660E+0
-6.2411E+0 -6.8630E+0
-6.2408E+0 -6.8690E+0
-6.2405E+0 -6.8640E+0
-6.2402E+0 -6.8670E+0
-6.2399E+0 -6.8660E+0
-6.2396E+0 -6.8670E+0
-6.2393E+0 -6.8620E+0
-6.2390E+0 -6.8620E+0
-6.2387E+0 -6.8600E+0
-6.2384E+0 -6.8660E+0
-6.2381E+0 -6.8590E+0
-6.2378E+0 -6.8590E+0
-6.2375E+0 -6.8590E+0
-6.2372E+0 -6.8610E+0
-6.2369E+0 -6.8600E+0
-6.2366E+0 -6.8610E+0
-6.2363E+0 -6.8570E+0
-6.2360E+0 -6.8610E+0
-6.2357E+0 -6.8550E+0
-6.2354E+0 -6.8580E+0
-6.2351E+0 -6.8570E+0
-6.2348E+0 -6.8590E+0
-6.2345E+0 -6.8560E+0
-6.2342E+0 -6.8580E+0
-6.2339E+0 -6.8570E+0
-6.2336E+0 -6.8650E+0
-6.2333E+0 -6.8570E+0
-6.2330E+0 -6.8560E+0
-6.2327E+0 -6.8540E+0
-6.2324E+0 -6.8560E+0
-6.2321E+0 -6.8540E+0
-6.2318E+0 -6.8530E+0
-6.2315E+0 -6.8500E+0
-6.2312E+0 -6.8550E+0
-6.2309E+0 -6.8490E+0
-6.2306E+0 -6.8520E+0
-6.2303E+0 -6.8520E+0
-6.2300E+0 -6.8520E+0
-6.2297E+0 -6.8480E+0
-6.2294E+0 -6.8480E+0
-6.2291E+0 -6.8470E+0
-6.2288E+0 -6.8530E+0
-6.2285E+0 -6.8460E+0
-6.2282E+0 -6.8480E+0
-6.2279E+0 -6.8470E+0
-6.2276E+0 -6.8510E+0
-6.2273E+0 -6.8500E+0
-6.2270E+0 -6.8500E+0
-6.2267E+0 -6.8450E+0
-6.2264E+0 -6.8500E+0
-6.2261E+0 -6.8440E+0
-6.2258E+0 -6.8450E+0
-6.2255E+0 -6.8450E+0
-6.2252E+0 -6.8450E+0
-6.2249E+0 -6.8430E+0
-6.2246E+0 -6.8440E+0
-6.2243E+0 -6.8430E+0
-6.2240E+0 -6.8500E+0
-6.2237E+0 -6.8430E+0
-6.2234E+0 -6.8430E+0
-6.2231E+0 -6.8410E+0
-6.2228E+0 -6.8440E+0
-6.2225E+0 -6.8430E+0
-6.2222E+0 -6.8430E+0
-6.2219E+0 -6.8400E+0
-6.2216E+0 -6.8470E+0
-6.2213E+0 -6.8420E+0
-6.2210E+0 -6.8460E+0
-6.2207E+0 -6.8460E+0
-6.2204E+0 -6.8450E+0
-6.2201E+0 -6.8410E+0
-6.2198E+0 -6.8410E+0
-6.2195E+0 -6.8380E+0
-6.2192E+0 -6.8450E+0
-6.2189E+0 -6.8370E+0
-6.2186E+0 -6.8380E+0
-6.2183E+0 -6.8360E+0
-6.2180E+0 -6.8390E+0
-6.2177E+0 -6.8380E+0
-6.2174E+0 -6.8380E+0
-6.2171E+0 -6.8340E+0
-6.2168E+0 -6.8380E+0
-6.2165E+0 -6.8320E+0
-6.2162E+0 -6.8340E+0
-6.2159E+0 -6.8340E+0
-6.2156E+0 -6.8350E+0
-6.2153E+0 -6.8320E+0
-6.2150E+0 -6.8330E+0
-6.2147E+0 -6.8320E+0
-6.2144E+0 -6.8410E+0
-6.2141E+0 -6.8320E+0
-6.2138E+0 -6.8320E+0
-6.2135E+0 -6.8290E+0
-6.2132E+0 -6.8320E+0
-6.2129E+0 -6.6000E-1
-6.2126E+0 -6.8290E+0
-6.2123E+0 -6.8260E+0
-6.2120E+0 -6.8320E+0
-6.2117E+0 -6.8270E+0
-6.2114E+0 -6.8300E+0
-6.2111E+0 -6.8290E+0
-6.2108E+0 -6.8300E+0
-6.2105E+0 -6.8270E+0
-6.2102E+0 -6.8270E+0
-6.2099E+0 -6.8250E+0
-6.2096E+0 -6.8310E+0
-6.2093E+0 -6.8250E+0
-6.2090E+0 -6.8260E+0
-6.2087E+0 -6.8260E+0
-6.2084E+0 -6.8300E+0
-6.2081E+0 -6.8290E+0
-6.2078E+0 -6.8300E+0
-6.2075E+0 -6.8240E+0
-6.2072E+0 -6.8290E+0
-6.2069E+0 -6.8220E+0
-6.2066E+0 -6.8240E+0
-6.2063E+0 -6.8230E+0
-6.2060E+0 -6.8240E+0
-6.2057E+0 -6.8210E+0
-6.2054E+0 -6.8220E+0
-6.2051E+0 -6.8200E+0
-6.2048E+0 -6.8280E+0
-6.2045E+0 -6.8200E+0
-6.2042E+0 -6.8200E+0
-6.2039E+0 -6.8180E+0
-6.2036E+0 -6.8210E+0
-6.2033E+0 -6.8190E+0
-6.2030E+0 -6.8190E+0
-6.2027E+0 -6.8160E+0
-6.2024E+0 -6.8220E+0
-6.2021E+0 -6.8180E+0
-6.2018E+0 -6.8210E+0
-6.2015E+0 -6.8210E+0
-6.2012E+0 -6.8210E+0
-6.2009E+0 -6.8160E+0
-6.2006E+0 -6.8170E+0
-6.2003E+0 -6.8150E+0
-6.2000E+0 -6.8210E+0
-6.1997E+0 -6.8140E+0
-6.1994E+0 -6.8150E+0
-6.1991E+0 -6.8150E+0
-6.1988E+0 -6.8180E+0
-6.1985E+0 -6.8170E+0
-6.1982E+0 -6.8170E+0
-6.1979E+0 -6.8130E+0
-6.1976E+0 -6.8180E+0
-6.1973E+0 -6.8130E+0
-6.1970E+0 -6.8150E+0
-6.1967E+0 -6.8150E+0
-6.1964E+0 -6.8170E+0
-6.1961E+0 -6.8140E+0
-6.1958E+0 -6.8160E+0
-6.1955E+0 -6.8160E+0
-6.1952E+0 -6.8240E+0
-6.1949E+0 -6.8160E+0
-6.1946E+0 -6.8150E+0
-6.1943E+0 -6.8130E+0
-6.1940E+0 -6.8150E+0
-6.1937E+0 -6.8120E+0
-6.1934E+0 -6.8120E+0
-6.1931E+0 -6.8090E+0
-6.1928E+0 -6.8140E+0
-6.1925E+0 -6.8080E+0
-6.1922E+0 -6.8110E+0
-6.1919E+0 -6.8100E+0
-6.1916E+0 -6.8110E+0
-6.1913E+0 -6.8060E+0
-6.1910E+0 -6.8070E+0
-6.1907E+0 -6.8050E+0
-6.1904E+0 -6.8110E+0
-6.1901E+0 -6.8040E+0
-6.1898E+0 -6.8060E+0
-6.1895E+0 -6.8050E+0
-6.1892E+0 -6.8080E+0
-6.1889E+0 -6.8070E+0
-6.1886E+0 -6.8070E+0
-6.1883E+0 -6.8030E+0
-6.1880E+0 -6.8070E+0
-6.1877E+0 -6.8010E+0
-6.1874E+0 -6.8020E+0
-6.1871E+0 -3.4170E+0
-6.1868E+0 -6.8030E+0
-6.1865E+0 -6.7990E+0
-6.1862E+0 -6.8000E+0
-6.1859E+0 -6.8000E+0
-6.1856E+0 -6.8070E+0
-6.1853E+0 -6.7990E+0
-6.1850E+0 -6.7990E+0
-6.1847E+0 -6.7970E+0
-6.1844E+0 -6.8000E+0
-6.1841E+0 -6.7990E+0
-6.1838E+0 -6.7990E+0
-6.1835E+0 -6.7960E+0
-6.1832E+0 -6.8020E+0
-6.1829E+0 -6.7970E+0
-6.1826E+0 -6.8010E+0
-6.1823E+0 -6.8010E+0
-6.1820E+0 -6.8010E+0
-6.1817E+0 -6.7960E+0
-6.1814E+0 -6.7960E+0
-6.1811E+0 -6.7940E+0
-6.1808E+0 -6.8000E+0
-6.1805E+0 -6.7920E+0
-6.1802E+0 -6.7940E+0
-6.1799E+0 -6.7920E+0
-6.1796E+0 -6.7950E+0
-6.1793E+0 -6.7940E+0
-6.1790E+0 -6.7940E+0
-6.1787E+0 -6.7900E+0
-6.1784E+0 -6.7940E+0
-6.1781E+0 -6.7880E+0
-6.1778E+0 -6.7910E+0
-6.1775E+0 -6.7900E+0
-6.1772E+0 -6.7920E+0
-6.1769E+0 -6.7890E+0
-6.1766E+0 -6.7900E+0
-6.1763E+0 -6.7890E+0
-6.1760E+0 -6.7970E+0
-6.1757E+0 -6.7890E+0
-6.1754E+0 -6.7890E+0
-6.1751E+0 -6.7870E+0
-6.1748E+0 -6.7890E+0
-6.1745E+0 -6.7870E+0
-6.1742E+0 -6.7870E+0
-6.1739E+0 -6.7840E+0
-6.1736E+0 -6.7900E+0
-6.1733E+0 -6.7850E+0
-6.1730E+0 -6.7880E+0
-6.1727E+0 -6.7870E+0
-6.1724E+0 -6.7880E+0
-6.1721E+0 -6.7840E+0
-6.1718E+0 -6.7850E+0
-6.1715E+0 -6.7840E+0
-6.1712E+0 -6.7900E+0
-6.1709E+0 -6.7840E+0
-6.1706E+0 -6.7850E+0
-6.1703E+0 -6.7850E+0
-6.1700E+0 -6.7880E+0
-6.1697E+0 -6.7880E+0
-6.1694E+0 -6.7890E+0
-6.1691E+0 -6.7840E+0
-6.1688E+0 -6.7880E+0
-6.1685E+0 -6.7820E+0
-6.1682E+0 -6.7840E+0
-6.1679E+0 -6.7820E+0
-6.1676E+0 -6.7830E+0
-6.1673E+0 -6.7790E+0
-6.1670E+0 -6.7800E+0
-6.1667E+0 -6.7790E+0
-6.1664E+0 -6.7860E+0
-6.1661E+0 -6.7780E+0
-6.1658E+0 -6.7790E+0
-6.1655E+0 -6.7760E+0
-6.1652E+0 -6.7790E+0
-6.1649E+0 -6.7770E+0
-6.1646E+0 -6.7770E+0
-6.1643E+0 -6.7750E+0
-6.1640E+0 -6.7800E+0
-6.1637E+0 -6.7760E+0
-6.1634E+0 -6.7790E+0
-6.1631E+0 -6.7780E+0
-6.1628E+0 -6.7780E+0
-6.1625E+0 -6.7740E+0
-6.1622E+0 -6.7740E+0
-6.1619E+0 -6.7720E+0
-6.1616E+0 -6.7780E+0
-6.1613E+0 -6.7710E+0
-6.1610E+0 -6.7720E+0
-6.1607E+0 -6.7710E+0
-6.1604E+0 -6.7740E+0
-6.1601E+0 -6.7730E+0
-6.1598E+0 -6.7740E+0
-6.1595E+0 -6.7700E+0
-6.1592E+0 -6.7750E+0
-6.1589E+0 -6.7690E+0
-6.1586E+0 -6.7710E+0
-6.1583E+0 -6.7710E+0
-6.1580E+0 -6.7720E+0
-6.1577E+0 -6.7700E+0
-6.1574E+0 -6.7710E+0
-6.1571E+0 -6.7710E+0
-6.1568E+0 -6.7790E+0
-6.1565E+0 -6.7700E+0
-6.1562E+0 -6.7710E+0
-6.1559E+0 -6.7680E+0
-6.1556E+0 -6.7700E+0
-6.1553E+0 -6.7680E+0
-6.1550E+0 -6.7680E+0
-6.1547E+0 -6.7650E+0
-6.1544E+0 -6.7700E+0
-6.1541E+0 -6.7650E+0
-6.1538E+0 -6.7670E+0
-6.1535E+0 -6.7670E+0
-6.1532E+0 -6.7670E+0
-6.1529E+0 -6.7640E+0
-6.1526E+0 -6.7640E+0
-6.1523E+0 -6.7620E+0
-6.1520E+0 -6.7690E+0
-6.1517E+0 -6.7620E+0
-6.1514E+0 -6.7640E+0
-6.1511E+0 -6.7630E+0
-6.1508E+0 -6.7660E+0
-6.1505E+0 -6.7660E+0
-6.1502E+0 -6.7660E+0
-6.1499E+0 -6.7620E+0
-6.1496E+0 -6.7660E+0
-6.1493E+0 -6.7600E+0
-6.1490E+0 -6.7630E+0
-6.1487E+0 -6.7610E+0
-6.1484E+0 -3.7400E-1
-6.1481E+0 -6.7600E+0
-6.1478E+0 -6.7610E+0
-6.1475E+0 -6.7600E+0
-6.1472E+0 -6.7670E+0
-6.1469E+0 -6.7600E+0
-6.1466E+0 -6.7600E+0
-6.1463E+0 -6.7590E+0
-6.1460E+0 -6.7620E+0
-6.1457E+0 -6.7600E+0
-6.1454E+0 -6.7610E+0
-6.1451E+0 -6.7590E+0
-6.1448E+0 -6.7650E+0
-6.1445E+0 -6.7600E+0
-6.1442E+0 -6.7640E+0
-6.1439E+0 -6.7700E+0
-6.1436E+0 -6.7700E+0
-6.1433E+0 -6.7650E+0
-6.1430E+0 -6.7650E+0
-6.1427E+0 -6.7620E+0
-6.1424E+0 -6.7680E+0
-6.1421E+0 -6.7600E+0
-6.1418E+0 -6.7610E+0
-6.1415E+0 -6.7600E+0
-6.1412E+0 -6.7630E+0
-6.1409E+0 -6.7610E+0
-6.1406E+0 -6.7610E+0
-6.1403E+0 -6.7570E+0
-6.1400E+0 -6.7610E+0
-6.1397E+0 -6.7550E+0
-6.1394E+0 -6.7570E+0
-6.1391E+0 -6.7560E+0
-6.1388E+0 -6.7580E+0
-6.1385E+0 -6.7550E+0
-6.1382E+0 -6.7560E+0
-6.1379E+0 -6.7550E+0
-6.1376E+0 -6.7620E+0
-6.1373E+0 -6.7540E+0
-6.1370E+0 -6.7540E+0
-6.1367E+0 -6.7520E+0
-6.1364E+0 -6.7540E+0
-6.1361E+0 -6.7520E+0
-6.1358E+0 -6.7520E+0
-6.1355E+0 -6.7490E+0
-6.1352E+0 -6.7530E+0
-6.1349E+0 -6.7480E+0
-6.1346E+0 -6.7510E+0
-6.1343E+0 -6.7500E+0
-6.1340E+0 -6.7510E+0
-6.1337E+0 -6.7470E+0
-6.1334E+0 -6.7480E+0
-6.1331E+0 -6.7460E+0
-6.1328E+0 -6.7520E+0
-6.1325E+0 -6.7460E+0
-6.1322E+0 -6.7470E+0
-6.1319E+0 -6.7470E+0
-6.1316E+0 -6.7500E+0
-6.1313E+0 -6.7490E+0
-6.1310E+0 -6.7490E+0
-6.1307E+0 -6.7450E+0
-6.1304E+0 -6.7490E+0
-6.1301E+0 -6.7430E+0
-6.1298E+0 -6.7440E+0
-6.1295E+0 -6.7430E+0
-6.1292E+0 -6.7440E+0
-6.1289E+0 -6.7400E+0
-6.1286E+0 -6.7410E+0
-6.1283E+0 -6.7400E+0
-6.1280E+0 -6.7470E+0
-6.1277E+0 -6.7390E+0
-6.1274E+0 -6.7400E+0
-6.1271E+0 -6.7380E+0
-6.1268E+0 -6.7400E+0
-6.1265E+0 -6.7380E+0
-6.1262E+0 -6.7390E+0
-6.1259E+0 -6.7350E+0
-6.1256E+0 -6.7420E+0
-6.1253E+0 -6.7360E+0
-6.1250E+0 -6.7390E+0
-6.1247E+0 -6.7390E+0
-6.1244E+0 -6.7390E+0
-6.1241E+0 -6.7350E+0
-6.1238E+0 -6.7350E+0
-6.1235E+0 -6.7330E+0
-6.1232E+0 -6.7390E+0
-6.1229E+0 -6.7320E+0
-6.1226E+0 -6.7340E+0
-6.1223E+0 -6.7320E+0
-6.1220E+0 -6.7350E+0
-6.1217E+0 -6.7340E+0
-6.1214E+0 -6.7340E+0
-6.1211E+0 -6.7310E+0
-6.1208E+0 -6.7350E+0
-6.1205E+0 -6.7300E+0
-6.1202E+0 -6.7330E+0
-6.1199E+0 -6.7320E+0
-6.1196E+0 -6.7330E+0
-6.1193E+0 -6.7310E+0
-6.1190E+0 -6.7320E+0
-6.1187E+0 -6.7320E+0
-6.1184E+0 -6.7400E+0
-6.1181E+0 -6.7320E+0
-6.1178E+0 -6.7320E+0
-6.1175E+0 -6.7300E+0
-6.1172E+0 -6.7310E+0
-6.1169E+0 -6.7290E+0
-6.1166E+0 -6.7290E+0
-6.1163E+0 -6.7250E+0
-6.1160E+0 -6.7300E+0
-6.1157E+0 -6.7250E+0
-6.1154E+0 -6.7270E+0
-6.1151E+0 -6.7270E+0
-6.1148E+0 -6.7270E+0
-6.1145E+0 -6.7230E+0
-6.1142E+0 -6.7230E+0
-6.1139E+0 -6.7210E+0
-6.1136E+0 -6.7280E+0
-6.1133E+0 -6.7210E+0
-6.1130E+0 -6.7220E+0
-6.1127E+0 -6.7210E+0
-6.1124E+0 -6.7240E+0
-6.1121E+0 -6.7240E+0
-6.1118E+0 -6.7240E+0
-6.1115E+0 -6.7190E+0
-6.1112E+0 -6.7240E+0
-6.1109E+0 -6.7170E+0
-6.1106E+0 -6.7190E+0
-6.1103E+0 -6.7180E+0
-6.1100E+0 -6.7190E+0
-6.1097E+0 -6.7160E+0
-6.1094E+0 -6.7170E+0
-6.1091E+0 -6.7160E+0
-6.1088E+0 -6.7230E+0
-6.1085E+0 -6.7150E+0
-6.1082E+0 -6.7160E+0
-6.1079E+0 -6.7140E+0
-6.1076E+0 -6.7170E+0
-6.1073E+0 -6.7150E+0
-6.1070E+0 -6.7160E+0
-6.1067E+0 -6.7130E+0
-6.1064E+0 -6.7190E+0
-6.1061E+0 -6.7140E+0
-6.1058E+0 -6.7180E+0
-6.1055E+0 -6.7170E+0
-6.1052E+0 -6.7170E+0
-6.1049E+0 -6.7130E+0
-6.1046E+0 -6.7130E+0
-6.1043E+0 -6.7100E+0
-6.1040E+0 -6.7160E+0
-6.1037E+0 -6.7090E+0
-6.1034E+0 -6.7100E+0
-6.1031E+0 -6.7090E+0
-6.1028E+0 -6.7110E+0
-6.1025E+0 -6.7110E+0
-6.1022E+0 -6.7100E+0
-6.1019E+0 -6.7070E+0
-6.1016E+0 -6.7110E+0
-6.1013E+0 -6.7050E+0
-6.1010E+0 -6.7080E+0
-6.1007E+0 -6.7070E+0
-6.1004E+0 -6.7080E+0
-6.1001E+0 -6.7060E+0
-6.0998E+0 -6.7070E+0
-6.0995E+0 -6.7060E+0
-6.0992E+0 -6.7140E+0
-6.0989E+0 -6.7060E+0
-6.0986E+0 -6.7060E+0
-6.0983E+0 -6.7040E+0
-6.0980E+0 -6.7060E+0
-6.0977E+0 -6.7040E+0
-6.0974E+0 -6.7040E+0
-6.0971E+0 -6.7010E+0
-6.0968E+0 -6.7070E+0
-6.0965E+0 -6.7010E+0
-6.0962E+0 -6.7040E+0
-6.0959E+0 -6.7040E+0
-6.0956E+0 -6.7050E+0
-6.0953E+0 -6.7010E+0
-6.0950E+0 -6.7020E+0
-6.0947E+0 -6.7000E+0
-6.0944E+0 -6.7070E+0
-6.0941E+0 -6.7000E+0
-6.0938E+0 -6.7020E+0
-6.0935E+0 -6.7010E+0
-6.0932E+0 -6.7060E+0
-6.0929E+0 -6.7050E+0
-6.0926E+0 -6.7060E+0
-6.0923E+0 -6.7010E+0
-6.0920E+0 -6.7050E+0
-6.0917E+0 -6.6980E+0
-6.0914E+0 -6.7000E+0
-6.0911E+0 -6.6980E+0
-6.0908E+0 -6.7000E+0
-6.0905E+0 -6.6960E+0
-6.0902E+0 -6.6970E+0
-6.0899E+0 -6.6960E+0
-6.0896E+0 -6.7020E+0
-6.0893E+0 -6.6950E+0
-6.0890E+0 -6.6940E+0
-6.0887E+0 -6.6930E+0
-6.0884E+0 -6.6950E+0
-6.0881E+0 -6.6930E+0
-6.0878E+0 -6.6930E+0
-6.0875E+0 -6.6900E+0
-6.0872E+0 -6.6960E+0
-6.0869E+0 -6.6910E+0
-6.0866E+0 -6.6940E+0
-6.0863E+0 -6.6930E+0
-6.0860E+0 -6.6930E+0
-6.0857E+0 -6.6890E+0
-6.0854E+0 -6.6890E+0
-6.0851E+0 -6.6870E+0
-6.0848E+0 -6.6930E+0
-6.0845E+0 -6.6860E+0
-6.0842E+0 -6.6870E+0
-6.0839E+0 -6.6860E+0
-6.0836E+0 -6.6890E+0
-6.0833E+0 -6.6880E+0
-6.0830E+0 -6.6880E+0
-6.0827E+0 -6.6840E+0
-6.0824E+0 -6.6890E+0
-6.0821E+0 -6.6830E+0
-6.0818E+0 -6.6850E+0
-6.0815E+0 -6.6850E+0
-6.0812E+0 -6.6860E+0
-6.0809E+0 -6.6830E+0
-6.0806E+0 -6.6850E+0
-6.0803E+0 -6.6850E+0
-6.0800E+0 -6.6920E+0
-6.0797E+0 -6.6840E+0
-6.0794E+0 -6.6840E+0
-6.0791E+0 -6.6810E+0
-6.0788E+0 -6.6840E+0
-6.0785E+0 -6.6810E+0
-6.0782E+0 -6.6810E+0
-6.0779E+0 -6.6770E+0
-6.0776E+0 -6.6820E+0
-6.0773E+0 -6.6770E+0
-6.0770E+0 -6.6800E+0
-6.0767E+0 -6.6790E+0
-6.0764E+0 -6.6800E+0
-6.0761E+0 -6.6760E+0
-6.0758E+0 -6.6760E+0
-6.0755E+0 -6.6740E+0
-6.0752E+0 -6.6810E+0
-6.0749E+0 -6.6740E+0
-6.0746E+0 -6.6760E+0
-6.0743E+0 -6.6740E+0
-6.0740E+0 -6.6780E+0
-6.0737E+0 -6.6770E+0
-6.0734E+0 -6.6770E+0
-6.0731E+0 -6.6730E+0
-6.0728E+0 -6.6780E+0
-6.0725E+0 -6.6710E+0
-6.0722E+0 -6.6740E+0
-6.0719E+0 -6.6720E+0
-6.0716E+0 -6.6740E+0
-6.0713E+0 -6.6710E+0
-6.0710E+0 -6.6720E+0
-6.0707E+0 -6.6700E+0
-6.0704E+0 -6.6780E+0
-6.0701E+0 -6.6700E+0
-6.0698E+0 -6.6700E+0
-6.0695E+0 -6.6690E+0
-6.0692E+0 -6.6720E+0
-6.0689E+0 -6.6710E+0
-6.0686E+0 -6.6710E+0
-6.0683E+0 -6.6680E+0
-6.0680E+0 -6.6740E+0
-6.0677E+0 -6.6700E+0
-6.0674E+0 -6.6730E+0
-6.0671E+0 -6.6740E+0
-6.0668E+0 -6.6740E+0
-6.0665E+0 -6.6690E+0
-6.0662E+0 -6.6690E+0
-6.0659E+0 -6.6670E+0
-6.0656E+0 -6.6730E+0
-6.0653E+0 -6.6650E+0
-6.0650E+0 -6.6650E+0
-6.0647E+0 -6.6640E+0
-6.0644E+0 -6.6670E+0
-6.0641E+0 -6.6660E+0
-6.0638E+0 -6.6660E+0
-6.0635E+0 -6.6620E+0
-6.0632E+0 -6.6660E+0
-6.0629E+0 -6.6600E+0
-6.0626E+0 -6.6630E+0
-6.0623E+0 -6.6620E+0
-6.0620E+0 -6.6630E+0
-6.0617E+0 -6.6610E+0
-6.0614E+0 -6.6620E+0
-6.0611E+0 -6.6610E+0
-6.0608E+0 -6.6680E+0
-6.0605E+0 -6.6600E+0
-6.0602E+0 -6.6600E+0
-6.0599E+0 -6.6580E+0
-6.0596E+0 -6.6600E+0
-6.0593E+0 -6.6580E+0
-6.0590E+0 -6.6580E+0
-6.0587E+0 -6.6550E+0
-6.0584E+0 -6.6600E+0
-6.0581E+0 -6.6550E+0
-6.0578E+0 -6.6580E+0
-6.0575E+0 -6.6580E+0
-6.0572E+0 -6.6580E+0
-6.0569E+0 -6.6540E+0
-6.0566E+0 -6.6550E+0
-6.0563E+0 -6.6540E+0
-6.0560E+0 -6.6600E+0
-6.0557E+0 -6.6540E+0
-6.0554E+0 -6.6550E+0
-6.0551E+0 -6.6540E+0
-6.0548E+0 -6.6580E+0
-6.0545E+0 -6.6570E+0
-6.0542E+0 -6.6570E+0
-6.0539E+0 -6.6530E+0
-6.0536E+0 -6.6570E+0
-6.0533E+0 -6.6510E+0
-6.0530E+0 -6.6530E+0
-6.0527E+0 -6.6520E+0
-6.0524E+0 -6.6530E+0
-6.0521E+0 -6.6500E+0
-6.0518E+0 -6.6510E+0
-6.0515E+0 -6.6490E+0
-6.0512E+0 -6.6560E+0
-6.0509E+0 -6.6490E+0
-6.0506E+0 -6.6490E+0
-6.0503E+0 -6.6470E+0
-6.0500E+0 -6.6500E+0
-6.0497E+0 -6.6480E+0
-6.0494E+0 -6.6490E+0
-6.0491E+0 -6.6460E+0
-6.0488E+0 -6.6510E+0
-6.0485E+0 -6.6470E+0
-6.0482E+0 -6.6500E+0
-6.0479E+0 -6.6500E+0
-6.0476E+0 -6.6500E+0
-6.0473E+0 -6.6460E+0
-6.0470E+0 -6.6450E+0
-6.0467E+0 -6.6440E+0
-6.0464E+0 -6.6500E+0
-6.0461E+0 -6.6430E+0
-6.0458E+0 -6.6440E+0
-6.0455E+0 -6.6430E+0
-6.0452E+0 -6.6460E+0
-6.0449E+0 -6.6450E+0
-6.0446E+0 -6.6460E+0
-6.0443E+0 -6.6420E+0
-6.0440E+0 -6.6470E+0
-6.0437E+0 -6.6410E+0
-6.0434E+0 -6.6440E+0
-6.0431E+0 -6.6440E+0
-6.0428E+0 -6.6450E+0
-6.0425E+0 -6.6430E+0
-6.0422E+0 -6.6450E+0
-6.0419E+0 -6.6450E+0
-6.0416E+0 -6.6520E+0
-6.0413E+0 -6.6460E+0
-6.0410E+0 -6.6460E+0
-6.0407E+0 -6.6430E+0
-6.0404E+0 -6.6450E+0
-6.0401E+0 -6.6420E+0
-6.0398E+0 -6.6420E+0
-6.0395E+0 -6.6380E+0
-6.0392E+0 -6.6430E+0
-6.0389E+0 -6.6370E+0
-6.0386E+0 -6.6400E+0
-6.0383E+0 -6.6400E+0
-6.0380E+0 -6.6400E+0
-6.0377E+0 -6.6360E+0
-6.0374E+0 -6.6360E+0
-6.0371E+0 -6.6340E+0
-6.0368E+0 -6.6400E+0
-6.0365E+0 -6.6330E+0
-6.0362E+0 -6.6340E+0
-6.0359E+0 -6.6340E+0
-6.0356E+0 -6.6380E+0
-6.0353E+0 -6.6360E+0
-6.0350E+0 -6.6360E+0
-6.0347E+0 -6.6320E+0
-6.0344E+0 -6.6360E+0
-6.0341E+0 -6.6290E+0
-6.0338E+0 -6.6320E+0
-6.0335E+0 -6.6300E+0
-6.0332E+0 -6.6310E+0
-6.0329E+0 -6.6280E+0
-6.0326E+0 -6.6290E+0
-6.0323E+0 -6.6290E+0
-6.0320E+0 -6.6350E+0
-6.0317E+0 -6.6270E+0
-6.0314E+0 -6.6280E+0
-6.0311E+0 -6.6260E+0
-6.0308E+0 -6.6290E+0
-6.0305E+0 -6.6270E+0
-6.0302E+0 -6.6280E+0
-6.0299E+0 -6.6250E+0
-6.0296E+0 -6.6310E+0
-6.0293E+0 -6.6260E+0
-6.0290E+0 -6.6290E+0
-6.0287E+0 -6.6290E+0
-6.0284E+0 -6.6290E+0
-6.0281E+0 -6.6240E+0
-6.0278E+0 -6.6250E+0
-6.0275E+0 -6.6220E+0
-6.0272E+0 -6.6280E+0
-6.0269E+0 -6.6210E+0
-6.0266E+0 -6.6210E+0
-6.0263E+0 -6.6200E+0
-6.0260E+0 -6.6230E+0
-6.0257E+0 -6.6210E+0
-6.0254E+0 -6.6210E+0
-6.0251E+0 -6.6170E+0
-6.0248E+0 -6.6220E+0
-6.0245E+0 -6.6160E+0
-6.0242E+0 -6.6190E+0
-6.0239E+0 -6.6180E+0
-6.0236E+0 -6.6190E+0
-6.0233E+0 -6.6160E+0
-6.0230E+0 -6.6180E+0
-6.0227E+0 -6.6170E+0
-6.0224E+0 -6.6240E+0
-6.0221E+0 -6.6160E+0
-6.0218E+0 -6.6160E+0
-6.0215E+0 -6.6140E+0
-6.0212E+0 -6.6160E+0
-6.0209E+0 -6.6140E+0
-6.0206E+0 -6.6140E+0
-6.0203E+0 -6.6120E+0
-6.0200E+0 -6.6160E+0
-6.0197E+0 -6.6110E+0
-6.0194E+0 -6.6140E+0
-6.0191E+0 -6.6140E+0
-6.0188E+0 -6.6150E+0
-6.0185E+0 -6.6110E+0
-6.0182E+0 -6.6110E+0
-6.0179E+0 -6.6100E+0
-6.0176E+0 -6.6170E+0
-6.0173E+0 -6.6110E+0
-6.0170E+0 -6.6120E+0
-6.0167E+0 -6.6110E+0
-6.0164E+0 -6.6150E+0
-6.0161E+0 -6.6140E+0
-6.0158E+0 -6.6150E+0
-6.0155E+0 -6.6110E+0
-6.0152E+0 -6.6140E+0
-6.0149E+0 -6.6080E+0
-6.0146E+0 -6.6100E+0
-6.0143E+0 -6.6080E+0
-6.0140E+0 -6.6090E+0
-6.0137E+0 -6.6060E+0
-6.0134E+0 -6.6070E+0
-6.0131E+0 -6.6050E+0
-6.0128E+0 -6.6120E+0
-6.0125E+0 -6.6050E+0
-6.0122E+0 -6.6050E+0
-6.0119E+0 -6.6030E+0
-6.0116E+0 -6.6050E+0
-6.0113E+0 -6.6030E+0
-6.0110E+0 -6.6040E+0
-6.0107E+0 -6.6010E+0
-6.0104E+0 -6.6060E+0
-6.0101E+0 -6.6010E+0
-6.0098E+0 -6.6050E+0
-6.0095E+0 -6.6040E+0
-6.0092E+0 -6.6040E+0
-6.0089E+0 -6.6000E+0
-6.0086E+0 -6.6000E+0
-6.0083E+0 -6.5980E+0
-6.0080E+0 -6.6030E+0
-6.0077E+0 -6.5970E+0
-6.0074E+0 -6.5980E+0
-6.0071E+0 -6.5970E+0
-6.0068E+0 -6.6000E+0
-6.0065E+0 -6.5990E+0
-6.0062E+0 -6.5990E+0
-6.0059E+0 -6.5950E+0
-6.0056E+0 -6.6000E+0
-6.0053E+0 -6.5940E+0
-6.0050E+0 -6.5970E+0
-6.0047E+0 -6.5960E+0
-6.0044E+0 -6.5980E+0
-6.0041E+0 -6.5950E+0
-6.0038E+0 -6.5960E+0
-6.0035E+0 -6.5960E+0
-6.0032E+0 -6.6040E+0
-6.0029E+0 -6.5950E+0
-6.0026E+0 -6.5950E+0
-6.0023E+0 -6.5930E+0
-6.0020E+0 -6.5950E+0
-6.0017E+0 -6.5930E+0
-6.0014E+0 -6.5930E+0
-6.0011E+0 -6.5890E+0
-6.0008E+0 -6.5940E+0
-6.0005E+0 -6.5890E+0
-6.0002E+0 -6.5920E+0
-5.9999E+0 -6.5910E+0
-5.9996E+0 -6.5920E+0
-5.9993E+0 -6.5880E+0
-5.9990E+0 -6.5880E+0
-5.9987E+0 -6.5870E+0
-5.9984E+0 -6.5930E+0
-5.9981E+0 -6.5860E+0
-5.9978E+0 -6.5870E+0
-5.9975E+0 -6.5870E+0
-5.9972E+0 -6.5910E+0
-5.9969E+0 -6.5900E+0
-5.9966E+0 -6.5900E+0
-5.9963E+0 -6.5860E+0
-5.9960E+0 -6.5900E+0
-5.9957E+0 -6.5840E+0
-5.9954E+0 -6.5860E+0
-5.9951E+0 -6.5850E+0
-5.9948E+0 -6.5860E+0
-5.9945E+0 -6.5830E+0
-5.9942E+0 -6.5840E+0
-5.9939E+0 -6.5830E+0
-5.9936E+0 -6.5910E+0
-5.9933E+0 -6.5830E+0
-5.9930E+0 -6.5840E+0
-5.9927E+0 -6.5820E+0
-5.9924E+0 -6.5850E+0
-5.9921E+0 -6.5840E+0
-5.9918E+0 -6.5850E+0
-5.9915E+0 -6.5820E+0
-5.9912E+0 -6.5880E+0
-5.9909E+0 -6.5830E+0
-5.9906E+0 -6.5870E+0
-5.9903E+0 -6.5870E+0
-5.9900E+0 -6.5870E+0
-5.9897E+0 -6.5830E+0
-5.9894E+0 -6.5830E+0
-5.9891E+0 -6.5800E+0
-5.9888E+0 -6.5860E+0
-5.9885E+0 -6.5790E+0
-5.9882E+0 -6.5790E+0
-5.9879E+0 -6.5780E+0
-5.9876E+0 -6.5810E+0
-5.9873E+0 -6.5790E+0
-5.9870E+0 -6.5780E+0
-5.9867E+0 -6.5750E+0
-5.9864E+0 -6.5800E+0
-5.9861E+0 -6.5740E+0
-5.9858E+0 -6.5760E+0
-5.9855E+0 -6.5750E+0
-5.9852E+0 -6.5770E+0
-5.9849E+0 -6.5730E+0
-5.9846E+0 -6.5750E+0
-5.9843E+0 -6.5740E+0
-5.9840E+0 -6.5810E+0
-5.9837E+0 -6.5730E+0
-5.9834E+0 -6.5730E+0
-5.9831E+0 -6.5700E+0
-5.9828E+0 -6.5730E+0
-5.9825E+0 -6.5710E+0
-5.9822E+0 -6.5700E+0
-5.9819E+0 -6.5680E+0
-5.9816E+0 -6.5730E+0
-5.9813E+0 -6.5670E+0
-5.9810E+0 -6.5700E+0
-5.9807E+0 -6.5700E+0
-5.9804E+0 -6.5700E+0
-5.9801E+0 -6.5670E+0
-5.9798E+0 -6.5670E+0
-5.9795E+0 -6.5660E+0
-5.9792E+0 -6.5720E+0
-5.9789E+0 -6.5650E+0
-5.9786E+0 -6.5670E+0
-5.9783E+0 -6.5660E+0
-5.9780E+0 -6.5700E+0
-5.9777E+0 -6.5700E+0
-5.9774E+0 -6.5690E+0
-5.9771E+0 -6.5650E+0
-5.9768E+0 -6.5690E+0
-5.9765E+0 -6.5620E+0
-5.9762E+0 -6.5640E+0
-5.9759E+0 -6.5630E+0
-5.9756E+0 -6.5640E+0
-5.9753E+0 -6.5610E+0
-5.9750E+0 -6.5620E+0
-5.9747E+0 -6.5610E+0
-5.9744E+0 -6.5670E+0
-5.9741E+0 -6.5600E+0
-5.9738E+0 -4.3870E+0
-5.9735E+0 -6.5590E+0
-5.9732E+0 -6.5610E+0
-5.9729E+0 -6.5580E+0
-5.9726E+0 -6.5590E+0
-5.9723E+0 -6.5570E+0
-5.9720E+0 -6.5620E+0
-5.9717E+0 -6.5570E+0
-5.9714E+0 -6.5610E+0
-5.9711E+0 -6.5600E+0
-5.9708E+0 -6.5600E+0
-5.9705E+0 -6.5560E+0
-5.9702E+0 -6.5560E+0
-5.9699E+0 -6.5540E+0
-5.9696E+0 -6.5600E+0
-5.9693E+0 -6.5540E+0
-5.9690E+0 -6.5550E+0
-5.9687E+0 -6.5540E+0
-5.9684E+0 -6.5560E+0
-5.9681E+0 -6.5560E+0
-5.9678E+0 -6.5560E+0
-5.9675E+0 -6.5520E+0
-5.9672E+0 -6.5570E+0
-5.9669E+0 -6.5520E+0
-5.9666E+0 -6.5550E+0
-5.9663E+0 -6.5540E+0
-5.9660E+0 -6.5560E+0
-5.9657E+0 -6.5530E+0
-5.9654E+0 -6.5540E+0
-5.9651E+0 -4.1200E-1
-5.9648E+0 -6.5620E+0
-5.9645E+0 -6.5540E+0
-5.9642E+0 -6.5540E+0
-5.9639E+0 -6.5520E+0
-5.9636E+0 -6.5540E+0
-5.9633E+0 -6.5510E+0
-5.9630E+0 -6.5510E+0
-5.9627E+0 -6.5480E+0
-5.9624E+0 -6.5520E+0
-5.9621E+0 -6.5470E+0
-5.9618E+0 -6.5500E+0
-5.9615E+0 -6.5490E+0
-5.9612E+0 -6.5490E+0
-5.9609E+0 -6.5460E+0
-5.9606E+0 -6.5460E+0
-5.9603E+0 -6.5440E+0
-5.9600E+0 -6.5510E+0
-5.9597E+0 -6.5440E+0
-5.9594E+0 -6.5450E+0
-5.9591E+0 -6.5440E+0
-5.9588E+0 -6.5470E+0
-5.9585E+0 -6.5470E+0
-5.9582E+0 -6.5470E+0
-5.9579E+0 -6.5430E+0
-5.9576E+0 -6.5470E+0
-5.9573E+0 -6.5410E+0
-5.9570E+0 -6.5430E+0
-5.9567E+0 -6.5420E+0
-5.9564E+0 -6.5430E+0
-5.9561E+0 -6.5400E+0
-5.9558E+0 -6.5410E+0
-5.9555E+0 -6.5400E+0
-5.9552E+0 -6.5470E+0
-5.9549E+0 -6.5390E+0
-5.9546E+0 -6.5400E+0
-5.9543E+0 -6.5380E+0
-5.9540E+0 -6.5410E+0
-5.9537E+0 -6.5390E+0
-5.9534E+0 -6.5400E+0
-5.9531E+0 -6.5370E+0
-5.9528E+0 -6.5430E+0
-5.9525E+0 -6.5380E+0
-5.9522E+0 -6.5420E+0
-5.9519E+0 -6.5420E+0
-5.9516E+0 -6.5410E+0
-5.9513E+0 -6.5370E+0
-5.9510E+0 -6.5370E+0
-5.9507E+0 -6.5350E+0
-5.9504E+0 -6.5410E+0
-5.9501E+0 -6.5340E+0
-5.9498E+0 -6.5350E+0
-5.9495E+0 -6.5330E+0
-5.9492E+0 -6.5360E+0
-5.9489E+0 -6.5350E+0
-5.9486E+0 -6.5350E+0
-5.9483E+0 -6.5310E+0
-5.9480E+0 -6.5360E+0
-5.9477E+0 -6.5300E+0
-5.9474E+0 -6.5330E+0
-5.9471E+0 -6.5320E+0
-5.9468E+0 -6.5330E+0
-5.9465E+0 -6.5310E+0
-5.9462E+0 -6.5320E+0
-5.9459E+0 -6.5320E+0
-5.9456E+0 -6.5390E+0
-5.9453E+0 -6.5310E+0
-5.9450E+0 -6.5310E+0
-5.9447E+0 -6.5290E+0
-5.9444E+0 -6.5320E+0
-5.9441E+0 -6.5300E+0
-5.9438E+0 -6.5300E+0
-5.9435E+0 -6.5270E+0
-5.9432E+0 -6.5320E+0
-5.9429E+0 -6.5270E+0
-5.9426E+0 -6.5310E+0
-5.9423E+0 -6.5300E+0
-5.9420E+0 -6.5310E+0
-5.9417E+0 -6.5270E+0
-5.9414E+0 -6.5280E+0
-5.9411E+0 -6.5260E+0
-5.9408E+0 -6.5340E+0
-5.9405E+0 -6.5270E+0
-5.9402E+0 -6.5290E+0
-5.9399E+0 -6.5280E+0
-5.9396E+0 -6.5320E+0
-5.9393E+0 -6.5320E+0
-5.9390E+0 -6.5350E+0
-5.9387E+0 -6.5310E+0
-5.9384E+0 -6.5340E+0
-5.9381E+0 -6.5280E+0
-5.9378E+0 -6.5300E+0
-5.9375E+0 -6.5280E+0
-5.9372E+0 -6.5290E+0
-5.9369E+0 -6.5250E+0
-5.9366E+0 -6.5260E+0
-5.9363E+0 -6.5250E+0
-5.9360E+0 -6.5320E+0
-5.9357E+0 -6.5230E+0
-5.9354E+0 -6.5230E+0
-5.9351E+0 -6.5220E+0
-5.9348E+0 -6.5240E+0
-5.9345E+0 -6.5220E+0
-5.9342E+0 -6.5220E+0
-5.9339E+0 -6.5200E+0
-5.9336E+0 -6.5250E+0
-5.9333E+0 -6.5200E+0
-5.9330E+0 -6.5230E+0
-5.9327E+0 -6.5230E+0
-5.9324E+0 -6.5230E+0
-5.9321E+0 -6.5180E+0
-5.9318E+0 -6.5180E+0
-5.9315E+0 -6.5160E+0
-5.9312E+0 -6.5220E+0
-5.9309E+0 -6.5140E+0
-5.9306E+0 -6.5160E+0
-5.9303E+0 -6.5140E+0
-5.9300E+0 -6.5180E+0
-5.9297E+0 -6.5160E+0
-5.9294E+0 -6.5160E+0
-5.9291E+0 -6.5130E+0
-5.9288E+0 -6.5170E+0
-5.9285E+0 -6.5120E+0
-5.9282E+0 -6.5140E+0
-5.9279E+0 -6.5130E+0
-5.9276E+0 -6.5140E+0
-5.9273E+0 -6.5120E+0
-5.9270E+0 -6.5130E+0
-5.9267E+0 -6.5130E+0
-5.9264E+0 -6.5210E+0
-5.9261E+0 -6.5120E+0
-5.9258E+0 -6.5120E+0
-5.9255E+0 -6.5100E+0
-5.9252E+0 -6.5120E+0
-5.9249E+0 -6.5090E+0
-5.9246E+0 -6.5090E+0
-5.9243E+0 -6.5060E+0
-5.9240E+0 -6.5110E+0
-5.9237E+0 -6.5050E+0
-5.9234E+0 -6.5080E+0
-5.9231E+0 -6.5080E+0
-5.9228E+0 -6.5080E+0
-5.9225E+0 -6.5040E+0
-5.9222E+0 -6.5050E+0
-5.9219E+0 -6.5030E+0
-5.9216E+0 -6.5090E+0
-5.9213E+0 -6.5020E+0
-5.9210E+0 -6.5030E+0
-5.9207E+0 -6.5030E+0
-5.9204E+0 -6.5060E+0
-5.9201E+0 -6.5060E+0
-5.9198E+0 -6.5050E+0
-5.9195E+0 -6.5010E+0
-5.9192E+0 -6.5050E+0
-5.9189E+0 -6.4990E+0
-5.9186E+0 -6.5010E+0
-5.9183E+0 -6.5000E+0
-5.9180E+0 -6.5010E+0
-5.9177E+0 -6.4980E+0
-5.9174E+0 -6.4990E+0
-5.9171E+0 -6.4980E+0
-5.9168E+0 -6.5060E+0
-5.9165E+0 -6.4980E+0
-5.9162E+0 -6.4990E+0
-5.9159E+0 -6.4970E+0
-5.9156E+0 -6.5000E+0
-5.9153E+0 -6.4980E+0
-5.9150E+0 -6.4990E+0
-5.9147E+0 -6.4960E+0
-5.9144E+0 -6.5020E+0
-5.9141E+0 -6.4980E+0
-5.9138E+0 -6.5010E+0
-5.9135E+0 -6.5010E+0
-5.9132E+0 -6.5010E+0
-5.9129E+0 -6.4970E+0
-5.9126E+0 -6.4960E+0
-5.9123E+0 -6.4940E+0
-5.9120E+0 -6.4990E+0
-5.9117E+0 -6.4930E+0
-5.9114E+0 -6.4930E+0
-5.9111E+0 -6.4920E+0
-5.9108E+0 -6.4940E+0
-5.9105E+0 -6.4930E+0
-5.9102E+0 -6.4930E+0
-5.9099E+0 -6.4890E+0
-5.9096E+0 -6.4930E+0
-5.9093E+0 -6.4870E+0
-5.9090E+0 -6.4900E+0
-5.9087E+0 -6.4890E+0
-5.9084E+0 -6.4900E+0
-5.9081E+0 -6.4880E+0
-5.9078E+0 -6.4890E+0
-5.9075E+0 -6.4880E+0
-5.9072E+0 -6.4950E+0
-5.9069E+0 -6.4870E+0
-5.9066E+0 -6.4870E+0
-5.9063E+0 -6.4850E+0
-5.9060E+0 -6.4870E+0
-5.9057E+0 -6.4850E+0
-5.9054E+0 -6.4850E+0
-5.9051E+0 -6.4820E+0
-5.9048E+0 -6.4870E+0
-5.9045E+0 -6.4820E+0
-5.9042E+0 -6.4850E+0
-5.9039E+0 -6.4850E+0
-5.9036E+0 -6.4850E+0
-5.9033E+0 -6.4810E+0
-5.9030E+0 -6.4810E+0
-5.9027E+0 -6.4800E+0
-5.9024E+0 -6.4870E+0
-5.9021E+0 -6.4800E+0
-5.9018E+0 -6.4810E+0
-5.9015E+0 -6.4810E+0
-5.9012E+0 -6.4850E+0
-5.9009E+0 -6.4840E+0
-5.9006E+0 -6.4840E+0
-5.9003E+0 -6.4800E+0
-5.9000E+0 -6.4840E+0
-5.8997E+0 -6.4770E+0
-5.8994E+0 -6.4790E+0
-5.8991E+0 -6.4780E+0
-5.8988E+0 -6.4790E+0
-5.8985E+0 -6.4760E+0
-5.8982E+0 -6.4770E+0
-5.8979E+0 -6.4750E+0
-5.8976E+0 -6.4820E+0
-5.8973E+0 -6.4750E+0
-5.8970E+0 -6.4750E+0
-5.8967E+0 -6.4730E+0
-5.8964E+0 -6.4760E+0
-5.8961E+0 -6.4740E+0
-5.8958E+0 -6.4740E+0
-5.8955E+0 -6.4720E+0
-5.8952E+0 -6.4770E+0
-5.8949E+0 -6.4720E+0
-5.8946E+0 -6.4760E+0
-5.8943E+0 -6.4750E+0
-5.8940E+0 -6.4760E+0
-5.8937E+0 -6.4720E+0
-5.8934E+0 -6.4720E+0
-5.8931E+0 -6.4700E+0
-5.8928E+0 -6.4760E+0
-5.8925E+0 -6.4690E+0
-5.8922E+0 -6.4700E+0
-5.8919E+0 -6.4690E+0
-5.8916E+0 -6.4720E+0
-5.8913E+0 -6.4710E+0
-5.8910E+0 -6.4720E+0
-5.8907E+0 -6.4680E+0
-5.8904E+0 -6.4730E+0
-5.8901E+0 -6.4670E+0
-5.8898E+0 -6.4700E+0
-5.8895E+0 -6.4690E+0
-5.8892E+0 -6.4710E+0
-5.8889E+0 -6.4690E+0
-5.8886E+0 -6.4700E+0
-5.8883E+0 -6.4690E+0
-5.8880E+0 -6.4770E+0
-5.8877E+0 -6.4710E+0
-5.8874E+0 -6.4700E+0
-5.8871E+0 -6.4680E+0
-5.8868E+0 -6.4690E+0
-5.8865E+0 -6.4670E+0
-5.8862E+0 -6.4660E+0
-5.8859E+0 -6.4630E+0
-5.8856E+0 -6.4680E+0
-5.8853E+0 -6.4620E+0
-5.8850E+0 -6.4650E+0
-5.8847E+0 -6.4640E+0
-5.8844E+0 -6.4640E+0
-5.8841E+0 -6.4610E+0
-5.8838E+0 -6.4600E+0
-5.8835E+0 -6.4590E+0
-5.8832E+0 -6.4650E+0
-5.8829E+0 -6.4590E+0
-5.8826E+0 -6.4590E+0
-5.8823E+0 -6.4590E+0
-5.8820E+0 -6.4620E+0
-5.8817E+0 -6.4610E+0
-5.8814E+0 -6.4610E+0
-5.8811E+0 -6.4570E+0
-5.8808E+0 -6.4610E+0
-5.8805E+0 -6.4540E+0
-5.8802E+0 -6.4570E+0
-5.8799E+0 -6.4550E+0
-5.8796E+0 -6.4570E+0
-5.8793E+0 -6.4540E+0
-5.8790E+0 -6.4540E+0
-5.8787E+0 -6.4540E+0
-5.8784E+0 -6.4610E+0
-5.8781E+0 -6.4530E+0
-5.8778E+0 -6.4530E+0
-5.8775E+0 -6.4520E+0
-5.8772E+0 -6.4540E+0
-5.8769E+0 -6.4530E+0
-5.8766E+0 -6.4530E+0
-5.8763E+0 -6.4500E+0
-5.8760E+0 -6.4560E+0
-5.8757E+0 -6.4510E+0
-5.8754E+0 -6.4550E+0
-5.8751E+0 -6.4540E+0
-5.8748E+0 -6.4540E+0
-5.8745E+0 -6.4500E+0
-5.8742E+0 -6.4500E+0
-5.8739E+0 -6.4470E+0
-5.8736E+0 -6.4530E+0
-5.8733E+0 -6.4460E+0
-5.8730E+0 -6.4470E+0
-5.8727E+0 -6.4460E+0
-5.8724E+0 -6.4490E+0
-5.8721E+0 -6.4480E+0
-5.8718E+0 -6.4470E+0
-5.8715E+0 -6.4440E+0
-5.8712E+0 -6.4480E+0
-5.8709E+0 -6.4420E+0
-5.8706E+0 -6.4440E+0
-5.8703E+0 -6.4440E+0
-5.8700E+0 -6.4450E+0
-5.8697E+0 -6.4430E+0
-5.8694E+0 -6.4440E+0
-5.8691E+0 -6.4430E+0
-5.8688E+0 -6.4500E+0
-5.8685E+0 -6.4430E+0
-5.8682E+0 -6.4420E+0
-5.8679E+0 -6.4400E+0
-5.8676E+0 -6.4420E+0
-5.8673E+0 -6.4410E+0
-5.8670E+0 -6.4410E+0
-5.8667E+0 -6.4370E+0
-5.8664E+0 -6.4430E+0
-5.8661E+0 -6.4380E+0
-5.8658E+0 -6.4410E+0
-5.8655E+0 -6.4410E+0
-5.8652E+0 -6.4410E+0
-5.8649E+0 -6.4380E+0
-5.8646E+0 -6.4380E+0
-5.8643E+0 -6.4370E+0
-5.8640E+0 -6.4430E+0
-5.8637E+0 -6.4370E+0
-5.8634E+0 -6.4390E+0
-5.8631E+0 -6.4380E+0
-5.8628E+0 -6.4410E+0
-5.8625E+0 -6.4410E+0
-5.8622E+0 -6.4420E+0
-5.8619E+0 -6.4370E+0
-5.8616E+0 -6.4410E+0
-5.8613E+0 -6.4350E+0
-5.8610E+0 -6.4370E+0
-5.8607E+0 -6.4360E+0
-5.8604E+0 -6.4360E+0
-5.8601E+0 -6.4330E+0
-5.8598E+0 -6.4330E+0
-5.8595E+0 -6.4330E+0
-5.8592E+0 -6.4390E+0
-5.8589E+0 -6.4320E+0
-5.8586E+0 -6.4320E+0
-5.8583E+0 -6.4300E+0
-5.8580E+0 -6.4320E+0
-5.8577E+0 -6.4310E+0
-5.8574E+0 -6.4310E+0
-5.8571E+0 -6.4280E+0
-5.8568E+0 -6.4330E+0
-5.8565E+0 -6.4290E+0
-5.8562E+0 -6.4310E+0
-5.8559E+0 -6.4310E+0
-5.8556E+0 -6.4310E+0
-5.8553E+0 -6.4270E+0
-5.8550E+0 -6.4270E+0
-5.8547E+0 -6.4250E+0
-5.8544E+0 -6.4320E+0
-5.8541E+0 -6.4240E+0
-5.8538E+0 -6.4250E+0
-5.8535E+0 -6.4240E+0
-5.8532E+0 -6.4270E+0
-5.8529E+0 -6.4260E+0
-5.8526E+0 -6.4260E+0
-5.8523E+0 -6.4220E+0
-5.8520E+0 -6.4270E+0
-5.8517E+0 -6.4220E+0
-5.8514E+0 -6.4240E+0
-5.8511E+0 -6.4240E+0
-5.8508E+0 -6.4250E+0
-5.8505E+0 -6.4230E+0
-5.8502E+0 -6.4240E+0
-5.8499E+0 -6.4240E+0
-5.8496E+0 -6.4310E+0
-5.8493E+0 -6.4230E+0
-5.8490E+0 -6.4230E+0
-5.8487E+0 -6.4210E+0
-5.8484E+0 -6.4230E+0
-5.8481E+0 -6.4210E+0
-5.8478E+0 -6.4200E+0
-5.8475E+0 -6.4170E+0
-5.8472E+0 -6.4220E+0
-5.8469E+0 -6.4170E+0
-5.8466E+0 -6.4200E+0
-5.8463E+0 -4.3550E+0
-5.8460E+0 -6.4200E+0
-5.8457E+0 -6.4160E+0
-5.8454E+0 -6.4160E+0
-5.8451E+0 -6.4150E+0
-5.8448E+0 -6.4210E+0
-5.8445E+0 -6.4150E+0
-5.8442E+0 -6.4160E+0
-5.8439E+0 -6.4150E+0
-5.8436E+0 -6.4190E+0
-5.8433E+0 -6.4180E+0
-5.8430E+0 -6.4180E+0
-5.8427E+0 -6.4140E+0
-5.8424E+0 -6.4180E+0
-5.8421E+0 -6.4130E+0
-5.8418E+0 -6.4140E+0
-5.8415E+0 -6.4140E+0
-5.8412E+0 -6.4150E+0
-5.8409E+0 -6.4120E+0
-5.8406E+0 -6.4130E+0
-5.8403E+0 -6.4120E+0
-5.8400E+0 -6.4190E+0
-5.8397E+0 -6.4120E+0
-5.8394E+0 -6.4130E+0
-5.8391E+0 -6.4110E+0
-5.8388E+0 -6.4140E+0
-5.8385E+0 -6.4120E+0
-5.8382E+0 -6.4130E+0
-5.8379E+0 -6.4110E+0
-5.8376E+0 -6.4160E+0
-5.8373E+0 -6.4120E+0
-5.8370E+0 -6.4150E+0
-5.8367E+0 -6.4170E+0
-5.8364E+0 -6.4170E+0
-5.8361E+0 -6.4130E+0
-5.8358E+0 -6.4120E+0
-5.8355E+0 -6.4100E+0
-5.8352E+0 -6.4160E+0
-5.8349E+0 -6.4090E+0
-5.8346E+0 -6.4090E+0
-5.8343E+0 -6.4080E+0
-5.8340E+0 -6.4110E+0
-5.8337E+0 -6.4090E+0
-5.8334E+0 -6.4090E+0
-5.8331E+0 -6.4050E+0
-5.8328E+0 -6.4090E+0
-5.8325E+0 -6.4030E+0
-5.8322E+0 -6.4050E+0
-5.8319E+0 -6.4040E+0
-5.8316E+0 -6.4060E+0
-5.8313E+0 -6.4030E+0
-5.8310E+0 -6.4040E+0
-5.8307E+0 -6.4030E+0
-5.8304E+0 -6.4110E+0
-5.8301E+0 -6.4020E+0
-5.8298E+0 -6.4020E+0
-5.8295E+0 -6.4000E+0
-5.8292E+0 -6.4020E+0
-5.8289E+0 -6.4000E+0
-5.8286E+0 -6.4000E+0
-5.8283E+0 -6.3970E+0
-5.8280E+0 -6.4020E+0
-5.8277E+0 -6.3970E+0
-5.8274E+0 -6.4000E+0
-5.8271E+0 -6.3990E+0
-5.8268E+0 -6.3990E+0
-5.8265E+0 -6.3960E+0
-5.8262E+0 -6.3960E+0
-5.8259E+0 -6.3950E+0
-5.8256E+0 -6.4010E+0
-5.8253E+0 -6.3950E+0
-5.8250E+0 -6.3960E+0
-5.8247E+0 -6.3950E+0
-5.8244E+0 -6.3990E+0
-5.8241E+0 -6.3980E+0
-5.8238E+0 -6.3980E+0
-5.8235E+0 -6.3940E+0
-5.8232E+0 -6.3970E+0
-5.8229E+0 -6.3920E+0
-5.8226E+0 -6.3930E+0
-5.8223E+0 -6.3920E+0
-5.8220E+0 -6.3930E+0
-5.8217E+0 -6.3890E+0
-5.8214E+0 -6.3900E+0
-5.8211E+0 -6.3890E+0
-5.8208E+0 -6.3960E+0
-5.8205E+0 -6.3880E+0
-5.8202E+0 -6.3880E+0
-5.8199E+0 -6.3870E+0
-5.8196E+0 -6.3890E+0
-5.8193E+0 -6.3870E+0
-5.8190E+0 -6.3880E+0
-5.8187E+0 -6.3850E+0
-5.8184E+0 -6.3900E+0
-5.8181E+0 -6.3850E+0
-5.8178E+0 -6.3890E+0
-5.8175E+0 -6.3880E+0
-5.8172E+0 -6.3880E+0
-5.8169E+0 -6.3840E+0
-5.8166E+0 -6.3850E+0
-5.8163E+0 -6.3820E+0
-5.8160E+0 -6.3890E+0
-5.8157E+0 -6.3810E+0
-5.8154E+0 -6.3830E+0
-5.8151E+0 -6.3820E+0
-5.8148E+0 -6.3850E+0
-5.8145E+0 -6.3840E+0
-5.8142E+0 -6.3840E+0
-5.8139E+0 -6.3810E+0
-5.8136E+0 -6.3850E+0
-5.8133E+0 -6.3800E+0
-5.8130E+0 -6.3820E+0
-5.8127E+0 -6.3810E+0
-5.8124E+0 -6.3830E+0
-5.8121E+0 -6.3810E+0
-5.8118E+0 -6.3820E+0
-5.8115E+0 -6.3820E+0
-5.8112E+0 -6.3890E+0
-5.8109E+0 -6.3820E+0
-5.8106E+0 -6.3810E+0
-5.8103E+0 -6.3790E+0
-5.8100E+0 -6.3810E+0
-5.8097E+0 -6.3790E+0
-5.8094E+0 -6.3790E+0
-5.8091E+0 -6.3750E+0
-5.8088E+0 -6.3800E+0
-5.8085E+0 -6.3750E+0
-5.8082E+0 -6.3780E+0
-5.8079E+0 -6.3770E+0
-5.8076E+0 -6.3770E+0
-5.8073E+0 -6.3740E+0
-5.8070E+0 -6.3740E+0
-5.8067E+0 -6.3720E+0
-5.8064E+0 -6.3780E+0
-5.8061E+0 -6.3710E+0
-5.8058E+0 -6.3730E+0
-5.8055E+0 -6.3720E+0
-5.8052E+0 -6.3750E+0
-5.8049E+0 -6.3740E+0
-5.8046E+0 -6.3740E+0
-5.8043E+0 -6.3700E+0
-5.8040E+0 -6.3740E+0
-5.8037E+0 -6.3680E+0
-5.8034E+0 -6.3700E+0
-5.8031E+0 -6.3690E+0
-5.8028E+0 -6.3700E+0
-5.8025E+0 -6.3670E+0
-5.8022E+0 -6.3680E+0
-5.8019E+0 -6.3670E+0
-5.8016E+0 -6.3730E+0
-5.8013E+0 -6.3660E+0
-5.8010E+0 -6.3670E+0
-5.8007E+0 -6.3650E+0
-5.8004E+0 -6.3670E+0
-5.8001E+0 -6.3660E+0
-5.7998E+0 -6.3670E+0
-5.7995E+0 -6.3640E+0
-5.7992E+0 -6.3690E+0
-5.7989E+0 -6.3650E+0
-5.7986E+0 -6.3680E+0
-5.7983E+0 -6.3680E+0
-5.7980E+0 -6.3680E+0
-5.7977E+0 -6.3640E+0
-5.7974E+0 -6.3640E+0
-5.7971E+0 -6.3620E+0
-5.7968E+0 -6.3670E+0
-5.7965E+0 -6.3600E+0
-5.7962E+0 -6.3610E+0
-5.7959E+0 -6.3600E+0
-5.7956E+0 -6.3630E+0
-5.7953E+0 -6.3620E+0
-5.7950E+0 -6.3620E+0
-5.7947E+0 -6.3580E+0
-5.7944E+0 -6.3620E+0
-5.7941E+0 -6.3570E+0
-5.7938E+0 -6.3590E+0
-5.7935E+0 -6.3590E+0
-5.7932E+0 -6.3600E+0
-5.7929E+0 -6.3570E+0
-5.7926E+0 -6.3590E+0
-5.7923E+0 -6.3580E+0
-5.7920E+0 -6.3650E+0
-5.7917E+0 -6.3570E+0
-5.7914E+0 -6.3580E+0
-5.7911E+0 -6.3550E+0
-5.7908E+0 -6.3580E+0
-5.7905E+0 -6.3560E+0
-5.7902E+0 -6.3560E+0
-5.7899E+0 -6.3530E+0
-5.7896E+0 -6.3580E+0
-5.7893E+0 -6.3530E+0
-5.7890E+0 -6.3560E+0
-5.7887E+0 -6.3560E+0
-5.7884E+0 -6.3560E+0
-5.7881E+0 -6.3540E+0
-5.7878E+0 -6.3540E+0
-5.7875E+0 -6.3520E+0
-5.7872E+0 -6.3590E+0
-5.7869E+0 -6.3530E+0
-5.7866E+0 -6.3540E+0
-5.7863E+0 -6.3540E+0
-5.7860E+0 -6.3570E+0
-5.7857E+0 -6.3570E+0
-5.7854E+0 -6.3580E+0
-5.7851E+0 -6.3530E+0
-5.7848E+0 -6.3570E+0
-5.7845E+0 -6.3510E+0
-5.7842E+0 -6.3530E+0
-5.7839E+0 -6.3520E+0
-5.7836E+0 -6.3520E+0
-5.7833E+0 -6.3490E+0
-5.7830E+0 -6.3500E+0
-5.7827E+0 -6.3480E+0
-5.7824E+0 -6.3550E+0
-5.7821E+0 -6.3470E+0
-5.7818E+0 -6.3470E+0
-5.7815E+0 -6.3450E+0
-5.7812E+0 -6.3480E+0
-5.7809E+0 -6.3460E+0
-5.7806E+0 -6.3460E+0
-5.7803E+0 -6.3430E+0
-5.7800E+0 -6.3490E+0
-5.7797E+0 -6.3440E+0
-5.7794E+0 -6.3470E+0
-5.7791E+0 -6.3460E+0
-5.7788E+0 -6.3470E+0
-5.7785E+0 -6.3420E+0
-5.7782E+0 -6.3420E+0
-5.7779E+0 -6.3400E+0
-5.7776E+0 -6.3460E+0
-5.7773E+0 -6.3390E+0
-5.7770E+0 -6.3400E+0
-5.7767E+0 -6.3390E+0
-5.7764E+0 -6.3420E+0
-5.7761E+0 -6.3410E+0
-5.7758E+0 -6.3410E+0
-5.7755E+0 -6.3370E+0
-5.7752E+0 -6.3420E+0
-5.7749E+0 -6.3360E+0
-5.7746E+0 -6.3390E+0
-5.7743E+0 -6.3380E+0
-5.7740E+0 -6.3400E+0
-5.7737E+0 -6.3370E+0
-5.7734E+0 -6.3390E+0
-5.7731E+0 -6.3380E+0
-5.7728E+0 -6.3450E+0
-5.7725E+0 -6.3380E+0
-5.7722E+0 -6.3370E+0
-5.7719E+0 -6.3350E+0
-5.7716E+0 -6.3370E+0
-5.7713E+0 -6.3350E+0
-5.7710E+0 -6.3350E+0
-5.7707E+0 -6.3320E+0
-5.7704E+0 -6.3360E+0
-5.7701E+0 -6.3310E+0
-5.7698E+0 -6.3340E+0
-5.7695E+0 -6.3330E+0
-5.7692E+0 -6.3340E+0
-5.7689E+0 -6.3300E+0
-5.7686E+0 -6.3310E+0
-5.7683E+0 -6.3290E+0
-5.7680E+0 -6.3350E+0
-5.7677E+0 -6.3280E+0
-5.7674E+0 -6.3300E+0
-5.7671E+0 -6.3290E+0
-5.7668E+0 -6.3320E+0
-5.7665E+0 -6.3310E+0
-5.7662E+0 -6.3310E+0
-5.7659E+0 -6.3270E+0
-5.7656E+0 -6.3320E+0
-5.7653E+0 -6.3260E+0
-5.7650E+0 -6.3280E+0
-5.7647E+0 -6.3270E+0
-5.7644E+0 -6.3280E+0
-5.7641E+0 -6.3250E+0
-5.7638E+0 -6.3260E+0
-5.7635E+0 -6.3250E+0
-5.7632E+0 -6.3330E+0
-5.7629E+0 -6.3250E+0
-5.7626E+0 -6.3250E+0
-5.7623E+0 -6.3240E+0
-5.7620E+0 -6.3260E+0
-5.7617E+0 -6.3250E+0
-5.7614E+0 -6.3260E+0
-5.7611E+0 -6.3230E+0
-5.7608E+0 -6.3290E+0
-5.7605E+0 -6.3240E+0
-5.7602E+0 -6.3270E+0
-5.7599E+0 -6.3290E+0
-5.7596E+0 -6.3280E+0
-5.7593E+0 -6.3240E+0
-5.7590E+0 -6.3240E+0
-5.7587E+0 -6.3220E+0
-5.7584E+0 -6.3270E+0
-5.7581E+0 -6.3190E+0
-5.7578E+0 -6.3210E+0
-5.7575E+0 -6.3200E+0
-5.7572E+0 -6.3220E+0
-5.7569E+0 -6.3210E+0
-5.7566E+0 -6.3210E+0
-5.7563E+0 -6.3170E+0
-5.7560E+0 -6.3210E+0
-5.7557E+0 -6.3160E+0
-5.7554E+0 -6.3180E+0
-5.7551E+0 -6.3170E+0
-5.7548E+0 -6.3180E+0
-5.7545E+0 -6.3160E+0
-5.7542E+0 -6.3170E+0
-5.7539E+0 -6.3160E+0
-5.7536E+0 -6.3230E+0
-5.7533E+0 -6.3150E+0
-5.7530E+0 -6.3160E+0
-5.7527E+0 -6.3140E+0
-5.7524E+0 -6.3160E+0
-5.7521E+0 -6.3140E+0
-5.7518E+0 -6.3140E+0
-5.7515E+0 -6.3110E+0
-5.7512E+0 -6.3160E+0
-5.7509E+0 -6.3110E+0
-5.7506E+0 -6.3140E+0
-5.7503E+0 -6.3130E+0
-5.7500E+0 -6.3140E+0
-5.7497E+0 -6.3100E+0
-5.7494E+0 -6.3110E+0
-5.7491E+0 -6.3090E+0
-5.7488E+0 -6.3160E+0
-5.7485E+0 -6.3100E+0
-5.7482E+0 -6.3110E+0
-5.7479E+0 -6.3110E+0
-5.7476E+0 -6.3130E+0
-5.7473E+0 -6.3130E+0
-5.7470E+0 -6.3130E+0
-5.7467E+0 -6.3090E+0
-5.7464E+0 -6.2910E+0
-5.7461E+0 -6.3070E+0
-5.7458E+0 -6.3090E+0
-5.7455E+0 -6.3080E+0
-5.7452E+0 -6.3080E+0
-5.7449E+0 -6.3060E+0
-5.7446E+0 -6.3060E+0
-5.7443E+0 -6.3050E+0
-5.7440E+0 -6.3120E+0
-5.7437E+0 -6.3040E+0
-5.7434E+0 -6.3050E+0
-5.7431E+0 -6.3030E+0
-5.7428E+0 -6.3060E+0
-5.7425E+0 -6.3040E+0
-5.7422E+0 -6.3040E+0
-5.7419E+0 -6.3020E+0
-5.7416E+0 -6.3070E+0
-5.7413E+0 -6.3030E+0
-5.7410E+0 -6.3060E+0
-5.7407E+0 -6.3060E+0
-5.7404E+0 -6.3060E+0
-5.7401E+0 -6.3020E+0
-5.7398E+0 -6.3020E+0
-5.7395E+0 -6.3010E+0
-5.7392E+0 -6.3060E+0
-5.7389E+0 -6.2990E+0
-5.7386E+0 -6.3010E+0
-5.7383E+0 -6.3000E+0
-5.7380E+0 -6.3030E+0
-5.7377E+0 -6.3020E+0
-5.7374E+0 -6.3030E+0
-5.7371E+0 -6.2990E+0
-5.7368E+0 -6.3040E+0
-5.7365E+0 -6.2980E+0
-5.7362E+0 -6.3010E+0
-5.7359E+0 -6.3000E+0
-5.7356E+0 -6.3020E+0
-5.7353E+0 -6.3000E+0
-5.7350E+0 -6.3010E+0
-5.7347E+0 -6.3010E+0
-5.7344E+0 -6.3080E+0
-5.7341E+0 -6.3130E+0
-5.7338E+0 -6.3120E+0
-5.7335E+0 -6.3100E+0
-5.7332E+0 -6.3120E+0
-5.7329E+0 -6.3100E+0
-5.7326E+0 -6.3090E+0
-5.7323E+0 -6.3060E+0
-5.7320E+0 -6.3110E+0
-5.7317E+0 -6.3060E+0
-5.7314E+0 -6.3080E+0
-5.7311E+0 -6.3070E+0
-5.7308E+0 -6.3070E+0
-5.7305E+0 -6.3030E+0
-5.7302E+0 -6.3030E+0
-5.7299E+0 -6.3020E+0
-5.7296E+0 -6.3080E+0
-5.7293E+0 -6.3010E+0
-5.7290E+0 -6.3010E+0
-5.7287E+0 -6.3010E+0
-5.7284E+0 -6.3040E+0
-5.7281E+0 -6.3040E+0
-5.7278E+0 -6.3030E+0
-5.7275E+0 -6.2990E+0
-5.7272E+0 -6.3030E+0
-5.7269E+0 -6.2970E+0
-5.7266E+0 -6.2990E+0
-5.7263E+0 -6.2980E+0
-5.7260E+0 -6.2980E+0
-5.7257E+0 -6.2960E+0
-5.7254E+0 -6.2960E+0
-5.7251E+0 -6.2950E+0
-5.7248E+0 -6.3020E+0
-5.7245E+0 -6.2940E+0
-5.7242E+0 -6.2950E+0
-5.7239E+0 -6.2940E+0
-5.7236E+0 -6.2950E+0
-5.7233E+0 -6.2940E+0
-5.7230E+0 -6.2940E+0
-5.7227E+0 -6.2920E+0
-5.7224E+0 -6.2970E+0
-5.7221E+0 -6.2930E+0
-5.7218E+0 -6.2960E+0
-5.7215E+0 -6.2960E+0
-5.7212E+0 -6.2960E+0
-5.7209E+0 -6.2910E+0
-5.7206E+0 -6.2910E+0
-5.7203E+0 -6.2890E+0
-5.7200E+0 -6.2940E+0
