-9.9800E-2 -1.0644E-1
-9.9700E-2 -1.0386E-1
-9.9600E-2 -1.0627E-1
-9.9500E-2 -1.0363E-1
-9.9400E-2 -1.0602E-1
-9.9300E-2 -1.0347E-1
-9.9200E-2 -1.0587E-1
-9.9100E-2 -1.0320E-1
-9.9000E-2 -1.0558E-1
-9.8900E-2 -1.0301E-1
-9.8800E-2 -1.0539E-1
-9.8700E-2 -1.0276E-1
-9.8600E-2 -1.0514E-1
-9.8500E-2 -1.0259E-1
-9.8400E-2 -1.0497E-1
-9.8300E-2 -1.0231E-1
-9.8200E-2 -1.0468E-1
-9.8100E-2 -1.0213E-1
-9.8000E-2 -1.0449E-1
-9.7900E-2 -1.0189E-1
-9.7800E-2 -1.0425E-1
-9.7700E-2 -1.0174E-1
-9.7600E-2 -1.0409E-1
-9.7500E-2 -1.0145E-1
-9.7400E-2 -1.0379E-1
-9.7300E-2 -1.0126E-1
-9.7200E-2 -1.0362E-1
-9.7100E-2 -1.0102E-1
-9.7000E-2 -1.0336E-1
-9.6900E-2 -1.0087E-1
-9.6800E-2 -1.0320E-1
-9.6700E-2 -1.0059E-1
-9.6600E-2 -1.0292E-1
-9.6500E-2 -1.0041E-1
-9.6400E-2 -1.0274E-1
-9.6300E-2 -1.0018E-1
-9.6200E-2 -1.0250E-1
-9.6100E-2 -1.0003E-1
-9.6000E-2 -1.0235E-1
-9.5900E-2 -9.9810E-2
-9.5800E-2 -1.0212E-1
-9.5700E-2 -9.9620E-2
-9.5600E-2 -1.0193E-1
-9.5500E-2 -9.9370E-2
-9.5400E-2 -1.0167E-1
-9.5300E-2 -9.9190E-2
-9.5200E-2 -1.0150E-1
-9.5100E-2 -9.8920E-2
-9.5000E-2 -1.0121E-1
-9.4900E-2 -9.8740E-2
-9.4800E-2 -1.0102E-1
-9.4700E-2 -9.8490E-2
-9.4600E-2 -1.0077E-1
-9.4500E-2 -9.8330E-2
-9.4400E-2 -1.0061E-1
-9.4300E-2 -9.8050E-2
-9.4200E-2 -1.0032E-1
-9.4100E-2 -9.7870E-2
-9.4000E-2 -1.0013E-1
-9.3900E-2 -9.7620E-2
-9.3800E-2 -9.9880E-2
-9.3700E-2 -9.7460E-2
-9.3600E-2 -9.9720E-2
-9.3500E-2 -9.7180E-2
-9.3400E-2 -9.9440E-2
-9.3300E-2 -9.7010E-2
-9.3200E-2 -9.9250E-2
-9.3100E-2 -9.6770E-2
-9.3000E-2 -9.9020E-2
-9.2900E-2 -9.6620E-2
-9.2800E-2 -9.8870E-2
-9.2700E-2 -9.6350E-2
-9.2600E-2 -9.8590E-2
-9.2500E-2 -9.6170E-2
-9.2400E-2 -9.8400E-2
-9.2300E-2 -9.5910E-2
-9.2200E-2 -9.8140E-2
-9.2100E-2 -9.5750E-2
-9.2000E-2 -9.7970E-2
-9.1900E-2 -9.5470E-2
-9.1800E-2 -9.7690E-2
-9.1700E-2 -9.5300E-2
-9.1600E-2 -9.7510E-2
-9.1500E-2 -9.5060E-2
-9.1400E-2 -9.7270E-2
-9.1300E-2 -9.4910E-2
-9.1200E-2 -9.7110E-2
-9.1100E-2 -5.1920E-2
-9.1000E-2 -9.6820E-2
-9.0900E-2 -9.4450E-2
-9.0800E-2 -9.6630E-2
-9.0700E-2 -9.4200E-2
-9.0600E-2 -9.6390E-2
-9.0500E-2 -9.4040E-2
-9.0400E-2 -9.6220E-2
-9.0300E-2 -9.3770E-2
-9.0200E-2 -9.5950E-2
-9.0100E-2 -9.3590E-2
-9.0000E-2 -9.5770E-2
-8.9900E-2 -9.3360E-2
-8.9800E-2 -9.5530E-2
-8.9700E-2 -9.3210E-2
-8.9600E-2 -9.5380E-2
-8.9500E-2 -9.3090E-2
-8.9400E-2 -9.5250E-2
-8.9300E-2 -9.2900E-2
-8.9200E-2 -9.5050E-2
-8.9100E-2 -9.2650E-2
-8.9000E-2 -9.4790E-2
-8.8900E-2 -3.0120E-2
-8.8800E-2 -9.4620E-2
-8.8700E-2 -9.2200E-2
-8.8600E-2 -9.4330E-2
-8.8500E-2 -9.2010E-2
-8.8400E-2 -9.4150E-2
-8.8300E-2 -9.1770E-2
-8.8200E-2 -9.3900E-2
-8.8100E-2 -9.1610E-2
-8.8000E-2 -9.3730E-2
-8.7900E-2 -9.1330E-2
-8.7800E-2 -9.3450E-2
-8.7700E-2 -9.1150E-2
-8.7600E-2 -9.3260E-2
-8.7500E-2 -9.0900E-2
-8.7400E-2 -9.3000E-2
-8.7300E-2 -9.0730E-2
-8.7200E-2 -9.2830E-2
-8.7100E-2 -9.0460E-2
-8.7000E-2 -9.2560E-2
-8.6900E-2 -9.0280E-2
-8.6800E-2 -9.2370E-2
-8.6700E-2 -9.0040E-2
-8.6600E-2 -9.2130E-2
-8.6500E-2 -8.9880E-2
-8.6400E-2 -9.1980E-2
-8.6300E-2 -8.9630E-2
-8.6200E-2 -9.1710E-2
-8.6100E-2 -8.9440E-2
-8.6000E-2 -9.1510E-2
-8.5900E-2 -8.9190E-2
-8.5800E-2 -9.1260E-2
-8.5700E-2 -8.9020E-2
-8.5600E-2 -9.1090E-2
-8.5500E-2 -8.8740E-2
-8.5400E-2 -9.0800E-2
-8.5300E-2 -8.8570E-2
-8.5200E-2 -9.0620E-2
-8.5100E-2 -8.8330E-2
-8.5000E-2 -9.0380E-2
-8.4900E-2 -8.8170E-2
-8.4800E-2 -9.0210E-2
-8.4700E-2 -8.7890E-2
-8.4600E-2 -8.9930E-2
-8.4500E-2 -8.7700E-2
-8.4400E-2 -8.9740E-2
-8.4300E-2 -8.7470E-2
-8.4200E-2 -8.9490E-2
-8.4100E-2 -8.7290E-2
-8.4000E-2 -8.9330E-2
-8.3900E-2 -8.7030E-2
-8.3800E-2 -8.9060E-2
-8.3700E-2 -8.6850E-2
-8.3600E-2 -8.8880E-2
-8.3500E-2 -8.6620E-2
-8.3400E-2 -8.8640E-2
-8.3300E-2 -8.6460E-2
-8.3200E-2 -8.8480E-2
-8.3100E-2 -8.6260E-2
-8.3000E-2 -8.8260E-2
-8.2900E-2 -8.6070E-2
-8.2800E-2 -8.8070E-2
-8.2700E-2 -8.5820E-2
-8.2600E-2 -8.7820E-2
-8.2500E-2 -8.5650E-2
-8.2400E-2 -8.7640E-2
-8.2300E-2 -8.5370E-2
-8.2200E-2 -8.7360E-2
-8.2100E-2 -8.5190E-2
-8.2000E-2 -8.7170E-2
-8.1900E-2 -8.4950E-2
-8.1800E-2 -8.6930E-2
-8.1700E-2 -8.4790E-2
-8.1600E-2 -8.6760E-2
-8.1500E-2 -8.4510E-2
-8.1400E-2 -8.6480E-2
-8.1300E-2 -8.4330E-2
-8.1200E-2 -8.6290E-2
-8.1100E-2 -8.4090E-2
-8.1000E-2 -8.6040E-2
-8.0900E-2 -8.3920E-2
-8.0800E-2 -8.5870E-2
-8.0700E-2 -8.3650E-2
-8.0600E-2 -8.5600E-2
-8.0500E-2 -8.3470E-2
-8.0400E-2 -8.5420E-2
-8.0300E-2 -8.3240E-2
-8.0200E-2 -8.5180E-2
-8.0100E-2 -8.3080E-2
-8.0000E-2 -8.5020E-2
-7.9900E-2 -8.2820E-2
-7.9800E-2 -8.4750E-2
-7.9700E-2 -8.2640E-2
-7.9600E-2 -8.4570E-2
-7.9500E-2 -8.2390E-2
-7.9400E-2 -8.4320E-2
-7.9300E-2 -8.2220E-2
-7.9200E-2 -8.4140E-2
-7.9100E-2 -8.1950E-2
-7.9000E-2 -8.3860E-2
-7.8900E-2 -8.1780E-2
-7.8800E-2 -8.3680E-2
-7.8700E-2 -8.1540E-2
-7.8600E-2 -8.3440E-2
-7.8500E-2 -8.1370E-2
-7.8400E-2 -8.3270E-2
-7.8300E-2 -8.1100E-2
-7.8200E-2 -8.2990E-2
-7.8100E-2 -8.0920E-2
-7.8000E-2 -8.2810E-2
-7.7900E-2 -8.0680E-2
-7.7800E-2 -8.2570E-2
-7.7700E-2 -8.0510E-2
-7.7600E-2 -8.2390E-2
-7.7500E-2 -8.0250E-2
-7.7400E-2 -8.2120E-2
-7.7300E-2 -8.0070E-2
-7.7200E-2 -8.1950E-2
-7.7100E-2 -7.9840E-2
-7.7000E-2 -8.1710E-2
-7.6900E-2 -7.9680E-2
-7.6800E-2 -5.5700E-3
-7.6700E-2 -8.0360E-2
-7.6600E-2 -8.2290E-2
-7.6500E-2 -8.0160E-2
-7.6400E-2 -8.2090E-2
-7.6300E-2 -7.9910E-2
-7.6200E-2 -8.1830E-2
-7.6100E-2 -7.9730E-2
-7.6000E-2 -8.1650E-2
-7.5900E-2 -7.9460E-2
-7.5800E-2 -8.1360E-2
-7.5700E-2 -7.9270E-2
-7.5600E-2 -8.1170E-2
-7.5500E-2 -7.9030E-2
-7.5400E-2 -8.0920E-2
-7.5300E-2 -7.8850E-2
-7.5200E-2 -8.0740E-2
-7.5100E-2 -7.8570E-2
-7.5000E-2 -8.0460E-2
-7.4900E-2 -7.8380E-2
-7.4800E-2 -8.0260E-2
-7.4700E-2 -7.8140E-2
-7.4600E-2 -8.0010E-2
-7.4500E-2 -7.7960E-2
-7.4400E-2 -7.9840E-2
-7.4300E-2 -7.7690E-2
-7.4200E-2 -7.9560E-2
-7.4100E-2 -7.7510E-2
-7.4000E-2 -7.9360E-2
-7.3900E-2 -7.7260E-2
-7.3800E-2 -7.9130E-2
-7.3700E-2 -7.7100E-2
-7.3600E-2 -7.8950E-2
-7.3500E-2 -7.6840E-2
-7.3400E-2 -7.8690E-2
-7.3300E-2 -7.6640E-2
-7.3200E-2 -7.8490E-2
-7.3100E-2 -7.6400E-2
-7.3000E-2 -7.8230E-2
-7.2900E-2 -7.6220E-2
-7.2800E-2 -7.8050E-2
-7.2700E-2 -7.5950E-2
-7.2600E-2 -7.7780E-2
-7.2500E-2 -7.5760E-2
-7.2400E-2 -7.7590E-2
-7.2300E-2 -7.5520E-2
-7.2200E-2 -7.7340E-2
-7.2100E-2 -7.5350E-2
-7.2000E-2 -7.7160E-2
-7.1900E-2 -7.5080E-2
-7.1800E-2 -7.6880E-2
-7.1700E-2 -7.4890E-2
-7.1600E-2 -7.6690E-2
-7.1500E-2 -7.4640E-2
-7.1400E-2 -7.6440E-2
-7.1300E-2 -7.4460E-2
-7.1200E-2 -7.6260E-2
-7.1100E-2 -7.4200E-2
-7.1000E-2 -7.5990E-2
-7.0900E-2 -7.4020E-2
-7.0800E-2 -7.5800E-2
-7.0700E-2 -7.3780E-2
-7.0600E-2 -7.5560E-2
-7.0500E-2 -7.3610E-2
-7.0400E-2 -7.5390E-2
-7.0300E-2 -7.3410E-2
-7.0200E-2 -7.5180E-2
-7.0100E-2 -7.3210E-2
-7.0000E-2 -7.4980E-2
-6.9900E-2 -7.2960E-2
-6.9800E-2 -7.4730E-2
-6.9700E-2 -7.2780E-2
-6.9600E-2 -7.4540E-2
-6.9500E-2 -7.2510E-2
-6.9400E-2 -7.4260E-2
-6.9300E-2 -7.2330E-2
-6.9200E-2 -7.4070E-2
-6.9100E-2 -7.2080E-2
-6.9000E-2 -7.3830E-2
-6.8900E-2 -7.1900E-2
-6.8800E-2 -7.3650E-2
-6.8700E-2 -7.1640E-2
-6.8600E-2 -7.3370E-2
-6.8500E-2 -7.1450E-2
-6.8400E-2 -7.3180E-2
-6.8300E-2 -7.1200E-2
-6.8200E-2 -7.2930E-2
-6.8100E-2 -7.1020E-2
-6.8000E-2 -7.2750E-2
-6.7900E-2 -7.0760E-2
-6.7800E-2 -7.2470E-2
-6.7700E-2 -7.0570E-2
-6.7600E-2 -7.2280E-2
-6.7500E-2 -7.0340E-2
-6.7400E-2 -7.2050E-2
-6.7300E-2 -7.0160E-2
-6.7200E-2 -7.1870E-2
-6.7100E-2 -6.9920E-2
-6.7000E-2 -7.1610E-2
-6.6900E-2 -6.9730E-2
-6.6800E-2 -7.1410E-2
-6.6700E-2 -6.9480E-2
-6.6600E-2 -7.1160E-2
-6.6500E-2 -6.9300E-2
-6.6400E-2 -7.0980E-2
-6.6300E-2 -6.9030E-2
-6.6200E-2 -7.0710E-2
-6.6100E-2 -6.8840E-2
-6.6000E-2 -7.0520E-2
-6.5900E-2 -6.8600E-2
-6.5800E-2 -7.0270E-2
-6.5700E-2 -6.8430E-2
-6.5600E-2 -7.0090E-2
-6.5500E-2 -6.8160E-2
-6.5400E-2 -6.9820E-2
-6.5300E-2 -6.7980E-2
-6.5200E-2 -6.9630E-2
-6.5100E-2 -6.7740E-2
-6.5000E-2 -6.9380E-2
-6.4900E-2 -6.7550E-2
-6.4800E-2 -6.9200E-2
-6.4700E-2 -6.7290E-2
-6.4600E-2 -6.8940E-2
-6.4500E-2 -6.7110E-2
-6.4400E-2 -6.8750E-2
-6.4300E-2 -6.6870E-2
-6.4200E-2 -6.8510E-2
-6.4100E-2 -6.6690E-2
-6.4000E-2 -6.8330E-2
-6.3900E-2 -6.6610E-2
-6.3800E-2 -6.8230E-2
-6.3700E-2 -6.6410E-2
-6.3600E-2 -6.8030E-2
-6.3500E-2 -6.6170E-2
-6.3400E-2 -6.7770E-2
-6.3300E-2 -6.5980E-2
-6.3200E-2 -6.7590E-2
-6.3100E-2 -6.5720E-2
-6.3000E-2 -6.7310E-2
-6.2900E-2 -6.5520E-2
-6.2800E-2 -6.7120E-2
-6.2700E-2 -6.5280E-2
-6.2600E-2 -6.6870E-2
-6.2500E-2 -6.5100E-2
-6.2400E-2 -6.6690E-2
-6.2300E-2 -6.4840E-2
-6.2200E-2 -6.6410E-2
-6.2100E-2 -6.4650E-2
-6.2000E-2 -6.6220E-2
-6.1900E-2 -6.4400E-2
-6.1800E-2 -6.5970E-2
-6.1700E-2 -6.4220E-2
-6.1600E-2 -6.5780E-2
-6.1500E-2 -6.3960E-2
-6.1400E-2 -6.5520E-2
-6.1300E-2 -6.3770E-2
-6.1200E-2 -6.5330E-2
-6.1100E-2 -6.3530E-2
-6.1000E-2 -6.5080E-2
-6.0900E-2 -6.3350E-2
-6.0800E-2 -6.4900E-2
-6.0700E-2 -6.3110E-2
-6.0600E-2 -6.4650E-2
-6.0500E-2 -6.2920E-2
-6.0400E-2 -6.4450E-2
-6.0300E-2 -6.2670E-2
-6.0200E-2 -6.4200E-2
-6.0100E-2 -6.2490E-2
-6.0000E-2 -6.4020E-2
-5.9900E-2 -6.2230E-2
-5.9800E-2 -6.3750E-2
-5.9700E-2 -6.2040E-2
-5.9600E-2 -6.3560E-2
-5.9500E-2 -6.1800E-2
-5.9400E-2 -6.3320E-2
-5.9300E-2 -6.1620E-2
-5.9200E-2 -6.3130E-2
-5.9100E-2 -6.1360E-2
-5.9000E-2 -6.2860E-2
-5.8900E-2 -6.1170E-2
-5.8800E-2 -6.2670E-2
-5.8700E-2 -6.0930E-2
-5.8600E-2 -6.2420E-2
-5.8500E-2 -6.0740E-2
-5.8400E-2 -6.2230E-2
-5.8300E-2 -6.0480E-2
-5.8200E-2 -6.1970E-2
-5.8100E-2 -6.0290E-2
-5.8000E-2 -6.1780E-2
-5.7900E-2 -6.0060E-2
-5.7800E-2 -6.1540E-2
-5.7700E-2 -5.9880E-2
-5.7600E-2 -6.1360E-2
-5.7500E-2 -5.9690E-2
-5.7400E-2 -6.1160E-2
-5.7300E-2 -5.9500E-2
-5.7200E-2 -6.0960E-2
-5.7100E-2 -5.9260E-2
-5.7000E-2 -6.0710E-2
-5.6900E-2 -5.9070E-2
-5.6800E-2 -6.0520E-2
-5.6700E-2 -5.8810E-2
-5.6600E-2 -6.0250E-2
-5.6500E-2 -5.8620E-2
-5.6400E-2 -6.0060E-2
-5.6300E-2 -5.8380E-2
-5.6200E-2 -5.9820E-2
-5.6100E-2 -5.8200E-2
-5.6000E-2 -5.9630E-2
-5.5900E-2 -5.7940E-2
-5.5800E-2 -5.9370E-2
-5.5700E-2 -5.7750E-2
-5.5600E-2 -5.9170E-2
-5.5500E-2 -5.7510E-2
-5.5400E-2 -5.8930E-2
-5.5300E-2 -5.7320E-2
-5.5200E-2 -5.8740E-2
-5.5100E-2 -5.7070E-2
-5.5000E-2 -5.8470E-2
-5.4900E-2 -5.6870E-2
-5.4800E-2 -5.8280E-2
-5.4700E-2 -5.6640E-2
-5.4600E-2 -5.8040E-2
-5.4500E-2 -5.6450E-2
-5.4400E-2 -5.7850E-2
-5.4300E-2 -5.6220E-2
-5.4200E-2 -5.7610E-2
-5.4100E-2 -5.6030E-2
-5.4000E-2 -5.7410E-2
-5.3900E-2 -5.5790E-2
-5.3800E-2 -5.7170E-2
-5.3700E-2 -5.5600E-2
-5.3600E-2 -3.1700E-3
-5.3500E-2 -5.5340E-2
-5.3400E-2 -5.6720E-2
-5.3300E-2 -5.5150E-2
-5.3200E-2 -5.6520E-2
-5.3100E-2 -5.4920E-2
-5.3000E-2 -5.6280E-2
-5.2900E-2 -5.4730E-2
-5.2800E-2 -5.6090E-2
-5.2700E-2 -5.4470E-2
-5.2600E-2 -5.5830E-2
-5.2500E-2 -5.4280E-2
-5.2400E-2 -5.5630E-2
-5.2300E-2 -5.4040E-2
-5.2200E-2 -5.5390E-2
-5.2100E-2 -5.3860E-2
-5.2000E-2 -5.5200E-2
-5.1900E-2 -5.3600E-2
-5.1800E-2 -5.4940E-2
-5.1700E-2 -5.3410E-2
-5.1600E-2 -5.4750E-2
-5.1500E-2 -5.3180E-2
-5.1400E-2 -5.4500E-2
-5.1300E-2 -5.2990E-2
-5.1200E-2 -5.4320E-2
-5.1100E-2 -5.3680E-2
-5.1000E-2 -5.5050E-2
-5.0900E-2 -5.3480E-2
-5.0800E-2 -5.4850E-2
-5.0700E-2 -5.3240E-2
-5.0600E-2 -5.4600E-2
-5.0500E-2 -5.3050E-2
-5.0400E-2 -5.4410E-2
-5.0300E-2 -5.2790E-2
-5.0200E-2 -5.4150E-2
-5.0100E-2 -5.2600E-2
-5.0000E-2 -5.3950E-2
-4.9900E-2 -5.2360E-2
-4.9800E-2 -5.3710E-2
-4.9700E-2 -5.2180E-2
-4.9600E-2 -5.3520E-2
-4.9500E-2 -5.1920E-2
-4.9400E-2 -5.3250E-2
-4.9300E-2 -5.1730E-2
-4.9200E-2 -5.3050E-2
-4.9100E-2 -5.1490E-2
-4.9000E-2 -5.2810E-2
-4.8900E-2 -5.1300E-2
-4.8800E-2 -5.2620E-2
-4.8700E-2 -5.1050E-2
-4.8600E-2 -5.2360E-2
-4.8500E-2 -5.0850E-2
-4.8400E-2 -5.2160E-2
-4.8300E-2 -5.0620E-2
-4.8200E-2 -5.1930E-2
-4.8100E-2 -5.0430E-2
-4.8000E-2 -5.1730E-2
-4.7900E-2 -5.0200E-2
-4.7800E-2 -5.1490E-2
-4.7700E-2 -5.0000E-2
-4.7600E-2 -5.1290E-2
-4.7500E-2 -4.9760E-2
-4.7400E-2 -5.1050E-2
-4.7300E-2 -4.9570E-2
-4.7200E-2 -5.0860E-2
-4.7100E-2 -4.9320E-2
-4.7000E-2 -5.0600E-2
-4.6900E-2 -4.9130E-2
-4.6800E-2 -5.0400E-2
-4.6700E-2 -4.8900E-2
-4.6600E-2 -5.0160E-2
-4.6500E-2 -4.8710E-2
-4.6400E-2 -4.9970E-2
-4.6300E-2 -4.8450E-2
-4.6200E-2 -4.9710E-2
-4.6100E-2 -4.8260E-2
-4.6000E-2 -4.9510E-2
-4.5900E-2 -4.8020E-2
-4.5800E-2 -4.9270E-2
-4.5700E-2 -4.7830E-2
-4.5600E-2 -4.9080E-2
-4.5500E-2 -4.7580E-2
-4.5400E-2 -4.8820E-2
-4.5300E-2 -4.7390E-2
-4.5200E-2 -4.8630E-2
-4.5100E-2 -4.7160E-2
-4.5000E-2 -4.8390E-2
-4.4900E-2 -4.6960E-2
-4.4800E-2 -4.8200E-2
-4.4700E-2 -4.6790E-2
-4.4600E-2 -4.8010E-2
-4.4500E-2 -4.6590E-2
-4.4400E-2 -4.7810E-2
-4.4300E-2 -4.6360E-2
-4.4200E-2 -4.7570E-2
-4.4100E-2 -4.6160E-2
-4.4000E-2 -4.7370E-2
-4.3900E-2 -4.5910E-2
-4.3800E-2 -4.7110E-2
-4.3700E-2 -4.5710E-2
-4.3600E-2 -4.6910E-2
-4.3500E-2 -4.5480E-2
-4.3400E-2 -4.6670E-2
-4.3300E-2 -4.5290E-2
-4.3200E-2 -4.6480E-2
-4.3100E-2 -4.5040E-2
-4.3000E-2 -4.6220E-2
-4.2900E-2 -4.4850E-2
-4.2800E-2 -4.6020E-2
-4.2700E-2 -4.4610E-2
-4.2600E-2 -4.5780E-2
-4.2500E-2 -4.4420E-2
-4.2400E-2 -4.5590E-2
-4.2300E-2 -4.4170E-2
-4.2200E-2 -4.5340E-2
-4.2100E-2 -4.3980E-2
-4.2000E-2 -4.5140E-2
-4.1900E-2 -4.3740E-2
-4.1800E-2 -4.4900E-2
-4.1700E-2 -4.3550E-2
-4.1600E-2 -4.4710E-2
-4.1500E-2 -4.3330E-2
-4.1400E-2 -4.4470E-2
-4.1300E-2 -4.3140E-2
-4.1200E-2 -4.4270E-2
-4.1100E-2 -4.2900E-2
-4.1000E-2 -4.4030E-2
-4.0900E-2 -4.2710E-2
-4.0800E-2 -4.3830E-2
-4.0700E-2 -4.2460E-2
-4.0600E-2 -4.3580E-2
-4.0500E-2 -4.2260E-2
-4.0400E-2 -4.3390E-2
-4.0300E-2 -4.2030E-2
-4.0200E-2 -4.3150E-2
-4.0100E-2 -4.1840E-2
-4.0000E-2 -4.2950E-2
-3.9900E-2 -4.1590E-2
-3.9800E-2 -4.2700E-2
-3.9700E-2 -4.1400E-2
-3.9600E-2 -4.2500E-2
-3.9500E-2 -4.1160E-2
-3.9400E-2 -4.2260E-2
-3.9300E-2 -4.0970E-2
-3.9200E-2 -4.2060E-2
-3.9100E-2 -4.0720E-2
-3.9000E-2 -4.1810E-2
-3.8900E-2 -4.0530E-2
-3.8800E-2 -4.1610E-2
-3.8700E-2 -4.0300E-2
-3.8600E-2 -4.1380E-2
-3.8500E-2 -4.0100E-2
-3.8400E-2 -4.1180E-2
-3.8300E-2 -4.0030E-2
-3.8200E-2 -4.1090E-2
-3.8100E-2 -3.9830E-2
-3.8000E-2 -4.0890E-2
-3.7900E-2 -3.9600E-2
-3.7800E-2 -4.0650E-2
-3.7700E-2 -3.9410E-2
-3.7600E-2 -4.0460E-2
-3.7500E-2 -3.9160E-2
-3.7400E-2 -4.0200E-2
-3.7300E-2 -3.8960E-2
-3.7200E-2 -4.0000E-2
-3.7100E-2 -3.8730E-2
-3.7000E-2 -3.9770E-2
-3.6900E-2 -3.8530E-2
-3.6800E-2 -3.9570E-2
-3.6700E-2 -3.8290E-2
-3.6600E-2 -3.9310E-2
-3.6500E-2 -3.8090E-2
-3.6400E-2 -3.9110E-2
-3.6300E-2 -3.7860E-2
-3.6200E-2 -3.8880E-2
-3.6100E-2 -3.7670E-2
-3.6000E-2 -3.8680E-2
-3.5900E-2 -3.7420E-2
-3.5800E-2 -3.8430E-2
-3.5700E-2 -3.7220E-2
-3.5600E-2 -3.8230E-2
-3.5500E-2 -3.6990E-2
-3.5400E-2 -3.7990E-2
-3.5300E-2 -3.6790E-2
-3.5200E-2 -3.7790E-2
-3.5100E-2 -3.6580E-2
-3.5000E-2 -3.7560E-2
-3.4900E-2 -3.6380E-2
-3.4800E-2 -3.7360E-2
-3.4700E-2 -3.6150E-2
-3.4600E-2 -3.7120E-2
-3.4500E-2 -3.5950E-2
-3.4400E-2 -3.6920E-2
-3.4300E-2 -3.5700E-2
-3.4200E-2 -3.6670E-2
-3.4100E-2 -3.5500E-2
-3.4000E-2 -3.6470E-2
-3.3900E-2 -3.5280E-2
-3.3800E-2 -3.6240E-2
-3.3700E-2 -3.5070E-2
-3.3600E-2 -3.6030E-2
-3.3500E-2 -3.4830E-2
-3.3400E-2 -3.5780E-2
-3.3300E-2 -3.4640E-2
-3.3200E-2 -3.5590E-2
-3.3100E-2 -3.4410E-2
-3.3000E-2 -3.5350E-2
-3.2900E-2 -3.4210E-2
-3.2800E-2 -3.5150E-2
-3.2700E-2 -3.3970E-2
-3.2600E-2 -3.4900E-2
-3.2500E-2 -3.3770E-2
-3.2400E-2 -3.4700E-2
-3.2300E-2 -3.3530E-2
-3.2200E-2 -3.4460E-2
-3.2100E-2 -3.3330E-2
-3.2000E-2 -3.4260E-2
-3.1900E-2 -3.3170E-2
-3.1800E-2 -3.4090E-2
-3.1700E-2 -3.2980E-2
-3.1600E-2 -3.3890E-2
-3.1500E-2 -3.2750E-2
-3.1400E-2 -3.3650E-2
-3.1300E-2 -3.2550E-2
-3.1200E-2 -3.3450E-2
-3.1100E-2 -3.2310E-2
-3.1000E-2 -3.3200E-2
-3.0900E-2 -3.2110E-2
-3.0800E-2 -3.3000E-2
-3.0700E-2 -3.1880E-2
-3.0600E-2 -3.2770E-2
-3.0500E-2 -3.1680E-2
-3.0400E-2 -3.2560E-2
-3.0300E-2 -3.1440E-2
-3.0200E-2 -3.2310E-2
-3.0100E-2 -3.1250E-2
-3.0000E-2 -3.2110E-2
-2.9900E-2 -3.1020E-2
-2.9800E-2 -3.1880E-2
-2.9700E-2 -3.0810E-2
-2.9600E-2 -3.1670E-2
-2.9500E-2 -3.0570E-2
-2.9400E-2 -3.1420E-2
-2.9300E-2 -3.0370E-2
-2.9200E-2 -3.1230E-2
-2.9100E-2 -3.0140E-2
-2.9000E-2 -3.0990E-2
-2.8900E-2 -2.9930E-2
-2.8800E-2 -3.0780E-2
-2.8700E-2 -2.9720E-2
-2.8600E-2 -3.0560E-2
-2.8500E-2 -2.9530E-2
-2.8400E-2 -3.0360E-2
-2.8300E-2 -2.9300E-2
-2.8200E-2 -3.0130E-2
-2.8100E-2 -2.9100E-2
-2.8000E-2 -2.9920E-2
-2.7900E-2 -2.8860E-2
-2.7800E-2 -2.9680E-2
-2.7700E-2 -2.8660E-2
-2.7600E-2 -2.9480E-2
-2.7500E-2 -2.8430E-2
-2.7400E-2 -2.9240E-2
-2.7300E-2 -2.8230E-2
-2.7200E-2 -2.9030E-2
-2.7100E-2 -2.7990E-2
-2.7000E-2 -2.8790E-2
-2.6900E-2 -2.7800E-2
-2.6800E-2 -2.8590E-2
-2.6700E-2 -2.7560E-2
-2.6600E-2 -2.8350E-2
-2.6500E-2 -2.7360E-2
-2.6400E-2 -2.8150E-2
-2.6300E-2 -2.7120E-2
-2.6200E-2 -2.7900E-2
-2.6100E-2 -2.6920E-2
-2.6000E-2 -2.7700E-2
-2.5900E-2 -2.6690E-2
-2.5800E-2 -2.7460E-2
-2.5700E-2 -2.6480E-2
-2.5600E-2 -2.7250E-2
-2.5500E-2 -2.7010E-2
-2.5400E-2 -2.7840E-2
-2.5300E-2 -2.6810E-2
-2.5200E-2 -2.7630E-2
-2.5100E-2 -2.6570E-2
-2.5000E-2 -2.7390E-2
-2.4900E-2 -2.6360E-2
-2.4800E-2 -2.7190E-2
-2.4700E-2 -2.6130E-2
-2.4600E-2 -2.6930E-2
-2.4500E-2 -2.5920E-2
-2.4400E-2 -2.6720E-2
-2.4300E-2 -2.5690E-2
-2.4200E-2 -2.6490E-2
-2.4100E-2 -2.5480E-2
-2.4000E-2 -2.6280E-2
-2.3900E-2 -2.5240E-2
-2.3800E-2 -2.6030E-2
-2.3700E-2 -2.5040E-2
-2.3600E-2 -2.5830E-2
-2.3500E-2 -2.4810E-2
-2.3400E-2 -2.5580E-2
-2.3300E-2 -2.4600E-2
-2.3200E-2 -2.5370E-2
-2.3100E-2 -2.4360E-2
-2.3000E-2 -2.5130E-2
-2.2900E-2 -2.4150E-2
-2.2800E-2 -2.4920E-2
-2.2700E-2 -2.3920E-2
-2.2600E-2 -2.4680E-2
-2.2500E-2 -2.3710E-2
-2.2400E-2 -2.4460E-2
-2.2300E-2 -2.3490E-2
-2.2200E-2 -2.4240E-2
-2.2100E-2 -2.3290E-2
-2.2000E-2 -2.4040E-2
-2.1900E-2 -2.3060E-2
-2.1800E-2 -2.3800E-2
-2.1700E-2 -2.2850E-2
-2.1600E-2 -2.3590E-2
-2.1500E-2 -2.2610E-2
-2.1400E-2 -2.3340E-2
-2.1300E-2 -2.2410E-2
-2.1200E-2 -2.3140E-2
-2.1100E-2 -2.2180E-2
-2.1000E-2 -2.2890E-2
-2.0900E-2 -2.1970E-2
-2.0800E-2 -2.2680E-2
-2.0700E-2 -2.1730E-2
-2.0600E-2 -2.2440E-2
-2.0500E-2 -2.1530E-2
-2.0400E-2 -2.2230E-2
-2.0300E-2 -2.1290E-2
-2.0200E-2 -2.2000E-2
-2.0100E-2 -2.1090E-2
-2.0000E-2 -2.1780E-2
-1.9900E-2 -2.0840E-2
-1.9800E-2 -2.1540E-2
-1.9700E-2 -2.0640E-2
-1.9600E-2 -2.1330E-2
-1.9500E-2 -2.0410E-2
-1.9400E-2 -2.1090E-2
-1.9300E-2 -2.0190E-2
-1.9200E-2 -2.0870E-2
-1.9100E-2 -2.0030E-2
-1.9000E-2 -2.0700E-2
-1.8900E-2 -1.9830E-2
-1.8800E-2 -2.0500E-2
-1.8700E-2 -1.9600E-2
-1.8600E-2 -2.0260E-2
-1.8500E-2 -1.9400E-2
-1.8400E-2 -2.0050E-2
-1.8300E-2 -1.9160E-2
-1.8200E-2 -1.9810E-2
-1.8100E-2 -1.8950E-2
-1.8000E-2 -1.9600E-2
-1.7900E-2 -1.8720E-2
-1.7800E-2 -1.9360E-2
-1.7700E-2 -1.8510E-2
-1.7600E-2 -1.9150E-2
-1.7500E-2 -1.8270E-2
-1.7400E-2 -1.8910E-2
-1.7300E-2 -1.8070E-2
-1.7200E-2 -1.8700E-2
-1.7100E-2 -1.7840E-2
-1.7000E-2 -1.8460E-2
-1.6900E-2 -1.7630E-2
-1.6800E-2 -1.8250E-2
-1.6700E-2 -1.7390E-2
-1.6600E-2 -1.8000E-2
-1.6500E-2 -1.7180E-2
-1.6400E-2 -1.7790E-2
-1.6300E-2 -1.6950E-2
-1.6200E-2 -1.7550E-2
-1.6100E-2 -1.6730E-2
-1.6000E-2 -1.7340E-2
-1.5900E-2 -1.6530E-2
-1.5800E-2 -1.7120E-2
-1.5700E-2 -1.6330E-2
-1.5600E-2 -1.6920E-2
-1.5500E-2 -1.6090E-2
-1.5400E-2 -1.6680E-2
-1.5300E-2 -1.5880E-2
-1.5200E-2 -1.6470E-2
-1.5100E-2 -1.5640E-2
-1.5000E-2 -1.6220E-2
-1.4900E-2 -1.5440E-2
-1.4800E-2 -1.6020E-2
-1.4700E-2 -1.5210E-2
-1.4600E-2 -1.5780E-2
-1.4500E-2 -1.4990E-2
-1.4400E-2 -1.5550E-2
-1.4300E-2 -1.4760E-2
-1.4200E-2 -1.5320E-2
-1.4100E-2 -1.4560E-2
-1.4000E-2 -1.5110E-2
-1.3900E-2 -1.4330E-2
-1.3800E-2 -1.4880E-2
-1.3700E-2 -1.4110E-2
-1.3600E-2 -1.4660E-2
-1.3500E-2 -1.3880E-2
-1.3400E-2 -1.4420E-2
-1.3300E-2 -1.3670E-2
-1.3200E-2 -1.4200E-2
-1.3100E-2 -1.3430E-2
-1.3000E-2 -1.3960E-2
-1.2900E-2 -1.3210E-2
-1.2800E-2 -1.3740E-2
-1.2700E-2 -1.3170E-2
-1.2600E-2 -1.3690E-2
-1.2500E-2 -1.2970E-2
-1.2400E-2 -1.3490E-2
-1.2300E-2 -1.2740E-2
-1.2200E-2 -1.3250E-2
-1.2100E-2 -1.2530E-2
-1.2000E-2 -1.3040E-2
-1.1900E-2 -1.2300E-2
-1.1800E-2 -1.2790E-2
-1.1700E-2 -1.2090E-2
-1.1600E-2 -1.2580E-2
-1.1500E-2 -1.1860E-2
-1.1400E-2 -1.2350E-2
-1.1300E-2 -1.1640E-2
-1.1200E-2 -1.2130E-2
-1.1100E-2 -1.1428E-2
-1.1000E-2 -1.1907E-2
-1.0900E-2 -1.1227E-2
-1.0800E-2 -1.1702E-2
-1.0700E-2 -1.0998E-2
-1.0600E-2 -1.1467E-2
-1.0500E-2 -1.0784E-2
-1.0400E-2 -1.1252E-2
-1.0300E-2 -1.0555E-2
-1.0200E-2 -1.1011E-2
-1.0100E-2 -1.0347E-2
-1.0000E-2 -1.0708E-2
-9.9000E-3 -1.0167E-2
-9.8000E-3 -1.0476E-2
-9.7000E-3 -9.9350E-3
-9.6000E-3 -1.0284E-2
-9.5000E-3 -9.6850E-3
-9.4000E-3 -1.0125E-2
-9.3000E-3 -9.4860E-3
-9.2000E-3 -9.9200E-3
-9.1000E-3 -9.2580E-3
-9.0000E-3 -9.6880E-3
-8.9000E-3 -9.0460E-3
-8.8000E-3 -9.4710E-3
-8.7000E-3 -8.8120E-3
-8.6000E-3 -9.2300E-3
-8.5000E-3 -8.6070E-3
-8.4000E-3 -8.9790E-3
-8.3000E-3 -8.3710E-3
-8.2000E-3 -8.7810E-3
-8.1000E-3 -8.1530E-3
-8.0000E-3 -8.5590E-3
-7.9000E-3 -7.9230E-3
-7.8000E-3 -8.3250E-3
-7.7000E-3 -7.7230E-3
-7.6000E-3 -8.1180E-3
-7.5000E-3 -7.4940E-3
-7.4000E-3 -7.8830E-3
-7.3000E-3 -7.2740E-3
-7.2000E-3 -7.6620E-3
-7.1000E-3 -7.0400E-3
-7.0000E-3 -7.4210E-3
-6.9000E-3 -6.8300E-3
-6.8000E-3 -7.2040E-3
-6.7000E-3 -6.5950E-3
-6.6000E-3 -6.9650E-3
-6.5000E-3 -6.3690E-3
-6.4000E-3 -6.7370E-3
-6.3000E-3 -6.2230E-3
-6.2000E-3 -6.5860E-3
-6.1000E-3 -6.0250E-3
-6.0000E-3 -6.3820E-3
-5.9000E-3 -5.8010E-3
-5.8000E-3 -6.1500E-3
-5.7000E-3 -5.5890E-3
-5.6000E-3 -5.8290E-3
-5.5000E-3 -5.3980E-3
-5.4000E-3 -5.6280E-3
-5.3000E-3 -5.1460E-3
-5.2000E-3 -5.4860E-3
-5.1000E-3 -4.9170E-3
-5.0000E-3 -5.2500E-3
-4.9000E-3 -4.6940E-3
-4.8000E-3 -5.0250E-3
-4.7000E-3 -4.4700E-3
-4.6000E-3 -4.7910E-3
-4.5000E-3 -4.2670E-3
-4.4000E-3 -4.5850E-3
-4.3000E-3 -4.0410E-3
-4.2000E-3 -4.3540E-3
-4.1000E-3 -3.8240E-3
-4.0000E-3 -4.1320E-3
-3.9000E-3 -3.5900E-3
-3.8000E-3 -3.8940E-3
-3.7000E-3 -3.3800E-3
-3.6000E-3 -3.6790E-3
-3.5000E-3 -3.1460E-3
-3.4000E-3 -3.4380E-3
-3.3000E-3 -2.9200E-3
-3.2000E-3 -3.2090E-3
-3.1000E-3 -2.7220E-3
-3.0000E-3 -3.0060E-3
-2.9000E-3 -2.5220E-3
-2.8000E-3 -2.8010E-3
-2.7000E-3 -2.2980E-3
-2.6000E-3 -2.5710E-3
-2.5000E-3 -2.0810E-3
-2.4000E-3 -2.3500E-3
-2.3000E-3 -1.8500E-3
-2.2000E-3 -2.1150E-3
-2.1000E-3 -1.6420E-3
-2.0000E-3 -1.9020E-3
-1.9000E-3 -1.4090E-3
-1.8000E-3 -1.6650E-3
-1.7000E-3 -1.1850E-3
-1.6000E-3 -1.4350E-3
-1.5000E-3 -9.6000E-4
-1.4000E-3 -1.2050E-3
-1.3000E-3 -7.5500E-4
-1.2000E-3 -9.9600E-4
-1.1000E-3 -5.2700E-4
-1.0000E-3 -7.6200E-4
-9.0000E-4 -3.0400E-4
-8.0000E-4 -5.3600E-4
-7.0000E-4 -6.9000E-5
-6.0000E-4 -2.9500E-4
-5.0000E-4 1.4400E-4
-4.0000E-4 -7.8000E-5
-3.0000E-4 3.8200E-4
-2.0000E-4 1.6600E-4
-1.0000E-4 6.2000E-4
0.0000E+0 3.8000E-5
