-7.8470E-1 -7.9940E-1
-7.8460E-1 -8.1660E-1
-7.8450E-1 -7.9950E-1
-7.8440E-1 -8.1660E-1
-7.8430E-1 -7.9920E-1
-7.8420E-1 -8.1640E-1
-7.8410E-1 -7.9950E-1
-7.8400E-1 -8.1680E-1
-7.8390E-1 -7.9870E-1
-7.8380E-1 -8.1600E-1
-7.8370E-1 -7.9860E-1
-7.8360E-1 -8.1580E-1
-7.8350E-1 -7.9810E-1
-7.8340E-1 -8.1530E-1
-7.8330E-1 -7.9830E-1
-7.8320E-1 -8.1550E-1
-7.8310E-1 -7.9760E-1
-7.8300E-1 -8.1490E-1
-7.8290E-1 -7.9770E-1
-7.8280E-1 -8.1490E-1
-7.8270E-1 -7.9740E-1
-7.8260E-1 -8.1450E-1
-7.8250E-1 -7.9770E-1
-7.8240E-1 -8.1490E-1
-7.8230E-1 -7.9690E-1
-7.8220E-1 -8.1410E-1
-7.8210E-1 -7.9690E-1
-7.8200E-1 -8.1410E-1
-7.8190E-1 -7.9650E-1
-7.8180E-1 -8.1370E-1
-7.8170E-1 -7.9680E-1
-7.8160E-1 -8.1400E-1
-7.8150E-1 -7.9620E-1
-7.8140E-1 -8.1340E-1
-7.8130E-1 -7.9630E-1
-7.8120E-1 -8.1350E-1
-7.8110E-1 -7.9610E-1
-7.8100E-1 -8.1320E-1
-7.8090E-1 -7.9640E-1
-7.8080E-1 -8.1370E-1
-7.8070E-1 -7.9580E-1
-7.8060E-1 -8.1290E-1
-7.8050E-1 -7.9560E-1
-7.8040E-1 -8.1280E-1
-7.8030E-1 -7.9510E-1
-7.8020E-1 -8.1220E-1
-7.8010E-1 -7.9520E-1
-7.8000E-1 -8.1230E-1
-7.7990E-1 -7.9450E-1
-7.7980E-1 -8.1160E-1
-7.7970E-1 -7.9450E-1
-7.7960E-1 -8.1160E-1
-7.7950E-1 -7.9410E-1
-7.7940E-1 -8.1120E-1
-7.7930E-1 -7.9430E-1
-7.7920E-1 -8.1160E-1
-7.7910E-1 -7.9360E-1
-7.7900E-1 -8.1070E-1
-7.7890E-1 -7.9350E-1
-7.7880E-1 -8.1060E-1
-7.7870E-1 -7.9300E-1
-7.7860E-1 -8.1010E-1
-7.7850E-1 -7.9320E-1
-7.7840E-1 -8.1040E-1
-7.7830E-1 -7.9260E-1
-7.7820E-1 -8.0970E-1
-7.7810E-1 -7.9270E-1
-7.7800E-1 -8.0980E-1
-7.7790E-1 -7.9240E-1
-7.7780E-1 -8.0950E-1
-7.7770E-1 -7.9270E-1
-7.7760E-1 -8.0980E-1
-7.7750E-1 -7.9190E-1
-7.7740E-1 -8.0900E-1
-7.7730E-1 -7.9170E-1
-7.7720E-1 -8.0890E-1
-7.7710E-1 -7.9130E-1
-7.7700E-1 -8.0840E-1
-7.7690E-1 -7.9150E-1
-7.7680E-1 -8.0860E-1
-7.7670E-1 -7.9080E-1
-7.7660E-1 -8.0790E-1
-7.7650E-1 -7.9090E-1
-7.7640E-1 -8.0790E-1
-7.7630E-1 -7.9050E-1
-7.7620E-1 -8.0750E-1
-7.7610E-1 -7.9080E-1
-7.7600E-1 -8.0790E-1
-7.7590E-1 -7.9010E-1
-7.7580E-1 -8.0710E-1
-7.7570E-1 -7.9000E-1
-7.7560E-1 -8.0710E-1
-7.7550E-1 -7.8960E-1
-7.7540E-1 -8.0660E-1
-7.7530E-1 -7.8980E-1
-7.7520E-1 -8.0690E-1
-7.7510E-1 -7.8920E-1
-7.7500E-1 -8.0620E-1
-7.7490E-1 -7.8930E-1
-7.7480E-1 -8.0640E-1
-7.7470E-1 -7.8910E-1
-7.7460E-1 -8.0610E-1
-7.7450E-1 -7.8950E-1
-7.7440E-1 -8.0660E-1
-7.7430E-1 -7.8880E-1
-7.7420E-1 -8.0570E-1
-7.7410E-1 -7.8860E-1
-7.7400E-1 -8.0560E-1
-7.7390E-1 -7.8810E-1
-7.7380E-1 -8.0500E-1
-7.7370E-1 -7.8820E-1
-7.7360E-1 -8.0520E-1
-7.7350E-1 -7.8750E-1
-7.7340E-1 -8.0450E-1
-7.7330E-1 -7.8750E-1
-7.7320E-1 -8.0450E-1
-7.7310E-1 -7.8720E-1
-7.7300E-1 -8.0410E-1
-7.7290E-1 -6.9820E-1
-7.7280E-1 -8.0450E-1
-7.7270E-1 -7.8670E-1
-7.7260E-1 -8.0370E-1
-7.7250E-1 -7.8660E-1
-7.7240E-1 -8.0360E-1
-7.7230E-1 -7.8620E-1
-7.7220E-1 -8.0320E-1
-7.7210E-1 -7.8640E-1
-7.7200E-1 -8.0340E-1
-7.7190E-1 -7.8580E-1
-7.7180E-1 -8.0280E-1
-7.7170E-1 -7.8590E-1
-7.7160E-1 -8.0290E-1
-7.7150E-1 -7.8560E-1
-7.7140E-1 -8.0260E-1
-7.7130E-1 -7.8600E-1
-7.7120E-1 -8.0300E-1
-7.7110E-1 -7.8520E-1
-7.7100E-1 -8.0220E-1
-7.7090E-1 -7.8510E-1
-7.7080E-1 -8.0210E-1
-7.7070E-1 -7.8460E-1
-7.7060E-1 -8.0160E-1
-7.7050E-1 -7.8480E-1
-7.7040E-1 -8.0170E-1
-7.7030E-1 -7.8410E-1
-7.7020E-1 -8.0110E-1
-7.7010E-1 -7.8420E-1
-7.7000E-1 -8.0110E-1
-7.6990E-1 -7.8390E-1
-7.6980E-1 -8.0080E-1
-7.6970E-1 -7.8420E-1
-7.6960E-1 -8.0120E-1
-7.6950E-1 -7.8350E-1
-7.6940E-1 -8.0040E-1
-7.6930E-1 -7.8350E-1
-7.6920E-1 -8.0040E-1
-7.6910E-1 -7.8300E-1
-7.6900E-1 -8.0000E-1
-7.6890E-1 -7.8330E-1
-7.6880E-1 -8.0030E-1
-7.6870E-1 -7.8270E-1
-7.6860E-1 -7.9960E-1
-7.6850E-1 -7.8280E-1
-7.6840E-1 -7.9980E-1
-7.6830E-1 -7.8260E-1
-7.6820E-1 -7.9950E-1
-7.6810E-1 -7.8300E-1
-7.6800E-1 -8.0000E-1
-7.6790E-1 -7.8310E-1
-7.6780E-1 -8.0020E-1
-7.6770E-1 -7.8290E-1
-7.6760E-1 -8.0000E-1
-7.6750E-1 -7.8240E-1
-7.6740E-1 -7.9940E-1
-7.6730E-1 -7.8250E-1
-7.6720E-1 -7.9950E-1
-7.6710E-1 -7.8180E-1
-7.6700E-1 -7.9880E-1
-7.6690E-1 -7.8180E-1
-7.6680E-1 -7.9880E-1
-7.6670E-1 -7.8140E-1
-7.6660E-1 -7.9840E-1
-7.6650E-1 -7.8170E-1
-7.6640E-1 -7.9870E-1
-7.6630E-1 -7.8090E-1
-7.6620E-1 -7.9780E-1
-7.6610E-1 -7.8080E-1
-7.6600E-1 -7.9780E-1
-7.6590E-1 -7.8030E-1
-7.6580E-1 -7.9730E-1
-7.6570E-1 -7.8050E-1
-7.6560E-1 -7.9750E-1
-7.6550E-1 -7.7990E-1
-7.6540E-1 -7.9680E-1
-7.6530E-1 -7.7990E-1
-7.6520E-1 -7.9690E-1
-7.6510E-1 -7.7960E-1
-7.6500E-1 -7.9650E-1
-7.6490E-1 -7.7990E-1
-7.6480E-1 -7.9690E-1
-7.6470E-1 -7.7920E-1
-7.6460E-1 -7.9610E-1
-7.6450E-1 -7.7890E-1
-7.6440E-1 -7.9620E-1
-7.6430E-1 -7.7890E-1
-7.6420E-1 -7.9560E-1
-7.6410E-1 -7.7910E-1
-7.6400E-1 -7.9580E-1
-7.6390E-1 -7.7840E-1
-7.6380E-1 -7.9510E-1
-7.6370E-1 -7.7840E-1
-7.6360E-1 -7.9500E-1
-7.6350E-1 -7.7810E-1
-7.6340E-1 -7.9470E-1
-7.6330E-1 -7.7840E-1
-7.6320E-1 -7.9510E-1
-7.6310E-1 -7.7760E-1
-7.6300E-1 -7.9430E-1
-7.6290E-1 -7.7750E-1
-7.6280E-1 -7.9420E-1
-7.6270E-1 -7.7710E-1
-7.6260E-1 -7.9370E-1
-7.6250E-1 -7.7740E-1
-7.6240E-1 -7.9400E-1
-7.6230E-1 -7.7680E-1
-7.6220E-1 -7.9340E-1
-7.6210E-1 -7.7680E-1
-7.6200E-1 -7.9350E-1
-7.6190E-1 -7.7660E-1
-7.6180E-1 -7.9320E-1
-7.6170E-1 -7.7690E-1
-7.6160E-1 -7.9360E-1
-7.6150E-1 -7.7620E-1
-7.6140E-1 -7.9280E-1
-7.6130E-1 -7.7600E-1
-7.6120E-1 -7.9260E-1
-7.6110E-1 -7.7550E-1
-7.6100E-1 -7.9210E-1
-7.6090E-1 -7.7560E-1
-7.6080E-1 -7.9220E-1
-7.6070E-1 -7.7490E-1
-7.6060E-1 -7.9150E-1
-7.6050E-1 -7.7490E-1
-7.6040E-1 -7.9150E-1
-7.6030E-1 -7.7460E-1
-7.6020E-1 -7.9110E-1
-7.6010E-1 -7.7480E-1
-7.6000E-1 -7.9140E-1
-7.5990E-1 -7.7410E-1
-7.5980E-1 -7.9060E-1
-7.5970E-1 -7.7400E-1
-7.5960E-1 -7.9060E-1
-7.5950E-1 -7.7360E-1
-7.5940E-1 -7.9010E-1
-7.5930E-1 -7.7380E-1
-7.5920E-1 -7.9040E-1
-7.5910E-1 -7.7320E-1
-7.5900E-1 -7.8970E-1
-7.5890E-1 -7.7320E-1
-7.5880E-1 -7.8980E-1
-7.5870E-1 -7.7290E-1
-7.5860E-1 -7.8950E-1
-7.5850E-1 -7.7330E-1
-7.5840E-1 -7.8980E-1
-7.5830E-1 -7.7250E-1
-7.5820E-1 -7.8900E-1
-7.5810E-1 -7.7240E-1
-7.5800E-1 -7.8890E-1
-7.5790E-1 -7.7190E-1
-7.5780E-1 -7.8840E-1
-7.5770E-1 -7.7210E-1
-7.5760E-1 -7.8860E-1
-7.5750E-1 -7.7140E-1
-7.5740E-1 -7.8790E-1
-7.5730E-1 -7.7140E-1
-7.5720E-1 -7.8790E-1
-7.5710E-1 -7.7110E-1
-7.5700E-1 -7.8760E-1
-7.5690E-1 -7.7140E-1
-7.5680E-1 -7.8790E-1
-7.5670E-1 -7.7070E-1
-7.5660E-1 -7.8720E-1
-7.5650E-1 -7.7060E-1
-7.5640E-1 -7.8710E-1
-7.5630E-1 -7.7020E-1
-7.5620E-1 -7.8670E-1
-7.5610E-1 -7.7040E-1
-7.5600E-1 -7.8700E-1
-7.5590E-1 -7.6990E-1
-7.5580E-1 -7.8640E-1
-7.5570E-1 -7.7000E-1
-7.5560E-1 -7.8650E-1
-7.5550E-1 -7.6980E-1
-7.5540E-1 -7.8630E-1
-7.5530E-1 -7.7010E-1
-7.5520E-1 -7.8660E-1
-7.5510E-1 -7.6940E-1
-7.5500E-1 -7.8600E-1
-7.5490E-1 -7.6930E-1
-7.5480E-1 -7.8580E-1
-7.5470E-1 -7.6880E-1
-7.5460E-1 -7.8520E-1
-7.5450E-1 -7.6890E-1
-7.5440E-1 -7.8540E-1
-7.5430E-1 -7.6820E-1
-7.5420E-1 -7.8470E-1
-7.5410E-1 -7.6810E-1
-7.5400E-1 -7.8470E-1
-7.5390E-1 -7.6780E-1
-7.5380E-1 -7.8430E-1
-7.5370E-1 -7.6810E-1
-7.5360E-1 -7.8460E-1
-7.5350E-1 -7.6730E-1
-7.5340E-1 -7.8370E-1
-7.5330E-1 -7.6720E-1
-7.5320E-1 -7.8360E-1
-7.5310E-1 -7.6680E-1
-7.5300E-1 -7.8320E-1
-7.5290E-1 -7.6690E-1
-7.5280E-1 -7.8340E-1
-7.5270E-1 -7.6640E-1
-7.5260E-1 -7.8270E-1
-7.5250E-1 -7.6640E-1
-7.5240E-1 -7.8280E-1
-7.5230E-1 -7.6610E-1
-7.5220E-1 -7.8250E-1
-7.5210E-1 -7.6640E-1
-7.5200E-1 -7.8290E-1
-7.5190E-1 -7.6560E-1
-7.5180E-1 -7.8210E-1
-7.5170E-1 -7.6550E-1
-7.5160E-1 -7.8190E-1
-7.5150E-1 -7.6510E-1
-7.5140E-1 -7.8140E-1
-7.5130E-1 -7.6510E-1
-7.5120E-1 -7.8160E-1
-7.5110E-1 -7.6450E-1
-7.5100E-1 -7.8090E-1
-7.5090E-1 -7.6460E-1
-7.5080E-1 -7.8090E-1
-7.5070E-1 -7.6420E-1
-7.5060E-1 -7.8060E-1
-7.5050E-1 -7.6450E-1
-7.5040E-1 -7.8090E-1
-7.5030E-1 -7.6380E-1
-7.5020E-1 -7.8010E-1
-7.5010E-1 -7.6380E-1
-7.5000E-1 -7.8010E-1
-7.4990E-1 -7.6330E-1
-7.4980E-1 -7.7960E-1
-7.4970E-1 -7.6360E-1
-7.4960E-1 -7.7990E-1
-7.4950E-1 -7.6300E-1
-7.4940E-1 -7.7930E-1
-7.4930E-1 -7.6310E-1
-7.4920E-1 -7.7940E-1
-7.4910E-1 -7.6280E-1
-7.4900E-1 -7.7910E-1
-7.4890E-1 -7.6320E-1
-7.4880E-1 -7.7950E-1
-7.4870E-1 -7.6240E-1
-7.4860E-1 -7.7880E-1
-7.4850E-1 -7.6220E-1
-7.4840E-1 -7.7860E-1
-7.4830E-1 -7.6180E-1
-7.4820E-1 -7.7810E-1
-7.4810E-1 -7.6190E-1
-7.4800E-1 -7.7820E-1
-7.4790E-1 -7.6120E-1
-7.4780E-1 -7.7750E-1
-7.4770E-1 -7.6120E-1
-7.4760E-1 -7.7750E-1
-7.4750E-1 -7.6090E-1
-7.4740E-1 -7.7710E-1
-7.4730E-1 -7.6110E-1
-7.4720E-1 -7.7740E-1
-7.4710E-1 -7.6040E-1
-7.4700E-1 -7.7670E-1
-7.4690E-1 -7.6030E-1
-7.4680E-1 -7.7660E-1
-7.4670E-1 -7.5990E-1
-7.4660E-1 -7.7610E-1
-7.4650E-1 -7.6010E-1
-7.4640E-1 -7.7640E-1
-7.4630E-1 -7.5950E-1
-7.4620E-1 -7.7570E-1
-7.4610E-1 -7.5950E-1
-7.4600E-1 -7.7580E-1
-7.4590E-1 -7.5930E-1
-7.4580E-1 -7.7550E-1
-7.4570E-1 -7.5970E-1
-7.4560E-1 -7.7590E-1
-7.4550E-1 -7.5890E-1
-7.4540E-1 -7.7520E-1
-7.4530E-1 -7.5880E-1
-7.4520E-1 -7.7500E-1
-7.4510E-1 -7.5830E-1
-7.4500E-1 -7.7450E-1
-7.4490E-1 -7.5850E-1
-7.4480E-1 -7.7470E-1
-7.4470E-1 -7.5790E-1
-7.4460E-1 -7.7410E-1
-7.4450E-1 -7.5790E-1
-7.4440E-1 -7.7410E-1
-7.4430E-1 -7.5760E-1
-7.4420E-1 -7.7380E-1
-7.4410E-1 -7.5790E-1
-7.4400E-1 -7.7420E-1
-7.4390E-1 -7.5720E-1
-7.4380E-1 -7.7340E-1
-7.4370E-1 -7.5710E-1
-7.4360E-1 -7.7340E-1
-7.4350E-1 -7.5680E-1
-7.4340E-1 -7.7300E-1
-7.4330E-1 -7.5700E-1
-7.4320E-1 -7.7320E-1
-7.4310E-1 -7.5650E-1
-7.4300E-1 -7.7260E-1
-7.4290E-1 -7.5650E-1
-7.4280E-1 -7.7280E-1
-7.4270E-1 -7.5630E-1
-7.4260E-1 -7.7250E-1
-7.4250E-1 -7.5660E-1
-7.4240E-1 -7.7290E-1
-7.4230E-1 -7.5670E-1
-7.4220E-1 -7.7300E-1
-7.4210E-1 -7.5650E-1
-7.4200E-1 -7.7280E-1
-7.4190E-1 -7.5600E-1
-7.4180E-1 -7.7220E-1
-7.4170E-1 -7.5610E-1
-7.4160E-1 -7.7230E-1
-7.4150E-1 -7.5540E-1
-7.4140E-1 -7.7160E-1
-7.4130E-1 -7.5530E-1
-7.4120E-1 -7.7160E-1
-7.4110E-1 -7.5500E-1
-7.4100E-1 -7.7120E-1
-7.4090E-1 -7.5520E-1
-7.4080E-1 -7.7150E-1
-7.4070E-1 -7.5450E-1
-7.4060E-1 -7.7070E-1
-7.4050E-1 -7.5440E-1
-7.4040E-1 -7.7050E-1
-7.4030E-1 -7.5390E-1
-7.4020E-1 -7.7010E-1
-7.4010E-1 -7.5410E-1
-7.4000E-1 -7.7030E-1
-7.3990E-1 -7.5350E-1
-7.3980E-1 -7.6970E-1
-7.3970E-1 -7.5350E-1
-7.3960E-1 -7.6970E-1
-7.3950E-1 -7.5320E-1
-7.3940E-1 -7.6940E-1
-7.3930E-1 -7.5350E-1
-7.3920E-1 -7.6980E-1
-7.3910E-1 -7.5280E-1
-7.3900E-1 -7.6890E-1
-7.3890E-1 -7.5260E-1
-7.3880E-1 -7.6880E-1
-7.3870E-1 -7.5210E-1
-7.3860E-1 -7.6830E-1
-7.3850E-1 -7.5220E-1
-7.3840E-1 -7.6840E-1
-7.3830E-1 -7.5160E-1
-7.3820E-1 -7.6780E-1
-7.3810E-1 -7.5160E-1
-7.3800E-1 -7.6780E-1
-7.3790E-1 -7.5130E-1
-7.3780E-1 -7.6740E-1
-7.3770E-1 -7.5160E-1
-7.3760E-1 -7.6770E-1
-7.3750E-1 -7.5080E-1
-7.3740E-1 -7.6690E-1
-7.3730E-1 -7.5080E-1
-7.3720E-1 -7.6680E-1
-7.3710E-1 -7.5040E-1
-7.3700E-1 -7.6640E-1
-7.3690E-1 -7.5060E-1
-7.3680E-1 -7.6670E-1
-7.3670E-1 -7.5000E-1
-7.3660E-1 -7.6610E-1
-7.3650E-1 -7.5010E-1
-7.3640E-1 -7.6610E-1
-7.3630E-1 -7.4980E-1
-7.3620E-1 -7.6590E-1
-7.3610E-1 -7.5010E-1
-7.3600E-1 -7.6620E-1
-7.3590E-1 -7.4940E-1
-7.3580E-1 -7.6550E-1
-7.3570E-1 -7.4920E-1
-7.3560E-1 -7.6530E-1
-7.3550E-1 -7.4870E-1
-7.3540E-1 -7.6480E-1
-7.3530E-1 -7.4880E-1
-7.3520E-1 -7.6490E-1
-7.3510E-1 -7.4820E-1
-7.3500E-1 -7.6420E-1
-7.3490E-1 -7.4810E-1
-7.3480E-1 -7.6420E-1
-7.3470E-1 -7.4780E-1
-7.3460E-1 -7.6390E-1
-7.3450E-1 -7.4810E-1
-7.3440E-1 -7.6410E-1
-7.3430E-1 -7.4730E-1
-7.3420E-1 -7.6340E-1
-7.3410E-1 -7.4720E-1
-7.3400E-1 -7.6330E-1
-7.3390E-1 -7.4680E-1
-7.3380E-1 -7.6280E-1
-7.3370E-1 -7.4700E-1
-7.3360E-1 -7.6310E-1
-7.3350E-1 -7.4650E-1
-7.3340E-1 -7.6240E-1
-7.3330E-1 -7.4650E-1
-7.3320E-1 -7.6250E-1
-7.3310E-1 -7.4620E-1
-7.3300E-1 -7.6220E-1
-7.3290E-1 -7.4650E-1
-7.3280E-1 -7.6260E-1
-7.3270E-1 -7.4580E-1
-7.3260E-1 -7.6180E-1
-7.3250E-1 -7.4560E-1
-7.3240E-1 -7.6170E-1
-7.3230E-1 -7.4520E-1
-7.3220E-1 -7.6120E-1
-7.3210E-1 -7.4530E-1
-7.3200E-1 -7.6140E-1
-7.3190E-1 -7.4470E-1
-7.3180E-1 -7.6070E-1
-7.3170E-1 -7.4480E-1
-7.3160E-1 -7.6070E-1
-7.3150E-1 -7.4440E-1
-7.3140E-1 -7.6040E-1
-7.3130E-1 -7.4470E-1
-7.3120E-1 -7.6070E-1
-7.3110E-1 -7.4400E-1
-7.3100E-1 -7.6000E-1
-7.3090E-1 -7.4390E-1
-7.3080E-1 -7.5990E-1
-7.3070E-1 -7.4360E-1
-7.3060E-1 -7.5950E-1
-7.3050E-1 -7.4380E-1
-7.3040E-1 -7.5970E-1
-7.3030E-1 -7.4330E-1
-7.3020E-1 -7.5920E-1
-7.3010E-1 -7.4330E-1
-7.3000E-1 -7.5930E-1
-7.2990E-1 -7.4310E-1
-7.2980E-1 -7.5900E-1
-7.2970E-1 -7.4350E-1
-7.2960E-1 -7.5940E-1
-7.2950E-1 -7.4280E-1
-7.2940E-1 -7.5880E-1
-7.2930E-1 -7.4260E-1
-7.2920E-1 -7.5850E-1
-7.2910E-1 -7.4210E-1
-7.2900E-1 -7.5800E-1
-7.2890E-1 -7.4220E-1
-7.2880E-1 -7.5820E-1
-7.2870E-1 -7.4150E-1
-7.2860E-1 -7.5750E-1
-7.2850E-1 -7.4150E-1
-7.2840E-1 -7.5750E-1
-7.2830E-1 -7.4120E-1
-7.2820E-1 -7.5710E-1
-7.2810E-1 -7.4150E-1
-7.2800E-1 -7.5730E-1
-7.2790E-1 -7.4070E-1
-7.2780E-1 -7.5650E-1
-7.2770E-1 -7.4060E-1
-7.2760E-1 -7.5650E-1
-7.2750E-1 -7.4010E-1
-7.2740E-1 -7.5600E-1
-7.2730E-1 -7.4030E-1
-7.2720E-1 -7.5620E-1
-7.2710E-1 -7.3970E-1
-7.2700E-1 -7.5560E-1
-7.2690E-1 -7.3980E-1
-7.2680E-1 -7.5560E-1
-7.2670E-1 -7.3950E-1
-7.2660E-1 -7.5530E-1
-7.2650E-1 -7.3980E-1
-7.2640E-1 -7.5570E-1
-7.2630E-1 -7.3900E-1
-7.2620E-1 -7.5490E-1
-7.2610E-1 -7.3890E-1
-7.2600E-1 -7.5480E-1
-7.2590E-1 -7.3840E-1
-7.2580E-1 -7.5430E-1
-7.2570E-1 -7.3860E-1
-7.2560E-1 -7.5450E-1
-7.2550E-1 -7.3790E-1
-7.2540E-1 -7.5380E-1
-7.2530E-1 -7.3800E-1
-7.2520E-1 -7.5380E-1
-7.2510E-1 -7.3760E-1
-7.2500E-1 -7.5340E-1
-7.2490E-1 -7.3790E-1
-7.2480E-1 -7.5380E-1
-7.2470E-1 -7.3720E-1
-7.2460E-1 -7.5300E-1
-7.2450E-1 -7.3720E-1
-7.2440E-1 -7.5300E-1
-7.2430E-1 -7.3680E-1
-7.2420E-1 -7.5250E-1
-7.2410E-1 -7.3690E-1
-7.2400E-1 -7.5280E-1
-7.2390E-1 -7.3640E-1
-7.2380E-1 -7.5220E-1
-7.2370E-1 -7.3640E-1
-7.2360E-1 -7.5230E-1
-7.2350E-1 -7.3620E-1
-7.2340E-1 -7.5200E-1
-7.2330E-1 -7.3650E-1
-7.2320E-1 -7.5240E-1
-7.2310E-1 -7.3580E-1
-7.2300E-1 -7.5160E-1
-7.2290E-1 -7.3570E-1
-7.2280E-1 -7.5150E-1
-7.2270E-1 -7.3520E-1
-7.2260E-1 -7.5090E-1
-7.2250E-1 -7.3530E-1
-7.2240E-1 -7.5110E-1
-7.2230E-1 -7.3470E-1
-7.2220E-1 -7.5040E-1
-7.2210E-1 -7.3470E-1
-7.2200E-1 -7.5040E-1
-7.2190E-1 -7.3430E-1
-7.2180E-1 -7.5010E-1
-7.2170E-1 -7.3460E-1
-7.2160E-1 -7.5040E-1
-7.2150E-1 -7.3380E-1
-7.2140E-1 -7.4960E-1
-7.2130E-1 -7.3380E-1
-7.2120E-1 -7.4950E-1
-7.2110E-1 -7.3340E-1
-7.2100E-1 -7.4910E-1
-7.2090E-1 -7.3360E-1
-7.2080E-1 -7.4930E-1
-7.2070E-1 -7.3300E-1
-7.2060E-1 -7.4880E-1
-7.2050E-1 -7.3310E-1
-7.2040E-1 -7.4880E-1
-7.2030E-1 -7.3280E-1
-7.2020E-1 -7.4850E-1
-7.2010E-1 -7.3310E-1
-7.2000E-1 -7.4880E-1
-7.1990E-1 -7.3230E-1
-7.1980E-1 -7.4810E-1
-7.1970E-1 -7.3220E-1
-7.1960E-1 -7.4790E-1
-7.1950E-1 -7.3180E-1
-7.1940E-1 -7.4750E-1
-7.1930E-1 -7.3200E-1
-7.1920E-1 -7.4770E-1
-7.1910E-1 -7.3130E-1
-7.1900E-1 -7.4710E-1
-7.1890E-1 -7.3140E-1
-7.1880E-1 -7.4710E-1
-7.1870E-1 -7.3110E-1
-7.1860E-1 -7.4680E-1
-7.1850E-1 -7.3140E-1
-7.1840E-1 -7.4700E-1
-7.1830E-1 -7.3070E-1
-7.1820E-1 -7.4640E-1
-7.1810E-1 -7.3060E-1
-7.1800E-1 -7.4630E-1
-7.1790E-1 -7.3020E-1
-7.1780E-1 -7.4590E-1
-7.1770E-1 -7.3050E-1
-7.1760E-1 -7.4620E-1
-7.1750E-1 -7.2990E-1
-7.1740E-1 -7.4560E-1
-7.1730E-1 -7.3000E-1
-7.1720E-1 -7.4570E-1
-7.1710E-1 -7.2980E-1
-7.1700E-1 -7.4550E-1
-7.1690E-1 -7.3010E-1
-7.1680E-1 -7.4590E-1
-7.1670E-1 -7.3100E-1
-7.1660E-1 -7.4670E-1
-7.1650E-1 -7.3080E-1
-7.1640E-1 -7.4660E-1
-7.1630E-1 -7.3030E-1
-7.1620E-1 -7.4600E-1
-7.1610E-1 -7.3040E-1
-7.1600E-1 -7.4610E-1
-7.1590E-1 -7.2970E-1
-7.1580E-1 -7.4550E-1
-7.1570E-1 -7.2970E-1
-7.1560E-1 -7.4540E-1
-7.1550E-1 -7.2930E-1
-7.1540E-1 -7.4500E-1
-7.1530E-1 -7.2950E-1
-7.1520E-1 -7.4520E-1
-7.1510E-1 -7.2880E-1
-7.1500E-1 -7.4450E-1
-7.1490E-1 -7.2870E-1
-7.1480E-1 -7.4430E-1
-7.1470E-1 -7.2820E-1
-7.1460E-1 -7.4390E-1
-7.1450E-1 -7.2840E-1
-7.1440E-1 -7.4410E-1
-7.1430E-1 -7.2780E-1
-7.1420E-1 -7.4340E-1
-7.1410E-1 -7.2780E-1
-7.1400E-1 -7.4350E-1
-7.1390E-1 -7.2750E-1
-7.1380E-1 -7.4310E-1
-7.1370E-1 -7.2780E-1
-7.1360E-1 -7.4350E-1
-7.1350E-1 -7.2700E-1
-7.1340E-1 -7.4260E-1
-7.1330E-1 -7.2690E-1
-7.1320E-1 -7.4250E-1
-7.1310E-1 -7.2640E-1
-7.1300E-1 -7.4200E-1
-7.1290E-1 -7.2660E-1
-7.1280E-1 -7.4220E-1
-7.1270E-1 -7.2590E-1
-7.1260E-1 -7.4150E-1
-7.1250E-1 -7.2590E-1
-7.1240E-1 -7.4150E-1
-7.1230E-1 -7.2550E-1
-7.1220E-1 -7.4120E-1
-7.1210E-1 -7.2580E-1
-7.1200E-1 -7.4140E-1
-7.1190E-1 -7.2510E-1
-7.1180E-1 -7.4070E-1
-7.1170E-1 -7.2500E-1
-7.1160E-1 -7.4060E-1
-7.1150E-1 -7.2460E-1
-7.1140E-1 -7.4020E-1
-7.1130E-1 -7.2480E-1
-7.1120E-1 -7.4040E-1
-7.1110E-1 -7.2430E-1
-7.1100E-1 -7.3980E-1
-7.1090E-1 -7.2430E-1
-7.1080E-1 -7.3990E-1
-7.1070E-1 -7.2400E-1
-7.1060E-1 -7.3960E-1
-7.1050E-1 -7.2440E-1
-7.1040E-1 -7.4000E-1
-7.1030E-1 -7.2370E-1
-7.1020E-1 -7.3920E-1
-7.1010E-1 -7.2350E-1
-7.1000E-1 -7.3900E-1
-7.0990E-1 -7.2300E-1
-7.0980E-1 -7.3850E-1
-7.0970E-1 -7.2310E-1
-7.0960E-1 -7.3860E-1
-7.0950E-1 -7.2250E-1
-7.0940E-1 -7.3800E-1
-7.0930E-1 -7.2240E-1
-7.0920E-1 -7.3790E-1
-7.0910E-1 -7.2200E-1
-7.0900E-1 -7.3760E-1
-7.0890E-1 -7.2230E-1
-7.0880E-1 -7.3780E-1
-7.0870E-1 -7.2160E-1
-7.0860E-1 -7.3710E-1
-7.0850E-1 -7.2150E-1
-7.0840E-1 -7.3700E-1
-7.0830E-1 -7.2100E-1
-7.0820E-1 -7.3650E-1
-7.0810E-1 -7.2120E-1
-7.0800E-1 -7.3680E-1
-7.0790E-1 -7.2070E-1
-7.0780E-1 -7.3610E-1
-7.0770E-1 -7.2070E-1
-7.0760E-1 -7.3620E-1
-7.0750E-1 -7.2040E-1
-7.0740E-1 -7.3590E-1
-7.0730E-1 -7.2070E-1
-7.0720E-1 -7.3620E-1
-7.0710E-1 -7.2000E-1
-7.0700E-1 -7.3550E-1
-7.0690E-1 -7.1980E-1
-7.0680E-1 -7.3530E-1
-7.0670E-1 -7.1940E-1
-7.0660E-1 -7.3480E-1
-7.0650E-1 -7.1950E-1
-7.0640E-1 -7.3500E-1
-7.0630E-1 -7.1890E-1
-7.0620E-1 -7.3430E-1
-7.0610E-1 -7.1890E-1
-7.0600E-1 -7.3440E-1
-7.0590E-1 -7.1860E-1
-7.0580E-1 -7.3400E-1
-7.0570E-1 -7.1890E-1
-7.0560E-1 -7.3440E-1
-7.0550E-1 -7.1820E-1
-7.0540E-1 -7.3360E-1
-7.0530E-1 -7.1820E-1
-7.0520E-1 -7.3350E-1
-7.0510E-1 -7.1770E-1
-7.0500E-1 -7.3320E-1
-7.0490E-1 -7.1790E-1
-7.0480E-1 -7.3340E-1
-7.0470E-1 -7.1740E-1
-7.0460E-1 -7.3280E-1
-7.0450E-1 -7.1750E-1
-7.0440E-1 -7.3290E-1
-7.0430E-1 -7.1720E-1
-7.0420E-1 -7.3260E-1
-7.0410E-1 -7.1760E-1
-7.0400E-1 -7.3300E-1
-7.0390E-1 -7.1690E-1
-7.0380E-1 -7.3230E-1
-7.0370E-1 -7.1680E-1
-7.0360E-1 -7.3210E-1
-7.0350E-1 -7.1630E-1
-7.0340E-1 -7.3160E-1
-7.0330E-1 -7.1640E-1
-7.0320E-1 -7.3170E-1
-7.0310E-1 -7.1560E-1
-7.0300E-1 -7.3110E-1
-7.0290E-1 -7.1570E-1
-7.0280E-1 -7.3100E-1
-7.0270E-1 -7.1530E-1
-7.0260E-1 -7.3060E-1
-7.0250E-1 -7.1560E-1
-7.0240E-1 -7.3090E-1
-7.0230E-1 -7.1480E-1
-7.0220E-1 -7.3010E-1
-7.0210E-1 -7.1470E-1
-7.0200E-1 -7.3000E-1
-7.0190E-1 -7.1430E-1
-7.0180E-1 -7.2960E-1
-7.0170E-1 -7.1440E-1
-7.0160E-1 -7.2970E-1
-7.0150E-1 -7.1380E-1
-7.0140E-1 -7.2910E-1
-7.0130E-1 -7.1390E-1
-7.0120E-1 -7.2920E-1
-7.0110E-1 -7.1360E-1
-7.0100E-1 -7.2890E-1
-7.0090E-1 -7.1390E-1
-7.0080E-1 -7.2920E-1
-7.0070E-1 -7.1320E-1
-7.0060E-1 -7.2840E-1
-7.0050E-1 -7.1300E-1
-7.0040E-1 -7.2830E-1
-7.0030E-1 -7.1250E-1
-7.0020E-1 -7.2780E-1
-7.0010E-1 -7.1270E-1
-7.0000E-1 -7.2790E-1
-6.9990E-1 -7.1210E-1
-6.9980E-1 -7.2740E-1
-6.9970E-1 -7.1200E-1
-6.9960E-1 -7.2730E-1
-6.9950E-1 -7.1170E-1
-6.9940E-1 -7.2690E-1
-6.9930E-1 -7.1200E-1
-6.9920E-1 -7.2720E-1
-6.9910E-1 -7.1130E-1
-6.9900E-1 -7.2650E-1
-6.9890E-1 -7.1120E-1
-6.9880E-1 -7.2650E-1
-6.9870E-1 -7.1080E-1
-6.9860E-1 -7.2600E-1
-6.9850E-1 -7.1100E-1
-6.9840E-1 -7.2630E-1
-6.9830E-1 -7.1040E-1
-6.9820E-1 -7.2570E-1
-6.9810E-1 -7.1050E-1
-6.9800E-1 -7.2570E-1
-6.9790E-1 -7.1030E-1
-6.9780E-1 -7.2550E-1
-6.9770E-1 -7.1050E-1
-6.9760E-1 -7.2590E-1
-6.9750E-1 -7.0990E-1
-6.9740E-1 -7.2520E-1
-6.9730E-1 -7.0980E-1
-6.9720E-1 -7.2500E-1
-6.9710E-1 -7.0930E-1
-6.9700E-1 -7.2450E-1
-6.9690E-1 -7.0940E-1
-6.9680E-1 -7.2450E-1
-6.9670E-1 -7.0870E-1
-6.9660E-1 -7.2400E-1
-6.9650E-1 -7.0870E-1
-6.9640E-1 -7.2390E-1
-6.9630E-1 -7.0840E-1
-6.9620E-1 -7.2350E-1
-6.9610E-1 -7.0860E-1
-6.9600E-1 -7.2380E-1
-6.9590E-1 -7.0790E-1
-6.9580E-1 -7.2310E-1
-6.9570E-1 -7.0780E-1
-6.9560E-1 -7.2300E-1
-6.9550E-1 -7.0740E-1
-6.9540E-1 -7.2260E-1
-6.9530E-1 -7.0760E-1
-6.9520E-1 -7.2280E-1
-6.9510E-1 -7.0700E-1
-6.9500E-1 -7.2210E-1
-6.9490E-1 -7.0700E-1
-6.9480E-1 -7.2220E-1
-6.9470E-1 -7.0680E-1
-6.9460E-1 -7.2200E-1
-6.9450E-1 -7.0710E-1
-6.9440E-1 -7.2230E-1
-6.9430E-1 -7.0640E-1
-6.9420E-1 -7.2160E-1
-6.9410E-1 -7.0620E-1
-6.9400E-1 -7.2140E-1
-6.9390E-1 -7.0580E-1
-6.9380E-1 -7.2090E-1
-6.9370E-1 -7.0600E-1
-6.9360E-1 -7.2110E-1
-6.9350E-1 -7.0530E-1
-6.9340E-1 -7.2040E-1
-6.9330E-1 -7.0530E-1
-6.9320E-1 -7.2050E-1
-6.9310E-1 -7.0510E-1
-6.9300E-1 -7.2020E-1
-6.9290E-1 -7.0530E-1
-6.9280E-1 -7.2050E-1
-6.9270E-1 -7.0470E-1
-6.9260E-1 -7.1970E-1
-6.9250E-1 -7.0460E-1
-6.9240E-1 -7.1970E-1
-6.9230E-1 -7.0420E-1
-6.9220E-1 -7.1930E-1
-6.9210E-1 -7.0440E-1
-6.9200E-1 -7.1950E-1
-6.9190E-1 -7.0390E-1
-6.9180E-1 -7.1900E-1
-6.9170E-1 -7.0400E-1
-6.9160E-1 -7.1910E-1
-6.9150E-1 -7.0370E-1
-6.9140E-1 -7.1890E-1
-6.9130E-1 -7.0410E-1
-6.9120E-1 -7.1920E-1
-6.9110E-1 -7.0420E-1
-6.9100E-1 -7.1940E-1
-6.9090E-1 -7.0400E-1
-6.9080E-1 -7.1920E-1
-6.9070E-1 -7.0350E-1
-6.9060E-1 -7.1870E-1
-6.9050E-1 -7.0360E-1
-6.9040E-1 -7.1870E-1
-6.9030E-1 -7.0290E-1
-6.9020E-1 -7.1810E-1
-6.9010E-1 -7.0290E-1
-6.9000E-1 -7.1800E-1
-6.8990E-1 -7.0250E-1
-6.8980E-1 -7.1770E-1
-6.8970E-1 -7.0270E-1
-6.8960E-1 -7.1790E-1
-6.8950E-1 -7.0210E-1
-6.8940E-1 -7.1720E-1
-6.8930E-1 -7.0190E-1
-6.8920E-1 -7.1700E-1
-6.8910E-1 -7.0150E-1
-6.8900E-1 -7.1660E-1
-6.8890E-1 -7.0160E-1
-6.8880E-1 -7.1670E-1
-6.8870E-1 -7.0110E-1
-6.8860E-1 -7.1610E-1
-6.8850E-1 -7.0110E-1
-6.8840E-1 -7.1610E-1
-6.8830E-1 -7.0080E-1
-6.8820E-1 -7.1580E-1
-6.8810E-1 -7.0100E-1
-6.8800E-1 -7.1610E-1
-6.8790E-1 -7.0030E-1
-6.8780E-1 -7.1540E-1
-6.8770E-1 -7.0020E-1
-6.8760E-1 -7.1520E-1
-6.8750E-1 -6.9960E-1
-6.8740E-1 -7.1470E-1
-6.8730E-1 -6.9980E-1
-6.8720E-1 -7.1490E-1
-6.8710E-1 -6.9920E-1
-6.8700E-1 -7.1420E-1
-6.8690E-1 -6.9920E-1
-6.8680E-1 -7.1420E-1
-6.8670E-1 -6.9890E-1
-6.8660E-1 -7.1390E-1
-6.8650E-1 -6.9900E-1
-6.8640E-1 -7.1410E-1
-6.8630E-1 -6.9840E-1
-6.8620E-1 -7.1340E-1
-6.8610E-1 -6.9830E-1
-6.8600E-1 -7.1340E-1
-6.8590E-1 -6.9790E-1
-6.8580E-1 -7.1290E-1
-6.8570E-1 -6.9810E-1
-6.8560E-1 -7.1310E-1
-6.8550E-1 -6.9760E-1
-6.8540E-1 -7.1260E-1
-6.8530E-1 -6.9760E-1
-6.8520E-1 -7.1260E-1
-6.8510E-1 -6.9740E-1
-6.8500E-1 -7.1230E-1
-6.8490E-1 -6.9760E-1
-6.8480E-1 -7.1270E-1
-6.8470E-1 -6.9700E-1
-6.8460E-1 -7.1200E-1
-6.8450E-1 -6.9680E-1
-6.8440E-1 -7.1180E-1
-6.8430E-1 -6.9630E-1
-6.8420E-1 -7.1130E-1
-6.8410E-1 -6.9640E-1
-6.8400E-1 -7.1140E-1
-6.8390E-1 -6.9570E-1
-6.8380E-1 -7.1080E-1
-6.8370E-1 -6.9570E-1
-6.8360E-1 -7.1070E-1
-6.8350E-1 -6.9540E-1
-6.8340E-1 -7.1030E-1
-6.8330E-1 -6.9560E-1
-6.8320E-1 -7.1060E-1
-6.8310E-1 -6.9490E-1
-6.8300E-1 -7.0990E-1
-6.8290E-1 -6.9480E-1
-6.8280E-1 -7.0970E-1
-6.8270E-1 -6.9440E-1
-6.8260E-1 -7.0930E-1
-6.8250E-1 -6.9460E-1
-6.8240E-1 -7.0950E-1
-6.8230E-1 -6.9400E-1
-6.8220E-1 -7.0890E-1
-6.8210E-1 -6.9400E-1
-6.8200E-1 -7.0900E-1
-6.8190E-1 -6.9370E-1
-6.8180E-1 -7.0870E-1
-6.8170E-1 -6.9400E-1
-6.8160E-1 -7.0900E-1
-6.8150E-1 -6.9330E-1
-6.8140E-1 -7.0830E-1
-6.8130E-1 -6.9320E-1
-6.8120E-1 -7.0810E-1
-6.8110E-1 -6.9280E-1
-6.8100E-1 -7.0770E-1
-6.8090E-1 -6.9290E-1
-6.8080E-1 -7.0780E-1
-6.8070E-1 -6.9230E-1
-6.8060E-1 -7.0720E-1
-6.8050E-1 -6.9230E-1
-6.8040E-1 -7.0710E-1
-6.8030E-1 -6.9200E-1
-6.8020E-1 -7.0680E-1
-6.8010E-1 -6.9220E-1
-6.8000E-1 -7.0720E-1
-6.7990E-1 -6.9160E-1
-6.7980E-1 -7.0640E-1
-6.7970E-1 -3.6500E-2
-6.7960E-1 -7.0640E-1
-6.7950E-1 -6.9110E-1
-6.7940E-1 -7.0600E-1
-6.7930E-1 -6.9130E-1
-6.7920E-1 -7.0620E-1
-6.7910E-1 -6.9080E-1
-6.7900E-1 -7.0560E-1
-6.7890E-1 -6.9080E-1
-6.7880E-1 -7.0570E-1
-6.7870E-1 -6.9060E-1
-6.7860E-1 -7.0550E-1
-6.7850E-1 -6.9090E-1
-6.7840E-1 -7.0580E-1
-6.7830E-1 -6.9020E-1
-6.7820E-1 -7.0520E-1
-6.7810E-1 -6.9010E-1
-6.7800E-1 -7.0500E-1
-6.7790E-1 -6.8970E-1
-6.7780E-1 -7.0450E-1
-6.7770E-1 -6.8980E-1
-6.7760E-1 -7.0460E-1
-6.7750E-1 -6.8910E-1
-6.7740E-1 -7.0390E-1
-6.7730E-1 -6.8910E-1
-6.7720E-1 -7.0390E-1
-6.7710E-1 -6.8870E-1
-6.7700E-1 -7.0350E-1
-6.7690E-1 -6.8890E-1
-6.7680E-1 -7.0380E-1
-6.7670E-1 -6.8820E-1
-6.7660E-1 -7.0300E-1
-6.7650E-1 -6.8810E-1
-6.7640E-1 -7.0290E-1
-6.7630E-1 -6.8770E-1
-6.7620E-1 -7.0250E-1
-6.7610E-1 -6.8780E-1
-6.7600E-1 -7.0260E-1
-6.7590E-1 -6.8730E-1
-6.7580E-1 -7.0210E-1
-6.7570E-1 -6.8730E-1
-6.7560E-1 -7.0200E-1
-6.7550E-1 -6.8690E-1
-6.7540E-1 -7.0180E-1
-6.7530E-1 -6.8720E-1
-6.7520E-1 -7.0210E-1
-6.7510E-1 -6.8660E-1
-6.7500E-1 -7.0130E-1
-6.7490E-1 -6.8640E-1
-6.7480E-1 -7.0120E-1
-6.7470E-1 -6.8590E-1
-6.7460E-1 -7.0070E-1
-6.7450E-1 -6.8610E-1
-6.7440E-1 -7.0080E-1
-6.7430E-1 -6.8540E-1
-6.7420E-1 -7.0020E-1
-6.7410E-1 -6.8540E-1
-6.7400E-1 -7.0020E-1
-6.7390E-1 -6.8510E-1
-6.7380E-1 -6.9990E-1
-6.7370E-1 -6.8540E-1
-6.7360E-1 -7.0010E-1
-6.7350E-1 -6.8470E-1
-6.7340E-1 -6.9950E-1
-6.7330E-1 -6.8460E-1
-6.7320E-1 -6.9930E-1
-6.7310E-1 -6.8430E-1
-6.7300E-1 -6.9900E-1
-6.7290E-1 -6.8440E-1
-6.7280E-1 -6.9920E-1
-6.7270E-1 -6.8390E-1
-6.7260E-1 -6.9860E-1
-6.7250E-1 -6.8390E-1
-6.7240E-1 -6.9870E-1
-6.7230E-1 -6.8370E-1
-6.7220E-1 -6.9840E-1
-6.7210E-1 -6.8400E-1
-6.7200E-1 -6.9870E-1
-6.7190E-1 -6.8330E-1
-6.7180E-1 -6.9800E-1
-6.7170E-1 -6.8320E-1
-6.7160E-1 -6.9790E-1
-6.7150E-1 -6.8270E-1
-6.7140E-1 -6.9740E-1
-6.7130E-1 -6.8280E-1
-6.7120E-1 -6.9750E-1
-6.7110E-1 -6.8220E-1
-6.7100E-1 -6.9690E-1
-6.7090E-1 -6.8220E-1
-6.7080E-1 -6.9680E-1
-6.7070E-1 -6.8180E-1
-6.7060E-1 -6.9650E-1
-6.7050E-1 -6.8200E-1
-6.7040E-1 -6.9680E-1
-6.7030E-1 -6.8130E-1
-6.7020E-1 -6.9600E-1
-6.7010E-1 -6.8130E-1
-6.7000E-1 -6.9590E-1
-6.6990E-1 -6.8090E-1
-6.6980E-1 -6.9550E-1
-6.6970E-1 -6.8100E-1
-6.6960E-1 -6.9570E-1
-6.6950E-1 -6.8050E-1
-6.6940E-1 -6.9510E-1
-6.6930E-1 -6.8050E-1
-6.6920E-1 -6.9510E-1
-6.6910E-1 -6.8030E-1
-6.6900E-1 -6.9490E-1
-6.6890E-1 -6.8060E-1
-6.6880E-1 -6.9520E-1
-6.6870E-1 -6.7990E-1
-6.6860E-1 -6.9450E-1
-6.6850E-1 -6.7970E-1
-6.6840E-1 -6.9430E-1
-6.6830E-1 -6.7930E-1
-6.6820E-1 -6.9390E-1
-6.6810E-1 -6.7940E-1
-6.6800E-1 -6.9410E-1
-6.6790E-1 -6.7890E-1
-6.6780E-1 -6.9350E-1
-6.6770E-1 -6.7880E-1
-6.6760E-1 -6.9350E-1
-6.6750E-1 -6.7850E-1
-6.6740E-1 -6.9320E-1
-6.6730E-1 -6.7880E-1
-6.6720E-1 -6.9340E-1
-6.6710E-1 -6.7810E-1
-6.6700E-1 -6.9280E-1
-6.6690E-1 -6.7810E-1
-6.6680E-1 -6.9270E-1
-6.6670E-1 -6.7780E-1
-6.6660E-1 -6.9230E-1
-6.6650E-1 -6.7790E-1
-6.6640E-1 -6.9250E-1
-6.6630E-1 -6.7740E-1
-6.6620E-1 -6.9200E-1
-6.6610E-1 -6.7750E-1
-6.6600E-1 -6.9210E-1
-6.6590E-1 -6.7720E-1
-6.6580E-1 -6.9180E-1
-6.6570E-1 -6.7760E-1
-6.6560E-1 -6.9220E-1
-6.6550E-1 -6.7780E-1
-6.6540E-1 -6.9240E-1
-6.6530E-1 -6.7760E-1
-6.6520E-1 -6.9220E-1
-6.6510E-1 -6.7710E-1
-6.6500E-1 -6.9170E-1
-6.6490E-1 -6.7710E-1
-6.6480E-1 -6.9180E-1
-6.6470E-1 -6.7650E-1
-6.6460E-1 -6.9110E-1
-6.6450E-1 -6.7650E-1
-6.6440E-1 -6.9100E-1
-6.6430E-1 -6.7610E-1
-6.6420E-1 -6.9070E-1
-6.6410E-1 -6.7620E-1
-6.6400E-1 -6.9090E-1
-6.6390E-1 -6.7560E-1
-6.6380E-1 -6.9020E-1
-6.6370E-1 -6.7540E-1
-6.6360E-1 -6.9000E-1
-6.6350E-1 -6.7500E-1
-6.6340E-1 -6.8960E-1
-6.6330E-1 -6.7520E-1
-6.6320E-1 -6.8970E-1
-6.6310E-1 -6.7460E-1
-6.6300E-1 -6.8910E-1
-6.6290E-1 -6.7460E-1
-6.6280E-1 -6.8910E-1
-6.6270E-1 -6.7440E-1
-6.6260E-1 -6.8880E-1
-6.6250E-1 -6.7450E-1
-6.6240E-1 -6.8910E-1
-6.6230E-1 -6.7390E-1
-6.6220E-1 -6.8840E-1
-6.6210E-1 -6.7370E-1
-6.6200E-1 -6.8830E-1
-6.6190E-1 -6.7320E-1
-6.6180E-1 -6.8780E-1
-6.6170E-1 -6.7330E-1
-6.6160E-1 -6.8790E-1
-6.6150E-1 -6.7270E-1
-6.6140E-1 -6.8720E-1
-6.6130E-1 -6.7280E-1
-6.6120E-1 -6.8720E-1
-6.6110E-1 -6.7240E-1
-6.6100E-1 -6.8690E-1
-6.6090E-1 -6.7260E-1
-6.6080E-1 -6.8720E-1
-6.6070E-1 -6.7200E-1
-6.6060E-1 -6.8640E-1
-6.6050E-1 -6.7180E-1
-6.6040E-1 -6.8630E-1
-6.6030E-1 -6.7150E-1
-6.6020E-1 -6.8590E-1
-6.6010E-1 -6.7160E-1
-6.6000E-1 -6.8610E-1
-6.5990E-1 -6.7110E-1
-6.5980E-1 -6.8560E-1
-6.5970E-1 -6.7110E-1
-6.5960E-1 -6.8560E-1
-6.5950E-1 -6.7090E-1
-6.5940E-1 -6.8530E-1
-6.5930E-1 -6.7110E-1
-6.5920E-1 -6.8570E-1
-6.5910E-1 -6.7040E-1
-6.5900E-1 -6.8500E-1
-6.5890E-1 -6.7030E-1
-6.5880E-1 -6.8480E-1
-6.5870E-1 -6.6980E-1
-6.5860E-1 -6.8430E-1
-6.5850E-1 -6.6990E-1
-6.5840E-1 -6.8440E-1
-6.5830E-1 -6.6930E-1
-6.5820E-1 -6.8370E-1
-6.5810E-1 -6.6920E-1
-6.5800E-1 -6.8370E-1
-6.5790E-1 -6.6890E-1
-6.5780E-1 -6.8330E-1
-6.5770E-1 -6.6910E-1
-6.5760E-1 -6.8360E-1
-6.5750E-1 -6.6850E-1
-6.5740E-1 -6.8290E-1
-6.5730E-1 -6.6840E-1
-6.5720E-1 -6.8280E-1
-6.5710E-1 -6.6790E-1
-6.5700E-1 -6.8230E-1
-6.5690E-1 -6.6810E-1
-6.5680E-1 -6.8250E-1
-6.5670E-1 -6.6750E-1
-6.5660E-1 -6.8190E-1
-6.5650E-1 -6.6750E-1
-6.5640E-1 -6.8190E-1
-6.5630E-1 -6.6730E-1
-6.5620E-1 -6.8160E-1
-6.5610E-1 -6.6750E-1
-6.5600E-1 -6.8200E-1
-6.5590E-1 -6.6690E-1
-6.5580E-1 -6.8120E-1
-6.5570E-1 -6.6670E-1
-6.5560E-1 -6.8110E-1
-6.5550E-1 -6.6630E-1
-6.5540E-1 -6.8070E-1
-6.5530E-1 -6.6640E-1
-6.5520E-1 -6.8070E-1
-6.5510E-1 -6.6580E-1
-6.5500E-1 -6.8020E-1
-6.5490E-1 -6.6580E-1
-6.5480E-1 -6.8020E-1
-6.5470E-1 -6.6550E-1
-6.5460E-1 -6.7980E-1
-6.5450E-1 -6.6570E-1
-6.5440E-1 -6.8010E-1
-6.5430E-1 -6.6500E-1
-6.5420E-1 -6.7940E-1
-6.5410E-1 -6.6500E-1
-6.5400E-1 -6.7940E-1
-6.5390E-1 -6.6460E-1
-6.5380E-1 -6.7890E-1
-6.5370E-1 -6.6480E-1
-6.5360E-1 -6.7910E-1
-6.5350E-1 -6.6430E-1
-6.5340E-1 -6.7860E-1
-6.5330E-1 -6.6430E-1
-6.5320E-1 -6.7870E-1
-6.5310E-1 -6.6410E-1
-6.5300E-1 -6.7840E-1
-6.5290E-1 -6.6440E-1
-6.5280E-1 -6.7880E-1
-6.5270E-1 -6.6380E-1
-6.5260E-1 -6.7810E-1
-6.5250E-1 -6.6360E-1
-6.5240E-1 -6.7790E-1
-6.5230E-1 -6.6310E-1
-6.5220E-1 -6.7740E-1
-6.5210E-1 -6.6320E-1
-6.5200E-1 -6.7750E-1
-6.5190E-1 -6.6260E-1
-6.5180E-1 -6.7690E-1
-6.5170E-1 -6.6250E-1
-6.5160E-1 -6.7680E-1
-6.5150E-1 -6.6220E-1
-6.5140E-1 -6.7640E-1
-6.5130E-1 -6.6240E-1
-6.5120E-1 -6.7670E-1
-6.5110E-1 -6.6170E-1
-6.5100E-1 -6.7600E-1
-6.5090E-1 -6.6160E-1
-6.5080E-1 -6.7580E-1
-6.5070E-1 -6.6120E-1
-6.5060E-1 -6.7540E-1
-6.5050E-1 -6.6130E-1
-6.5040E-1 -6.7560E-1
-6.5030E-1 -6.6080E-1
-6.5020E-1 -6.7500E-1
-6.5010E-1 -6.6070E-1
-6.5000E-1 -6.7500E-1
-6.4990E-1 -6.6050E-1
-6.4980E-1 -6.7470E-1
-6.4970E-1 -6.6080E-1
-6.4960E-1 -6.7500E-1
-6.4950E-1 -6.6010E-1
-6.4940E-1 -6.7430E-1
-6.4930E-1 -6.5990E-1
-6.4920E-1 -6.7410E-1
-6.4910E-1 -6.5950E-1
-6.4900E-1 -6.7370E-1
-6.4890E-1 -6.5950E-1
-6.4880E-1 -6.7380E-1
-6.4870E-1 -6.5890E-1
-6.4860E-1 -6.7320E-1
-6.4850E-1 -6.5890E-1
-6.4840E-1 -6.7310E-1
-6.4830E-1 -6.5860E-1
-6.4820E-1 -6.7280E-1
-6.4810E-1 -6.5890E-1
-6.4800E-1 -6.7310E-1
-6.4790E-1 -6.5820E-1
-6.4780E-1 -6.7240E-1
-6.4770E-1 -6.5810E-1
-6.4760E-1 -6.7230E-1
-6.4750E-1 -6.5770E-1
-6.4740E-1 -6.7190E-1
-6.4730E-1 -6.5790E-1
-6.4720E-1 -6.7210E-1
-6.4710E-1 -6.5740E-1
-6.4700E-1 -6.7160E-1
-6.4690E-1 -6.5740E-1
-6.4680E-1 -6.7160E-1
-6.4670E-1 -6.5710E-1
-6.4660E-1 -6.7140E-1
-6.4650E-1 -6.5740E-1
-6.4640E-1 -6.7170E-1
-6.4630E-1 -6.5680E-1
-6.4620E-1 -6.7100E-1
-6.4610E-1 -6.5660E-1
-6.4600E-1 -6.7080E-1
-6.4590E-1 -6.5620E-1
-6.4580E-1 -6.7030E-1
-6.4570E-1 -6.5620E-1
-6.4560E-1 -6.7040E-1
-6.4550E-1 -6.5570E-1
-6.4540E-1 -6.6980E-1
-6.4530E-1 -6.5560E-1
-6.4520E-1 -6.6980E-1
-6.4510E-1 -6.5520E-1
-6.4500E-1 -6.6940E-1
-6.4490E-1 -6.5540E-1
-6.4480E-1 -6.6970E-1
-6.4470E-1 -6.5480E-1
-6.4460E-1 -6.6900E-1
-6.4450E-1 -6.5470E-1
-6.4440E-1 -6.6880E-1
-6.4430E-1 -6.5430E-1
-6.4420E-1 -6.6850E-1
-6.4410E-1 -6.5450E-1
-6.4400E-1 -6.6860E-1
-6.4390E-1 -6.5400E-1
-6.4380E-1 -6.6810E-1
-6.4370E-1 -6.5390E-1
-6.4360E-1 -6.6810E-1
-6.4350E-1 -6.5370E-1
-6.4340E-1 -6.6780E-1
-6.4330E-1 -6.5390E-1
-6.4320E-1 -6.6810E-1
-6.4310E-1 -6.5330E-1
-6.4300E-1 -6.6740E-1
-6.4290E-1 -6.5310E-1
-6.4280E-1 -6.6730E-1
-6.4270E-1 -6.5270E-1
-6.4260E-1 -6.6680E-1
-6.4250E-1 -6.5280E-1
-6.4240E-1 -6.6690E-1
-6.4230E-1 -6.5230E-1
-6.4220E-1 -6.6640E-1
-6.4210E-1 -6.5230E-1
-6.4200E-1 -6.6640E-1
-6.4190E-1 -6.5190E-1
-6.4180E-1 -6.6600E-1
-6.4170E-1 -6.5220E-1
-6.4160E-1 -6.6630E-1
-6.4150E-1 -6.5160E-1
-6.4140E-1 -6.6560E-1
-6.4130E-1 -6.5150E-1
-6.4120E-1 -6.6550E-1
-6.4110E-1 -6.5110E-1
-6.4100E-1 -6.6520E-1
-6.4090E-1 -6.5130E-1
-6.4080E-1 -6.6540E-1
-6.4070E-1 -6.5080E-1
-6.4060E-1 -6.6490E-1
-6.4050E-1 -6.5090E-1
-6.4040E-1 -6.6490E-1
-6.4030E-1 -6.5060E-1
-6.4020E-1 -6.6470E-1
-6.4010E-1 -6.5090E-1
-6.4000E-1 -6.6500E-1
-6.3990E-1 -6.5100E-1
-6.3980E-1 -6.6510E-1
-6.3970E-1 -6.5080E-1
-6.3960E-1 -6.6490E-1
-6.3950E-1 -6.5030E-1
-6.3940E-1 -6.6440E-1
-6.3930E-1 -6.5040E-1
-6.3920E-1 -6.6450E-1
-6.3910E-1 -6.4970E-1
-6.3900E-1 -6.6380E-1
-6.3890E-1 -6.4970E-1
-6.3880E-1 -6.6380E-1
-6.3870E-1 -6.4930E-1
-6.3860E-1 -6.6340E-1
-6.3850E-1 -6.4950E-1
-6.3840E-1 -6.6360E-1
-6.3830E-1 -6.4880E-1
-6.3820E-1 -6.6280E-1
-6.3810E-1 -6.4870E-1
-6.3800E-1 -6.6280E-1
-6.3790E-1 -6.4830E-1
-6.3780E-1 -6.6230E-1
-6.3770E-1 -6.4840E-1
-6.3760E-1 -6.6250E-1
-6.3750E-1 -6.4780E-1
-6.3740E-1 -6.6190E-1
-6.3730E-1 -6.4790E-1
-6.3720E-1 -6.6190E-1
-6.3710E-1 -6.4760E-1
-6.3700E-1 -6.6160E-1
-6.3690E-1 -6.4780E-1
-6.3680E-1 -6.6180E-1
-6.3670E-1 -6.4710E-1
-6.3660E-1 -6.6110E-1
-6.3650E-1 -6.4700E-1
-6.3640E-1 -6.6100E-1
-6.3630E-1 -6.4650E-1
-6.3620E-1 -6.6050E-1
-6.3610E-1 -6.4650E-1
-6.3600E-1 -6.6060E-1
-6.3590E-1 -6.4600E-1
-6.3580E-1 -6.6000E-1
-6.3570E-1 -6.4600E-1
-6.3560E-1 -6.6000E-1
-6.3550E-1 -6.4570E-1
-6.3540E-1 -6.5960E-1
-6.3530E-1 -6.4590E-1
-6.3520E-1 -6.5990E-1
-6.3510E-1 -6.4530E-1
-6.3500E-1 -6.5920E-1
-6.3490E-1 -6.4510E-1
-6.3480E-1 -6.5910E-1
-6.3470E-1 -6.4470E-1
-6.3460E-1 -6.5870E-1
-6.3450E-1 -6.4490E-1
-6.3440E-1 -6.5880E-1
-6.3430E-1 -6.4440E-1
-6.3420E-1 -6.5830E-1
-6.3410E-1 -6.4440E-1
-6.3400E-1 -6.5840E-1
-6.3390E-1 -6.4410E-1
-6.3380E-1 -6.5810E-1
-6.3370E-1 -6.4440E-1
-6.3360E-1 -6.5840E-1
-6.3350E-1 -6.4370E-1
-6.3340E-1 -6.5770E-1
-6.3330E-1 -6.4360E-1
-6.3320E-1 -6.5750E-1
-6.3310E-1 -6.4310E-1
-6.3300E-1 -6.5700E-1
-6.3290E-1 -6.4320E-1
-6.3280E-1 -6.5710E-1
-6.3270E-1 -6.4260E-1
-6.3260E-1 -6.5650E-1
-6.3250E-1 -6.4250E-1
-6.3240E-1 -6.5640E-1
-6.3230E-1 -6.4220E-1
-6.3220E-1 -6.5610E-1
-6.3210E-1 -6.4240E-1
-6.3200E-1 -6.5630E-1
-6.3190E-1 -6.4170E-1
-6.3180E-1 -6.5560E-1
-6.3170E-1 -6.4160E-1
-6.3160E-1 -6.5550E-1
-6.3150E-1 -6.4120E-1
-6.3140E-1 -6.5510E-1
-6.3130E-1 -6.4130E-1
-6.3120E-1 -6.5520E-1
-6.3110E-1 -6.4080E-1
-6.3100E-1 -6.5470E-1
-6.3090E-1 -6.4080E-1
-6.3080E-1 -6.5470E-1
-6.3070E-1 -6.4060E-1
-6.3060E-1 -6.5450E-1
-6.3050E-1 -6.4080E-1
-6.3040E-1 -6.5470E-1
-6.3030E-1 -6.4020E-1
-6.3020E-1 -6.5400E-1
-6.3010E-1 -6.4000E-1
-6.3000E-1 -6.5380E-1
-6.2990E-1 -6.3960E-1
-6.2980E-1 -6.5340E-1
-6.2970E-1 -6.3970E-1
-6.2960E-1 -6.5350E-1
-6.2950E-1 -6.3910E-1
-6.2940E-1 -6.5300E-1
-6.2930E-1 -6.3910E-1
-6.2920E-1 -6.5290E-1
-6.2910E-1 -6.3880E-1
-6.2900E-1 -6.5260E-1
-6.2890E-1 -6.3900E-1
-6.2880E-1 -6.5290E-1
-6.2870E-1 -6.3830E-1
-6.2860E-1 -6.5220E-1
-6.2850E-1 -6.3830E-1
-6.2840E-1 -6.5220E-1
-6.2830E-1 -6.3790E-1
-6.2820E-1 -6.5170E-1
-6.2810E-1 -6.3810E-1
-6.2800E-1 -6.5190E-1
-6.2790E-1 -6.3760E-1
-6.2780E-1 -6.5140E-1
-6.2770E-1 -6.3760E-1
-6.2760E-1 -6.5140E-1
-6.2750E-1 -6.3740E-1
-6.2740E-1 -6.5120E-1
-6.2730E-1 -6.3770E-1
-6.2720E-1 -6.5150E-1
-6.2710E-1 -6.3710E-1
-6.2700E-1 -6.5090E-1
-6.2690E-1 -6.3700E-1
-6.2680E-1 -6.5080E-1
-6.2670E-1 -6.3650E-1
-6.2660E-1 -6.5030E-1
-6.2650E-1 -6.3660E-1
-6.2640E-1 -6.5040E-1
-6.2630E-1 -6.3600E-1
-6.2620E-1 -6.4970E-1
-6.2610E-1 -6.3590E-1
-6.2600E-1 -6.4970E-1
-6.2590E-1 -6.3560E-1
-6.2580E-1 -6.4930E-1
-6.2570E-1 -6.3580E-1
-6.2560E-1 -6.4960E-1
-6.2550E-1 -6.3510E-1
-6.2540E-1 -6.4880E-1
-6.2530E-1 -6.3500E-1
-6.2520E-1 -6.4870E-1
-6.2510E-1 -6.3460E-1
-6.2500E-1 -6.4830E-1
-6.2490E-1 -6.3470E-1
-6.2480E-1 -6.4840E-1
-6.2470E-1 -6.3420E-1
-6.2460E-1 -6.4790E-1
-6.2450E-1 -6.3420E-1
-6.2440E-1 -6.4790E-1
-6.2430E-1 -6.3390E-1
-6.2420E-1 -6.4750E-1
-6.2410E-1 -6.3410E-1
-6.2400E-1 -6.4780E-1
-6.2390E-1 -6.3340E-1
-6.2380E-1 -6.4720E-1
-6.2370E-1 -6.3330E-1
-6.2360E-1 -6.4700E-1
-6.2350E-1 -6.3280E-1
-6.2340E-1 -6.4650E-1
-6.2330E-1 -6.3290E-1
-6.2320E-1 -6.4660E-1
-6.2310E-1 -6.3240E-1
-6.2300E-1 -6.4610E-1
-6.2290E-1 -6.3230E-1
-6.2280E-1 -6.4600E-1
-6.2270E-1 -6.3200E-1
-6.2260E-1 -6.4570E-1
-6.2250E-1 -6.3220E-1
-6.2240E-1 -6.4590E-1
-6.2230E-1 -6.3160E-1
-6.2220E-1 -6.4530E-1
-6.2210E-1 -6.3150E-1
-6.2200E-1 -6.4520E-1
-6.2190E-1 -6.3110E-1
-6.2180E-1 -6.4480E-1
-6.2170E-1 -6.3130E-1
-6.2160E-1 -6.4500E-1
-6.2150E-1 -6.3080E-1
-6.2140E-1 -6.4450E-1
-6.2130E-1 -6.3080E-1
-6.2120E-1 -6.4450E-1
-6.2110E-1 -6.3060E-1
-6.2100E-1 -6.4420E-1
-6.2090E-1 -6.3080E-1
-6.2080E-1 -6.4450E-1
-6.2070E-1 -6.3020E-1
-6.2060E-1 -6.4380E-1
-6.2050E-1 -6.3000E-1
-6.2040E-1 -6.4370E-1
-6.2030E-1 -6.2960E-1
-6.2020E-1 -6.4320E-1
-6.2010E-1 -6.2970E-1
-6.2000E-1 -6.4330E-1
-6.1990E-1 -6.2910E-1
-6.1980E-1 -6.4270E-1
-6.1970E-1 -6.2900E-1
-6.1960E-1 -6.4270E-1
-6.1950E-1 -6.2870E-1
-6.1940E-1 -6.4230E-1
-6.1930E-1 -6.2890E-1
-6.1920E-1 -6.4250E-1
-6.1910E-1 -6.2830E-1
-6.1900E-1 -6.4190E-1
-6.1890E-1 -6.2820E-1
-6.1880E-1 -6.4180E-1
-6.1870E-1 -6.2780E-1
-6.1860E-1 -6.4140E-1
-6.1850E-1 -6.2790E-1
-6.1840E-1 -6.4150E-1
-6.1830E-1 -6.2740E-1
-6.1820E-1 -6.4100E-1
-6.1810E-1 -6.2740E-1
-6.1800E-1 -6.4100E-1
-6.1790E-1 -6.2710E-1
-6.1780E-1 -6.4070E-1
-6.1770E-1 -6.2740E-1
-6.1760E-1 -6.4100E-1
-6.1750E-1 -6.2680E-1
-6.1740E-1 -6.4030E-1
-6.1730E-1 -6.2660E-1
-6.1720E-1 -6.4020E-1
-6.1710E-1 -6.2620E-1
-6.1700E-1 -6.3970E-1
-6.1690E-1 -6.2620E-1
-6.1680E-1 -6.3990E-1
-6.1670E-1 -6.2570E-1
-6.1660E-1 -6.3930E-1
-6.1650E-1 -6.2570E-1
-6.1640E-1 -6.3930E-1
-6.1630E-1 -6.2540E-1
-6.1620E-1 -6.3900E-1
-6.1610E-1 -6.2560E-1
-6.1600E-1 -6.3920E-1
-6.1590E-1 -6.2500E-1
-6.1580E-1 -6.3860E-1
-6.1570E-1 -6.2490E-1
-6.1560E-1 -6.3850E-1
-6.1550E-1 -6.2460E-1
-6.1540E-1 -6.3820E-1
-6.1530E-1 -6.2480E-1
-6.1520E-1 -6.3830E-1
-6.1510E-1 -6.2420E-1
-6.1500E-1 -6.3780E-1
-6.1490E-1 -6.2430E-1
-6.1480E-1 -6.3790E-1
-6.1470E-1 -6.2410E-1
-6.1460E-1 -6.3760E-1
-6.1450E-1 -6.2440E-1
-6.1440E-1 -6.3790E-1
-6.1430E-1 -6.2690E-1
-6.1420E-1 -6.4050E-1
-6.1410E-1 -6.2670E-1
-6.1400E-1 -6.4030E-1
-6.1390E-1 -6.2620E-1
-6.1380E-1 -6.3980E-1
-6.1370E-1 -6.2630E-1
-6.1360E-1 -6.3990E-1
-6.1350E-1 -6.2570E-1
-6.1340E-1 -6.3920E-1
-6.1330E-1 -6.2560E-1
-6.1320E-1 -6.3920E-1
-6.1310E-1 -6.2530E-1
-6.1300E-1 -6.3880E-1
-6.1290E-1 -6.2540E-1
-6.1280E-1 -6.3890E-1
-6.1270E-1 -6.2470E-1
-6.1260E-1 -6.3830E-1
-6.1250E-1 -6.2460E-1
-6.1240E-1 -6.3810E-1
-6.1230E-1 -6.2420E-1
-6.1220E-1 -6.3770E-1
-6.1210E-1 -6.2430E-1
-6.1200E-1 -6.3780E-1
-6.1190E-1 -6.2380E-1
-6.1180E-1 -6.3720E-1
-6.1170E-1 -6.2380E-1
-6.1160E-1 -6.3720E-1
-6.1150E-1 -6.2350E-1
-6.1140E-1 -6.3700E-1
-6.1130E-1 -6.2370E-1
-6.1120E-1 -6.3720E-1
-6.1110E-1 -6.2300E-1
-6.1100E-1 -6.3650E-1
-6.1090E-1 -6.2290E-1
-6.1080E-1 -6.3630E-1
-6.1070E-1 -6.2240E-1
-6.1060E-1 -4.6380E-1
-6.1050E-1 -6.2250E-1
-6.1040E-1 -6.3590E-1
-6.1030E-1 -6.2200E-1
-6.1020E-1 -6.3540E-1
-6.1010E-1 -6.2190E-1
-6.1000E-1 -6.3530E-1
-6.0990E-1 -6.2160E-1
-6.0980E-1 -6.3500E-1
-6.0970E-1 -6.2180E-1
-6.0960E-1 -6.3520E-1
-6.0950E-1 -6.2110E-1
-6.0940E-1 -6.3450E-1
-6.0930E-1 -6.2110E-1
-6.0920E-1 -6.3450E-1
-6.0910E-1 -6.2070E-1
-6.0900E-1 -6.3400E-1
-6.0890E-1 -6.2080E-1
-6.0880E-1 -6.3420E-1
-6.0870E-1 -6.2030E-1
-6.0860E-1 -6.3370E-1
-6.0850E-1 -6.2030E-1
-6.0840E-1 -6.3370E-1
-6.0830E-1 -6.2000E-1
-6.0820E-1 -6.3340E-1
-6.0810E-1 -6.2030E-1
-6.0800E-1 -6.3370E-1
-6.0790E-1 -6.1960E-1
-6.0780E-1 -6.3300E-1
-6.0770E-1 -6.1950E-1
-6.0760E-1 -6.3290E-1
-6.0750E-1 -6.1900E-1
-6.0740E-1 -6.3240E-1
-6.0730E-1 -6.1900E-1
-6.0720E-1 -6.3240E-1
-6.0710E-1 -6.1850E-1
-6.0700E-1 -6.3180E-1
-6.0690E-1 -6.1840E-1
-6.0680E-1 -6.3180E-1
-6.0670E-1 -6.1810E-1
-6.0660E-1 -6.3150E-1
-6.0650E-1 -6.1830E-1
-6.0640E-1 -6.3160E-1
-6.0630E-1 -6.1760E-1
-6.0620E-1 -6.3090E-1
-6.0610E-1 -6.1750E-1
-6.0600E-1 -6.3080E-1
-6.0590E-1 -6.1710E-1
-6.0580E-1 -6.3040E-1
-6.0570E-1 -6.1720E-1
-6.0560E-1 -6.3060E-1
-6.0550E-1 -6.1670E-1
-6.0540E-1 -6.3000E-1
-6.0530E-1 -6.1670E-1
-6.0520E-1 -6.3000E-1
-6.0510E-1 -6.1640E-1
-6.0500E-1 -6.2970E-1
-6.0490E-1 -6.1660E-1
-6.0480E-1 -6.3000E-1
-6.0470E-1 -6.1600E-1
-6.0460E-1 -6.2930E-1
-6.0450E-1 -6.1590E-1
-6.0440E-1 -6.2920E-1
-6.0430E-1 -6.1540E-1
-6.0420E-1 -6.2870E-1
-6.0410E-1 -6.1550E-1
-6.0400E-1 -6.2880E-1
-6.0390E-1 -6.1500E-1
-6.0380E-1 -6.2820E-1
-6.0370E-1 -6.1490E-1
-6.0360E-1 -6.2820E-1
-6.0350E-1 -6.1460E-1
-6.0340E-1 -6.2790E-1
-6.0330E-1 -6.1480E-1
-6.0320E-1 -6.2810E-1
-6.0310E-1 -6.1420E-1
-6.0300E-1 -6.2750E-1
-6.0290E-1 -6.1410E-1
-6.0280E-1 -6.2740E-1
-6.0270E-1 -6.1380E-1
-6.0260E-1 -6.2700E-1
-6.0250E-1 -6.1390E-1
-6.0240E-1 -6.2720E-1
-6.0230E-1 -6.1340E-1
-6.0220E-1 -6.2660E-1
-6.0210E-1 -6.1350E-1
-6.0200E-1 -6.2670E-1
-6.0190E-1 -6.1320E-1
-6.0180E-1 -6.2650E-1
-6.0170E-1 -6.1350E-1
-6.0160E-1 -6.2680E-1
-6.0150E-1 -6.1290E-1
-6.0140E-1 -6.2620E-1
-6.0130E-1 -6.1270E-1
-6.0120E-1 -6.2590E-1
-6.0110E-1 -6.1230E-1
-6.0100E-1 -6.2550E-1
-6.0090E-1 -6.1230E-1
-6.0080E-1 -6.2560E-1
-6.0070E-1 -6.1170E-1
-6.0060E-1 -6.2500E-1
-6.0050E-1 -6.1170E-1
-6.0040E-1 -6.2490E-1
-6.0030E-1 -6.1130E-1
-6.0020E-1 -6.2450E-1
-6.0010E-1 -6.1150E-1
-6.0000E-1 -6.2470E-1
-5.9990E-1 -6.1090E-1
-5.9980E-1 -6.2400E-1
-5.9970E-1 -6.1070E-1
-5.9960E-1 -6.2390E-1
-5.9950E-1 -6.1040E-1
-5.9940E-1 -6.2350E-1
-5.9930E-1 -6.1040E-1
-5.9920E-1 -6.2360E-1
-5.9910E-1 -6.0990E-1
-5.9900E-1 -6.2300E-1
-5.9890E-1 -6.0990E-1
-5.9880E-1 -6.2310E-1
-5.9870E-1 -6.0960E-1
-5.9860E-1 -6.2280E-1
-5.9850E-1 -6.0980E-1
-5.9840E-1 -6.2300E-1
-5.9830E-1 -6.0920E-1
-5.9820E-1 -6.2230E-1
-5.9810E-1 -6.0900E-1
-5.9800E-1 -6.2220E-1
-5.9790E-1 -6.0860E-1
-5.9780E-1 -6.2170E-1
-5.9770E-1 -6.0870E-1
-5.9760E-1 -6.2180E-1
-5.9750E-1 -6.0810E-1
-5.9740E-1 -6.2120E-1
-5.9730E-1 -6.0810E-1
-5.9720E-1 -6.2120E-1
-5.9710E-1 -6.0770E-1
-5.9700E-1 -6.2090E-1
-5.9690E-1 -6.0790E-1
-5.9680E-1 -6.2110E-1
-5.9670E-1 -6.0730E-1
-5.9660E-1 -6.2040E-1
-5.9650E-1 -6.0720E-1
-5.9640E-1 -6.2030E-1
-5.9630E-1 -6.0690E-1
-5.9620E-1 -6.2000E-1
-5.9610E-1 -6.0700E-1
-5.9600E-1 -6.2010E-1
-5.9590E-1 -6.0650E-1
-5.9580E-1 -6.1960E-1
-5.9570E-1 -6.0650E-1
-5.9560E-1 -6.1960E-1
-5.9550E-1 -6.0630E-1
-5.9540E-1 -6.1940E-1
-5.9530E-1 -6.0650E-1
-5.9520E-1 -6.1960E-1
-5.9510E-1 -6.0590E-1
-5.9500E-1 -6.1890E-1
-5.9490E-1 -6.0570E-1
-5.9480E-1 -6.1880E-1
-5.9470E-1 -6.0530E-1
-5.9460E-1 -6.1830E-1
-5.9450E-1 -6.0530E-1
-5.9440E-1 -6.1840E-1
-5.9430E-1 -6.0470E-1
-5.9420E-1 -6.1780E-1
-5.9410E-1 -6.0470E-1
-5.9400E-1 -6.1780E-1
-5.9390E-1 -6.0440E-1
-5.9380E-1 -6.1740E-1
-5.9370E-1 -6.0460E-1
-5.9360E-1 -6.1760E-1
-5.9350E-1 -6.0390E-1
-5.9340E-1 -6.1690E-1
-5.9330E-1 -6.0380E-1
-5.9320E-1 -6.1690E-1
-5.9310E-1 -6.0350E-1
-5.9300E-1 -6.1650E-1
-5.9290E-1 -6.0350E-1
-5.9280E-1 -6.1660E-1
-5.9270E-1 -6.0300E-1
-5.9260E-1 -6.1610E-1
-5.9250E-1 -6.0300E-1
-5.9240E-1 -6.1610E-1
-5.9230E-1 -6.0280E-1
-5.9220E-1 -6.1580E-1
-5.9210E-1 -6.0300E-1
-5.9200E-1 -6.1600E-1
-5.9190E-1 -6.0240E-1
-5.9180E-1 -6.1540E-1
-5.9170E-1 -6.0220E-1
-5.9160E-1 -6.1530E-1
-5.9150E-1 -6.0180E-1
-5.9140E-1 -6.1490E-1
-5.9130E-1 -6.0190E-1
-5.9120E-1 -6.1500E-1
-5.9110E-1 -6.0140E-1
-5.9100E-1 -6.1430E-1
-5.9090E-1 -6.0140E-1
-5.9080E-1 -6.1440E-1
-5.9070E-1 -6.0110E-1
-5.9060E-1 -6.1400E-1
-5.9050E-1 -6.0130E-1
-5.9040E-1 -6.1430E-1
-5.9030E-1 -6.0060E-1
-5.9020E-1 -6.1360E-1
-5.9010E-1 -6.0060E-1
-5.9000E-1 -6.1360E-1
-5.8990E-1 -6.0020E-1
-5.8980E-1 -6.1320E-1
-5.8970E-1 -6.0040E-1
-5.8960E-1 -6.1330E-1
-5.8950E-1 -5.9990E-1
-5.8940E-1 -6.1280E-1
-5.8930E-1 -5.9990E-1
-5.8920E-1 -6.1290E-1
-5.8910E-1 -5.9970E-1
-5.8900E-1 -6.1260E-1
-5.8890E-1 -5.9990E-1
-5.8880E-1 -6.1290E-1
-5.8870E-1 -6.0020E-1
-5.8860E-1 -6.1320E-1
-5.8850E-1 -6.0000E-1
-5.8840E-1 -6.1310E-1
-5.8830E-1 -5.9960E-1
-5.8820E-1 -6.1260E-1
-5.8810E-1 -5.9960E-1
-5.8800E-1 -6.1260E-1
-5.8790E-1 -5.9900E-1
-5.8780E-1 -6.1200E-1
-5.8770E-1 -5.9890E-1
-5.8760E-1 -6.1200E-1
-5.8750E-1 -5.9860E-1
-5.8740E-1 -6.1160E-1
-5.8730E-1 -5.9870E-1
-5.8720E-1 -6.1180E-1
-5.8710E-1 -5.9810E-1
-5.8700E-1 -6.1110E-1
-5.8690E-1 -5.9790E-1
-5.8680E-1 -6.1100E-1
-5.8670E-1 -5.9760E-1
-5.8660E-1 -6.1050E-1
-5.8650E-1 -5.9770E-1
-5.8640E-1 -4.4170E-1
-5.8630E-1 -5.9710E-1
-5.8620E-1 -6.1010E-1
-5.8610E-1 -5.9710E-1
-5.8600E-1 -6.1000E-1
-5.8590E-1 -5.9680E-1
-5.8580E-1 -6.0980E-1
-5.8570E-1 -5.9700E-1
-5.8560E-1 -6.1000E-1
-5.8550E-1 -5.9640E-1
-5.8540E-1 -6.0930E-1
-5.8530E-1 -5.9620E-1
-5.8520E-1 -6.0910E-1
-5.8510E-1 -5.9580E-1
-5.8500E-1 -6.0870E-1
-5.8490E-1 -5.9590E-1
-5.8480E-1 -6.0880E-1
-5.8470E-1 -5.9530E-1
-5.8460E-1 -6.0820E-1
-5.8450E-1 -5.9530E-1
-5.8440E-1 -6.0820E-1
-5.8430E-1 -5.9490E-1
-5.8420E-1 -6.0780E-1
-5.8410E-1 -5.9510E-1
-5.8400E-1 -6.0800E-1
-5.8390E-1 -5.9450E-1
-5.8380E-1 -6.0740E-1
-5.8370E-1 -5.9440E-1
-5.8360E-1 -6.0730E-1
-5.8350E-1 -5.9400E-1
-5.8340E-1 -6.0690E-1
-5.8330E-1 -5.9420E-1
-5.8320E-1 -6.0700E-1
-5.8310E-1 -5.9360E-1
-5.8300E-1 -6.0650E-1
-5.8290E-1 -5.9360E-1
-5.8280E-1 -6.0650E-1
-5.8270E-1 -5.9340E-1
-5.8260E-1 -6.0630E-1
-5.8250E-1 -5.9360E-1
-5.8240E-1 -6.0650E-1
-5.8230E-1 -5.9300E-1
-5.8220E-1 -6.0590E-1
-5.8210E-1 -5.9290E-1
-5.8200E-1 -6.0570E-1
-5.8190E-1 -5.9240E-1
-5.8180E-1 -6.0520E-1
-5.8170E-1 -5.9240E-1
-5.8160E-1 -6.0520E-1
-5.8150E-1 -5.9190E-1
-5.8140E-1 -6.0470E-1
-5.8130E-1 -5.9180E-1
-5.8120E-1 -6.0460E-1
-5.8110E-1 -5.9150E-1
-5.8100E-1 -6.0430E-1
-5.8090E-1 -5.9160E-1
-5.8080E-1 -6.0450E-1
-5.8070E-1 -5.9100E-1
-5.8060E-1 -6.0380E-1
-5.8050E-1 -5.9090E-1
-5.8040E-1 -6.0370E-1
-5.8030E-1 -5.9050E-1
-5.8020E-1 -6.0330E-1
-5.8010E-1 -5.9060E-1
-5.8000E-1 -6.0340E-1
-5.7990E-1 -5.9010E-1
-5.7980E-1 -6.0290E-1
-5.7970E-1 -5.9010E-1
-5.7960E-1 -6.0290E-1
-5.7950E-1 -5.8980E-1
-5.7940E-1 -6.0260E-1
-5.7930E-1 -5.9000E-1
-5.7920E-1 -6.0280E-1
-5.7910E-1 -5.8940E-1
-5.7900E-1 -6.0220E-1
-5.7890E-1 -5.8920E-1
-5.7880E-1 -6.0200E-1
-5.7870E-1 -5.8890E-1
-5.7860E-1 -6.0160E-1
-5.7850E-1 -5.8890E-1
-5.7840E-1 -6.0170E-1
-5.7830E-1 -5.8840E-1
-5.7820E-1 -6.0110E-1
-5.7810E-1 -5.8830E-1
-5.7800E-1 -6.0110E-1
-5.7790E-1 -5.8800E-1
-5.7780E-1 -6.0080E-1
-5.7770E-1 -5.8820E-1
-5.7760E-1 -6.0100E-1
-5.7750E-1 -5.8760E-1
-5.7740E-1 -6.0040E-1
-5.7730E-1 -5.8750E-1
-5.7720E-1 -6.0030E-1
-5.7710E-1 -5.8720E-1
-5.7700E-1 -5.9990E-1
-5.7690E-1 -5.8730E-1
-5.7680E-1 -6.0010E-1
-5.7670E-1 -5.8680E-1
-5.7660E-1 -5.9950E-1
-5.7650E-1 -5.8680E-1
-5.7640E-1 -5.9960E-1
-5.7630E-1 -5.8660E-1
-5.7620E-1 -5.9930E-1
-5.7610E-1 -5.8690E-1
-5.7600E-1 -5.9960E-1
-5.7590E-1 -5.8630E-1
-5.7580E-1 -5.9910E-1
-5.7570E-1 -5.8620E-1
-5.7560E-1 -5.9880E-1
-5.7550E-1 -5.8570E-1
-5.7540E-1 -5.9840E-1
-5.7530E-1 -5.8570E-1
-5.7520E-1 -5.9850E-1
-5.7510E-1 -5.8520E-1
-5.7500E-1 -5.9780E-1
-5.7490E-1 -5.8500E-1
-5.7480E-1 -5.9780E-1
-5.7470E-1 -5.8480E-1
-5.7460E-1 -5.9740E-1
-5.7450E-1 -5.8490E-1
-5.7440E-1 -5.9760E-1
-5.7430E-1 -5.8430E-1
-5.7420E-1 -5.9690E-1
-5.7410E-1 -5.8410E-1
-5.7400E-1 -5.9680E-1
-5.7390E-1 -5.8370E-1
-5.7380E-1 -5.9640E-1
-5.7370E-1 -5.8390E-1
-5.7360E-1 -5.9650E-1
-5.7350E-1 -5.8330E-1
-5.7340E-1 -5.9600E-1
-5.7330E-1 -5.8330E-1
-5.7320E-1 -5.9600E-1
-5.7310E-1 -5.8310E-1
-5.7300E-1 -5.9570E-1
-5.7290E-1 -5.8320E-1
-5.7280E-1 -5.9590E-1
-5.7270E-1 -5.8260E-1
-5.7260E-1 -5.9530E-1
-5.7250E-1 -5.8240E-1
-5.7240E-1 -5.9510E-1
-5.7230E-1 -5.8210E-1
-5.7220E-1 -5.9460E-1
-5.7210E-1 -5.8210E-1
-5.7200E-1 -5.9470E-1
-5.7190E-1 -5.8160E-1
-5.7180E-1 -5.9420E-1
-5.7170E-1 -5.8150E-1
-5.7160E-1 -5.9410E-1
-5.7150E-1 -5.8120E-1
-5.7140E-1 -5.9380E-1
-5.7130E-1 -5.8140E-1
-5.7120E-1 -5.9400E-1
-5.7110E-1 -5.8080E-1
-5.7100E-1 -5.9340E-1
-5.7090E-1 -5.8070E-1
-5.7080E-1 -5.9330E-1
-5.7070E-1 -5.8030E-1
-5.7060E-1 -5.9290E-1
-5.7050E-1 -5.8050E-1
-5.7040E-1 -5.9300E-1
-5.7030E-1 -5.8000E-1
-5.7020E-1 -5.9250E-1
-5.7010E-1 -5.8000E-1
-5.7000E-1 -5.9250E-1
-5.6990E-1 -5.7970E-1
-5.6980E-1 -5.9230E-1
-5.6970E-1 -5.8000E-1
-5.6960E-1 -5.9250E-1
-5.6950E-1 -5.7940E-1
-5.6940E-1 -5.9190E-1
-5.6930E-1 -5.7920E-1
-5.6920E-1 -5.9170E-1
-5.6910E-1 -5.7880E-1
-5.6900E-1 -5.9130E-1
-5.6890E-1 -5.7890E-1
-5.6880E-1 -5.9140E-1
-5.6870E-1 -5.7820E-1
-5.6860E-1 -5.9080E-1
-5.6850E-1 -5.7820E-1
-5.6840E-1 -5.9080E-1
-5.6830E-1 -5.7790E-1
-5.6820E-1 -5.9040E-1
-5.6810E-1 -5.7810E-1
-5.6800E-1 -5.9060E-1
-5.6790E-1 -5.7740E-1
-5.6780E-1 -5.9000E-1
-5.6770E-1 -5.7730E-1
-5.6760E-1 -5.8980E-1
-5.6750E-1 -5.7690E-1
-5.6740E-1 -5.8950E-1
-5.6730E-1 -5.7700E-1
-5.6720E-1 -5.8960E-1
-5.6710E-1 -5.7650E-1
-5.6700E-1 -5.8900E-1
-5.6690E-1 -5.7650E-1
-5.6680E-1 -5.8900E-1
-5.6670E-1 -5.7630E-1
-5.6660E-1 -5.8870E-1
-5.6650E-1 -5.7650E-1
-5.6640E-1 -5.8900E-1
-5.6630E-1 -5.7590E-1
-5.6620E-1 -5.8840E-1
-5.6610E-1 -5.7570E-1
-5.6600E-1 -5.8820E-1
-5.6590E-1 -5.7530E-1
-5.6580E-1 -5.8780E-1
-5.6570E-1 -5.7540E-1
-5.6560E-1 -5.8790E-1
-5.6550E-1 -5.7490E-1
-5.6540E-1 -5.8730E-1
-5.6530E-1 -5.7480E-1
-5.6520E-1 -5.8730E-1
-5.6510E-1 -5.7450E-1
-5.6500E-1 -5.8700E-1
-5.6490E-1 -5.7470E-1
-5.6480E-1 -5.8720E-1
-5.6470E-1 -5.7420E-1
-5.6460E-1 -5.8660E-1
-5.6450E-1 -5.7410E-1
-5.6440E-1 -5.8650E-1
-5.6430E-1 -5.7380E-1
-5.6420E-1 -5.8620E-1
-5.6410E-1 -5.7390E-1
-5.6400E-1 -5.8630E-1
-5.6390E-1 -5.7340E-1
-5.6380E-1 -5.8590E-1
-5.6370E-1 -5.7340E-1
-5.6360E-1 -5.8590E-1
-5.6350E-1 -5.7320E-1
-5.6340E-1 -5.8560E-1
-5.6330E-1 -5.7340E-1
-5.6320E-1 -5.8590E-1
-5.6310E-1 -5.7370E-1
-5.6300E-1 -5.8630E-1
-5.6290E-1 -5.7360E-1
-5.6280E-1 -5.8610E-1
-5.6270E-1 -5.7310E-1
-5.6260E-1 -5.8560E-1
-5.6250E-1 -5.7310E-1
-5.6240E-1 -5.8560E-1
-5.6230E-1 -5.7260E-1
-5.6220E-1 -5.8500E-1
-5.6210E-1 -5.7250E-1
-5.6200E-1 -5.8490E-1
-5.6190E-1 -5.7220E-1
-5.6180E-1 -5.8460E-1
-5.6170E-1 -5.7220E-1
-5.6160E-1 -5.8480E-1
-5.6150E-1 -5.7170E-1
-5.6140E-1 -5.8410E-1
-5.6130E-1 -5.7150E-1
-5.6120E-1 -5.8390E-1
-5.6110E-1 -5.7110E-1
-5.6100E-1 -5.8350E-1
-5.6090E-1 -5.7120E-1
-5.6080E-1 -5.8360E-1
-5.6070E-1 -5.7070E-1
-5.6060E-1 -5.8310E-1
-5.6050E-1 -5.7070E-1
-5.6040E-1 -5.8300E-1
-5.6030E-1 -5.7040E-1
-5.6020E-1 -5.8280E-1
-5.6010E-1 -5.7050E-1
-5.6000E-1 -5.8300E-1
-5.5990E-1 -5.6990E-1
-5.5980E-1 -5.8230E-1
-5.5970E-1 -5.6970E-1
-5.5960E-1 -5.8210E-1
-5.5950E-1 -5.6930E-1
-5.5940E-1 -5.8170E-1
-5.5930E-1 -5.6940E-1
-5.5920E-1 -5.8180E-1
-5.5910E-1 -5.6880E-1
-5.5900E-1 -5.8120E-1
-5.5890E-1 -5.6880E-1
-5.5880E-1 -5.8120E-1
-5.5870E-1 -5.6850E-1
-5.5860E-1 -5.8080E-1
-5.5850E-1 -5.6860E-1
-5.5840E-1 -5.8100E-1
-5.5830E-1 -5.6800E-1
-5.5820E-1 -5.8040E-1
-5.5810E-1 -5.6790E-1
-5.5800E-1 -5.8030E-1
-5.5790E-1 -5.6760E-1
-5.5780E-1 -5.7990E-1
-5.5770E-1 -5.6760E-1
-5.5760E-1 -5.8000E-1
-5.5750E-1 -5.6720E-1
-5.5740E-1 -5.7950E-1
-5.5730E-1 -5.6720E-1
-5.5720E-1 -5.7950E-1
-5.5710E-1 -5.6690E-1
-5.5700E-1 -5.7920E-1
-5.5690E-1 -5.6710E-1
-5.5680E-1 -5.7940E-1
-5.5670E-1 -5.6650E-1
-5.5660E-1 -5.7880E-1
-5.5650E-1 -5.6630E-1
-5.5640E-1 -5.7870E-1
-5.5630E-1 -5.6590E-1
-5.5620E-1 -5.7820E-1
-5.5610E-1 -5.6590E-1
-5.5600E-1 -5.7820E-1
-5.5590E-1 -5.6540E-1
-5.5580E-1 -5.7770E-1
-5.5570E-1 -5.6530E-1
-5.5560E-1 -5.7760E-1
-5.5550E-1 -5.6500E-1
-5.5540E-1 -5.7730E-1
-5.5530E-1 -5.6520E-1
-5.5520E-1 -5.7740E-1
-5.5510E-1 -5.6450E-1
-5.5500E-1 -5.7680E-1
-5.5490E-1 -5.6440E-1
-5.5480E-1 -5.7670E-1
-5.5470E-1 -5.6400E-1
-5.5460E-1 -5.7630E-1
-5.5450E-1 -5.6410E-1
-5.5440E-1 -5.7640E-1
-5.5430E-1 -5.6360E-1
-5.5420E-1 -5.7590E-1
-5.5410E-1 -5.6360E-1
-5.5400E-1 -5.7580E-1
-5.5390E-1 -5.6330E-1
-5.5380E-1 -5.7560E-1
-5.5370E-1 -5.6350E-1
-5.5360E-1 -5.7580E-1
-5.5350E-1 -5.6290E-1
-5.5340E-1 -5.7520E-1
-5.5330E-1 -5.6280E-1
-5.5320E-1 -5.7500E-1
-5.5310E-1 -5.6230E-1
-5.5300E-1 -5.7460E-1
-5.5290E-1 -5.6240E-1
-5.5280E-1 -5.7460E-1
-5.5270E-1 -5.6190E-1
-5.5260E-1 -5.7410E-1
-5.5250E-1 -5.6180E-1
-5.5240E-1 -5.7400E-1
-5.5230E-1 -5.6150E-1
-5.5220E-1 -5.7380E-1
-5.5210E-1 -5.6170E-1
-5.5200E-1 -5.7390E-1
-5.5190E-1 -5.6110E-1
-5.5180E-1 -5.7330E-1
-5.5170E-1 -5.6100E-1
-5.5160E-1 -5.7330E-1
-5.5150E-1 -5.6070E-1
-5.5140E-1 -5.7280E-1
-5.5130E-1 -5.6080E-1
-5.5120E-1 -5.7300E-1
-5.5110E-1 -5.6030E-1
-5.5100E-1 -5.7250E-1
-5.5090E-1 -5.6030E-1
-5.5080E-1 -5.7260E-1
-5.5070E-1 -5.6010E-1
-5.5060E-1 -5.7230E-1
-5.5050E-1 -5.6030E-1
-5.5040E-1 -5.7250E-1
-5.5030E-1 -5.5990E-1
-5.5020E-1 -5.7200E-1
-5.5010E-1 -5.5970E-1
-5.5000E-1 -5.7180E-1
-5.4990E-1 -5.5920E-1
-5.4980E-1 -5.7140E-1
-5.4970E-1 -5.5920E-1
-5.4960E-1 -5.7140E-1
-5.4950E-1 -5.5870E-1
-5.4940E-1 -5.7080E-1
-5.4930E-1 -5.5860E-1
-5.4920E-1 -5.7070E-1
-5.4910E-1 -5.5830E-1
-5.4900E-1 -5.7040E-1
-5.4890E-1 -5.5840E-1
-5.4880E-1 -5.7050E-1
-5.4870E-1 -5.5780E-1
-5.4860E-1 -5.6990E-1
-5.4850E-1 -5.5760E-1
-5.4840E-1 -5.6980E-1
-5.4830E-1 -5.5730E-1
-5.4820E-1 -5.6940E-1
-5.4810E-1 -5.5730E-1
-5.4800E-1 -5.6950E-1
-5.4790E-1 -5.5690E-1
-5.4780E-1 -5.6890E-1
-5.4770E-1 -5.5680E-1
-5.4760E-1 -5.6890E-1
-5.4750E-1 -5.5650E-1
-5.4740E-1 -5.6860E-1
-5.4730E-1 -5.5670E-1
-5.4720E-1 -5.6880E-1
-5.4710E-1 -5.5610E-1
-5.4700E-1 -5.6820E-1
-5.4690E-1 -5.5600E-1
-5.4680E-1 -5.6800E-1
-5.4670E-1 -5.5550E-1
-5.4660E-1 -5.6760E-1
-5.4650E-1 -5.5560E-1
-5.4640E-1 -5.6770E-1
-5.4630E-1 -5.5500E-1
-5.4620E-1 -5.6710E-1
-5.4610E-1 -5.5500E-1
-5.4600E-1 -5.6710E-1
-5.4590E-1 -5.5470E-1
-5.4580E-1 -5.6680E-1
-5.4570E-1 -5.5490E-1
-5.4560E-1 -5.6700E-1
-5.4550E-1 -5.5430E-1
-5.4540E-1 -5.6630E-1
-5.4530E-1 -5.5420E-1
-5.4520E-1 -5.6620E-1
-5.4510E-1 -5.5380E-1
-5.4500E-1 -5.6590E-1
-5.4490E-1 -5.5390E-1
-5.4480E-1 -5.6600E-1
-5.4470E-1 -5.5350E-1
-5.4460E-1 -5.6540E-1
-5.4450E-1 -5.5340E-1
-5.4440E-1 -5.6550E-1
-5.4430E-1 -5.5320E-1
-5.4420E-1 -5.6530E-1
-5.4410E-1 -5.5340E-1
-5.4400E-1 -5.6550E-1
-5.4390E-1 -5.5280E-1
-5.4380E-1 -5.6480E-1
-5.4370E-1 -5.5270E-1
-5.4360E-1 -5.6470E-1
-5.4350E-1 -5.5220E-1
-5.4340E-1 -5.6420E-1
-5.4330E-1 -5.5230E-1
-5.4320E-1 -5.6430E-1
-5.4310E-1 -5.5180E-1
-5.4300E-1 -5.6370E-1
-5.4290E-1 -5.5160E-1
-5.4280E-1 -5.6370E-1
-5.4270E-1 -5.5140E-1
-5.4260E-1 -5.6330E-1
-5.4250E-1 -5.5150E-1
-5.4240E-1 -5.6350E-1
-5.4230E-1 -5.5090E-1
-5.4220E-1 -5.6290E-1
-5.4210E-1 -5.5080E-1
-5.4200E-1 -5.6280E-1
-5.4190E-1 -5.5040E-1
-5.4180E-1 -5.6240E-1
-5.4170E-1 -5.5050E-1
-5.4160E-1 -5.6250E-1
-5.4150E-1 -5.5000E-1
-5.4140E-1 -5.6200E-1
-5.4130E-1 -5.5000E-1
-5.4120E-1 -5.6200E-1
-5.4110E-1 -5.4980E-1
-5.4100E-1 -5.6170E-1
-5.4090E-1 -5.4990E-1
-5.4080E-1 -5.6190E-1
-5.4070E-1 -5.4940E-1
-5.4060E-1 -5.6130E-1
-5.4050E-1 -5.4920E-1
-5.4040E-1 -5.6120E-1
-5.4030E-1 -5.4880E-1
-5.4020E-1 -5.6070E-1
-5.4010E-1 -5.4890E-1
-5.4000E-1 -5.6080E-1
-5.3990E-1 -5.4840E-1
-5.3980E-1 -5.6030E-1
-5.3970E-1 -5.4840E-1
-5.3960E-1 -5.6020E-1
-5.3950E-1 -5.4800E-1
-5.3940E-1 -5.6000E-1
-5.3930E-1 -5.4820E-1
-5.3920E-1 -5.6010E-1
-5.3910E-1 -5.4760E-1
-5.3900E-1 -5.5950E-1
-5.3890E-1 -5.4750E-1
-5.3880E-1 -5.5950E-1
-5.3870E-1 -5.4720E-1
-5.3860E-1 -5.5910E-1
-5.3850E-1 -5.4730E-1
-5.3840E-1 -5.5930E-1
-5.3830E-1 -5.4690E-1
-5.3820E-1 -5.5870E-1
-5.3810E-1 -5.4690E-1
-5.3800E-1 -5.5880E-1
-5.3790E-1 -5.4660E-1
-5.3780E-1 -5.5850E-1
-5.3770E-1 -5.4680E-1
-5.3760E-1 -5.5880E-1
-5.3750E-1 -5.4700E-1
-5.3740E-1 -5.5900E-1
-5.3730E-1 -5.4680E-1
-5.3720E-1 -5.5880E-1
-5.3710E-1 -5.4640E-1
-5.3700E-1 -5.5830E-1
-5.3690E-1 -5.4640E-1
-5.3680E-1 -5.5830E-1
-5.3670E-1 -5.4590E-1
-5.3660E-1 -5.5780E-1
-5.3650E-1 -5.4580E-1
-5.3640E-1 -5.5770E-1
-5.3630E-1 -5.4540E-1
-5.3620E-1 -5.5730E-1
-5.3610E-1 -5.4560E-1
-5.3600E-1 -5.5750E-1
-5.3590E-1 -3.6300E-2
-5.3580E-1 -5.5690E-1
-5.3570E-1 -5.4480E-1
-5.3560E-1 -5.5670E-1
-5.3550E-1 -5.4440E-1
-5.3540E-1 -5.5630E-1
-5.3530E-1 -5.4450E-1
-5.3520E-1 -5.5630E-1
-5.3510E-1 -5.4400E-1
-5.3500E-1 -5.5590E-1
-5.3490E-1 -5.4390E-1
-5.3480E-1 -5.5580E-1
-5.3470E-1 -5.4360E-1
-5.3460E-1 -5.5550E-1
-5.3450E-1 -5.4380E-1
-5.3440E-1 -5.5570E-1
-5.3430E-1 -5.4320E-1
-5.3420E-1 -5.5500E-1
-5.3410E-1 -5.4310E-1
-5.3400E-1 -5.5490E-1
-5.3390E-1 -5.4270E-1
-5.3380E-1 -5.5440E-1
-5.3370E-1 -5.4270E-1
-5.3360E-1 -5.5450E-1
-5.3350E-1 -5.4220E-1
-5.3340E-1 -5.5390E-1
-5.3330E-1 -5.4210E-1
-5.3320E-1 -5.5400E-1
-5.3310E-1 -5.4180E-1
-5.3300E-1 -5.5360E-1
-5.3290E-1 -5.4190E-1
-5.3280E-1 -5.5380E-1
-5.3270E-1 -5.4140E-1
-5.3260E-1 -5.5320E-1
-5.3250E-1 -5.4120E-1
-5.3240E-1 -5.5310E-1
-5.3230E-1 -5.4090E-1
-5.3220E-1 -5.5270E-1
-5.3210E-1 -5.4090E-1
-5.3200E-1 -5.5280E-1
-5.3190E-1 -5.4050E-1
-5.3180E-1 -5.5230E-1
-5.3170E-1 -5.4050E-1
-5.3160E-1 -5.5230E-1
-5.3150E-1 -5.4020E-1
-5.3140E-1 -5.5200E-1
-5.3130E-1 -5.4040E-1
-5.3120E-1 -5.5220E-1
-5.3110E-1 -5.3990E-1
-5.3100E-1 -5.5160E-1
-5.3090E-1 -5.3970E-1
-5.3080E-1 -5.5150E-1
-5.3070E-1 -5.3930E-1
-5.3060E-1 -5.5100E-1
-5.3050E-1 -5.3930E-1
-5.3040E-1 -5.5100E-1
-5.3030E-1 -5.3880E-1
-5.3020E-1 -5.5050E-1
-5.3010E-1 -5.3870E-1
-5.3000E-1 -5.5040E-1
-5.2990E-1 -5.3830E-1
-5.2980E-1 -5.5010E-1
-5.2970E-1 -5.3850E-1
-5.2960E-1 -5.5020E-1
-5.2950E-1 -5.3790E-1
-5.2940E-1 -5.4960E-1
-5.2930E-1 -5.3770E-1
-5.2920E-1 -5.4950E-1
-5.2910E-1 -5.3740E-1
-5.2900E-1 -5.4910E-1
-5.2890E-1 -5.3750E-1
-5.2880E-1 -5.4920E-1
-5.2870E-1 -5.3700E-1
-5.2860E-1 -5.4870E-1
-5.2850E-1 -5.3690E-1
-5.2840E-1 -5.4870E-1
-5.2830E-1 -5.3670E-1
-5.2820E-1 -5.4840E-1
-5.2810E-1 -5.3680E-1
-5.2800E-1 -5.4860E-1
-5.2790E-1 -5.3620E-1
-5.2780E-1 -5.4800E-1
-5.2770E-1 -5.3610E-1
-5.2760E-1 -5.4780E-1
-5.2750E-1 -5.3570E-1
-5.2740E-1 -5.4740E-1
-5.2730E-1 -5.3580E-1
-5.2720E-1 -5.4750E-1
-5.2710E-1 -5.3520E-1
-5.2700E-1 -5.4680E-1
-5.2690E-1 -5.3520E-1
-5.2680E-1 -5.4680E-1
-5.2670E-1 -5.3490E-1
-5.2660E-1 -5.4650E-1
-5.2650E-1 -5.3500E-1
-5.2640E-1 -5.4670E-1
-5.2630E-1 -5.3450E-1
-5.2620E-1 -5.4610E-1
-5.2610E-1 -5.3440E-1
-5.2600E-1 -5.4600E-1
-5.2590E-1 -5.3400E-1
-5.2580E-1 -5.4570E-1
-5.2570E-1 -5.3420E-1
-5.2560E-1 -5.4580E-1
-5.2550E-1 -5.3370E-1
-5.2540E-1 -5.4540E-1
-5.2530E-1 -5.3370E-1
-5.2520E-1 -5.4540E-1
-5.2510E-1 -5.3340E-1
-5.2500E-1 -5.4520E-1
-5.2490E-1 -5.3360E-1
-5.2480E-1 -5.4530E-1
-5.2470E-1 -5.3320E-1
-5.2460E-1 -5.4480E-1
-5.2450E-1 -5.3300E-1
-5.2440E-1 -5.4470E-1
-5.2430E-1 -5.3260E-1
-5.2420E-1 -5.4420E-1
-5.2410E-1 -5.3260E-1
-5.2400E-1 -5.4420E-1
-5.2390E-1 -5.3200E-1
-5.2380E-1 -5.4360E-1
-5.2370E-1 -5.3190E-1
-5.2360E-1 -5.4360E-1
-5.2350E-1 -5.3160E-1
-5.2340E-1 -5.4330E-1
-5.2330E-1 -5.3170E-1
-5.2320E-1 -5.4340E-1
-5.2310E-1 -5.3120E-1
-5.2300E-1 -5.4280E-1
-5.2290E-1 -5.3100E-1
-5.2280E-1 -5.4260E-1
-5.2270E-1 -5.3060E-1
-5.2260E-1 -5.4220E-1
-5.2250E-1 -5.3070E-1
-5.2240E-1 -5.4230E-1
-5.2230E-1 -5.3020E-1
-5.2220E-1 -5.4180E-1
-5.2210E-1 -5.3020E-1
-5.2200E-1 -5.4170E-1
-5.2190E-1 -5.2990E-1
-5.2180E-1 -5.4150E-1
-5.2170E-1 -5.3010E-1
-5.2160E-1 -5.4170E-1
-5.2150E-1 -5.2950E-1
-5.2140E-1 -5.4110E-1
-5.2130E-1 -5.2930E-1
-5.2120E-1 -5.4080E-1
-5.2110E-1 -5.2890E-1
-5.2100E-1 -5.4050E-1
-5.2090E-1 -5.2900E-1
-5.2080E-1 -5.4050E-1
-5.2070E-1 -5.2840E-1
-5.2060E-1 -5.4000E-1
-5.2050E-1 -5.2840E-1
-5.2040E-1 -5.4000E-1
-5.2030E-1 -5.2810E-1
-5.2020E-1 -5.3960E-1
-5.2010E-1 -5.2820E-1
-5.2000E-1 -5.3980E-1
-5.1990E-1 -5.2770E-1
-5.1980E-1 -5.3920E-1
-5.1970E-1 -5.2760E-1
-5.1960E-1 -5.3910E-1
-5.1950E-1 -5.2720E-1
-5.1940E-1 -5.3870E-1
-5.1930E-1 -5.2730E-1
-5.1920E-1 -5.3880E-1
-5.1910E-1 -5.2690E-1
-5.1900E-1 -5.3830E-1
-5.1890E-1 -5.2690E-1
-5.1880E-1 -5.3840E-1
-5.1870E-1 -5.2650E-1
-5.1860E-1 -5.3810E-1
-5.1850E-1 -5.2680E-1
-5.1840E-1 -5.3830E-1
-5.1830E-1 -5.2620E-1
-5.1820E-1 -5.3770E-1
-5.1810E-1 -5.2610E-1
-5.1800E-1 -5.3750E-1
-5.1790E-1 -5.2560E-1
-5.1780E-1 -5.3710E-1
-5.1770E-1 -5.2570E-1
-5.1760E-1 -5.3720E-1
-5.1750E-1 -5.2520E-1
-5.1740E-1 -5.3660E-1
-5.1730E-1 -5.2510E-1
-5.1720E-1 -5.3650E-1
-5.1710E-1 -5.2480E-1
-5.1700E-1 -5.3620E-1
-5.1690E-1 -5.2490E-1
-5.1680E-1 -5.3630E-1
-5.1670E-1 -5.2430E-1
-5.1660E-1 -5.3580E-1
-5.1650E-1 -5.2420E-1
-5.1640E-1 -5.3560E-1
-5.1630E-1 -5.2380E-1
-5.1620E-1 -5.3520E-1
-5.1610E-1 -5.2390E-1
-5.1600E-1 -5.3540E-1
-5.1590E-1 -5.2350E-1
-5.1580E-1 -5.3490E-1
-5.1570E-1 -5.2340E-1
-5.1560E-1 -5.3480E-1
-5.1550E-1 -5.2310E-1
-5.1540E-1 -5.3460E-1
-5.1530E-1 -5.2330E-1
-5.1520E-1 -5.3480E-1
-5.1510E-1 -5.2270E-1
-5.1500E-1 -5.3420E-1
-5.1490E-1 -5.2260E-1
-5.1480E-1 -5.3400E-1
-5.1470E-1 -5.2220E-1
-5.1460E-1 -5.3360E-1
-5.1450E-1 -5.2230E-1
-5.1440E-1 -5.3370E-1
-5.1430E-1 -5.2180E-1
-5.1420E-1 -5.3320E-1
-5.1410E-1 -5.2170E-1
-5.1400E-1 -5.3310E-1
-5.1390E-1 -5.2140E-1
-5.1380E-1 -5.3280E-1
-5.1370E-1 -5.2160E-1
-5.1360E-1 -5.3300E-1
-5.1350E-1 -5.2100E-1
-5.1340E-1 -5.3240E-1
-5.1330E-1 -5.2090E-1
-5.1320E-1 -5.3230E-1
-5.1310E-1 -5.2060E-1
-5.1300E-1 -5.3200E-1
-5.1290E-1 -5.2070E-1
-5.1280E-1 -5.3210E-1
-5.1270E-1 -5.2020E-1
-5.1260E-1 -5.3160E-1
-5.1250E-1 -5.2030E-1
-5.1240E-1 -5.3160E-1
-5.1230E-1 -5.2000E-1
-5.1220E-1 -5.3140E-1
-5.1210E-1 -5.2020E-1
-5.1200E-1 -5.3160E-1
-5.1190E-1 -5.2130E-1
-5.1180E-1 -5.3270E-1
-5.1170E-1 -5.2110E-1
-5.1160E-1 -5.3250E-1
-5.1150E-1 -5.2070E-1
-5.1140E-1 -5.3210E-1
-5.1130E-1 -5.2060E-1
-5.1120E-1 -5.3210E-1
-5.1110E-1 -5.2020E-1
-5.1100E-1 -5.3150E-1
-5.1090E-1 -5.2000E-1
-5.1080E-1 -5.3140E-1
-5.1070E-1 -5.1970E-1
-5.1060E-1 -5.3110E-1
-5.1050E-1 -5.1980E-1
-5.1040E-1 -5.3120E-1
-5.1030E-1 -5.1920E-1
-5.1020E-1 -5.3060E-1
-5.1010E-1 -5.1910E-1
-5.1000E-1 -5.3050E-1
-5.0990E-1 -5.1870E-1
-5.0980E-1 -5.3000E-1
-5.0970E-1 -5.1870E-1
-5.0960E-1 -5.3010E-1
-5.0950E-1 -5.1830E-1
-5.0940E-1 -5.2960E-1
-5.0930E-1 -5.1820E-1
-5.0920E-1 -5.2960E-1
-5.0910E-1 -5.1790E-1
-5.0900E-1 -5.2930E-1
-5.0890E-1 -5.1810E-1
-5.0880E-1 -5.2940E-1
-5.0870E-1 -5.1750E-1
-5.0860E-1 -5.2880E-1
-5.0850E-1 -5.1730E-1
-5.0840E-1 -5.2860E-1
-5.0830E-1 -5.1690E-1
-5.0820E-1 -5.2820E-1
-5.0810E-1 -5.1690E-1
-5.0800E-1 -5.2820E-1
-5.0790E-1 -5.1640E-1
-5.0780E-1 -5.2770E-1
-5.0770E-1 -5.1630E-1
-5.0760E-1 -5.2770E-1
-5.0750E-1 -5.1610E-1
-5.0740E-1 -5.2740E-1
-5.0730E-1 -5.1620E-1
-5.0720E-1 -5.2750E-1
-5.0710E-1 -5.1560E-1
-5.0700E-1 -5.2690E-1
-5.0690E-1 -5.1550E-1
-5.0680E-1 -2.6010E-1
-5.0670E-1 -5.1520E-1
-5.0660E-1 -5.2640E-1
-5.0650E-1 -5.1520E-1
-5.0640E-1 -5.2650E-1
-5.0630E-1 -5.1470E-1
-5.0620E-1 -5.2600E-1
-5.0610E-1 -5.1470E-1
-5.0600E-1 -5.2600E-1
-5.0590E-1 -5.1440E-1
-5.0580E-1 -5.2570E-1
-5.0570E-1 -5.1460E-1
-5.0560E-1 -5.2600E-1
-5.0550E-1 -5.1410E-1
-5.0540E-1 -5.2530E-1
-5.0530E-1 -5.1390E-1
-5.0520E-1 -5.2520E-1
-5.0510E-1 -5.1350E-1
-5.0500E-1 -5.2470E-1
-5.0490E-1 -5.1350E-1
-5.0480E-1 -5.2480E-1
-5.0470E-1 -5.1300E-1
-5.0460E-1 -5.2420E-1
-5.0450E-1 -5.1290E-1
-5.0440E-1 -5.2410E-1
-5.0430E-1 -5.1260E-1
-5.0420E-1 -5.2380E-1
-5.0410E-1 -5.1270E-1
-5.0400E-1 -5.2390E-1
-5.0390E-1 -5.1210E-1
-5.0380E-1 -5.2330E-1
-5.0370E-1 -5.1200E-1
-5.0360E-1 -5.2320E-1
-5.0350E-1 -5.1160E-1
-5.0340E-1 -5.2280E-1
-5.0330E-1 -5.1170E-1
-5.0320E-1 -5.2290E-1
-5.0310E-1 -5.1120E-1
-5.0300E-1 -5.2240E-1
-5.0290E-1 -5.1120E-1
-5.0280E-1 -5.2240E-1
-5.0270E-1 -5.1090E-1
-5.0260E-1 -5.2210E-1
-5.0250E-1 -5.1110E-1
-5.0240E-1 -5.2230E-1
-5.0230E-1 -5.1050E-1
-5.0220E-1 -5.2170E-1
-5.0210E-1 -5.1030E-1
-5.0200E-1 -5.2150E-1
-5.0190E-1 -5.0990E-1
-5.0180E-1 -5.2110E-1
-5.0170E-1 -5.1000E-1
-5.0160E-1 -5.2120E-1
-5.0150E-1 -5.0950E-1
-5.0140E-1 -5.2060E-1
-5.0130E-1 -5.0940E-1
-5.0120E-1 -5.2060E-1
-5.0110E-1 -5.0910E-1
-5.0100E-1 -5.2030E-1
-5.0090E-1 -5.0920E-1
-5.0080E-1 -5.2040E-1
-5.0070E-1 -5.0870E-1
-5.0060E-1 -5.1990E-1
-5.0050E-1 -5.0860E-1
-5.0040E-1 -5.1980E-1
-5.0030E-1 -5.0830E-1
-5.0020E-1 -5.1940E-1
-5.0010E-1 -5.0830E-1
-5.0000E-1 -5.1950E-1
-4.9990E-1 -5.0790E-1
-4.9980E-1 -5.1910E-1
-4.9970E-1 -5.0790E-1
-4.9960E-1 -5.1900E-1
-4.9950E-1 -5.0770E-1
-4.9940E-1 -5.1880E-1
-4.9930E-1 -5.0780E-1
-4.9920E-1 -5.1900E-1
-4.9910E-1 -5.0740E-1
-4.9900E-1 -5.1850E-1
-4.9890E-1 -5.0720E-1
-4.9880E-1 -5.1830E-1
-4.9870E-1 -5.0680E-1
-4.9860E-1 -5.1790E-1
-4.9850E-1 -5.0680E-1
-4.9840E-1 -5.1790E-1
-4.9830E-1 -5.0630E-1
-4.9820E-1 -5.1730E-1
-4.9810E-1 -5.0610E-1
-4.9800E-1 -5.1720E-1
-4.9790E-1 -5.0580E-1
-4.9780E-1 -5.1690E-1
-4.9770E-1 -5.0600E-1
-4.9760E-1 -5.1700E-1
-4.9750E-1 -5.0540E-1
-4.9740E-1 -5.1640E-1
-4.9730E-1 -5.0520E-1
-4.9720E-1 -5.1630E-1
-4.9710E-1 -5.0480E-1
-4.9700E-1 -5.1590E-1
-4.9690E-1 -5.0490E-1
-4.9680E-1 -5.1590E-1
-4.9670E-1 -5.0440E-1
-4.9660E-1 -5.1540E-1
-4.9650E-1 -5.0430E-1
-4.9640E-1 -5.1540E-1
-4.9630E-1 -5.0410E-1
-4.9620E-1 -5.1510E-1
-4.9610E-1 -5.0420E-1
-4.9600E-1 -5.1530E-1
-4.9590E-1 -5.0370E-1
-4.9580E-1 -5.1470E-1
-4.9570E-1 -5.0350E-1
-4.9560E-1 -5.1450E-1
-4.9550E-1 -5.0310E-1
-4.9540E-1 -5.1410E-1
-4.9530E-1 -5.0310E-1
-4.9520E-1 -5.1420E-1
-4.9510E-1 -5.0260E-1
-4.9500E-1 -5.1370E-1
-4.9490E-1 -5.0260E-1
-4.9480E-1 -5.1360E-1
-4.9470E-1 -5.0230E-1
-4.9460E-1 -5.1330E-1
-4.9450E-1 -5.0240E-1
-4.9440E-1 -5.1340E-1
-4.9430E-1 -5.0180E-1
-4.9420E-1 -5.1280E-1
-4.9410E-1 -5.0170E-1
-4.9400E-1 -5.1270E-1
-4.9390E-1 -5.0140E-1
-4.9380E-1 -5.1230E-1
-4.9370E-1 -5.0150E-1
-4.9360E-1 -5.1250E-1
-4.9350E-1 -5.0100E-1
-4.9340E-1 -5.1200E-1
-4.9330E-1 -5.0100E-1
-4.9320E-1 -5.1200E-1
-4.9310E-1 -5.0080E-1
-4.9300E-1 -5.1170E-1
-4.9290E-1 -5.0090E-1
-4.9280E-1 -5.1190E-1
-4.9270E-1 -5.0040E-1
-4.9260E-1 -5.1130E-1
-4.9250E-1 -5.0020E-1
-4.9240E-1 -5.1120E-1
-4.9230E-1 -4.9980E-1
-4.9220E-1 -5.1080E-1
-4.9210E-1 -4.9980E-1
-4.9200E-1 -5.1080E-1
-4.9190E-1 -4.9930E-1
-4.9180E-1 -5.1030E-1
-4.9170E-1 -4.9920E-1
-4.9160E-1 -5.1010E-1
-4.9150E-1 -4.9890E-1
-4.9140E-1 -5.0980E-1
-4.9130E-1 -4.9900E-1
-4.9120E-1 -5.1000E-1
-4.9110E-1 -4.9850E-1
-4.9100E-1 -5.0940E-1
-4.9090E-1 -4.9830E-1
-4.9080E-1 -5.0920E-1
-4.9070E-1 -4.9800E-1
-4.9060E-1 -5.0890E-1
-4.9050E-1 -4.9810E-1
-4.9040E-1 -5.0900E-1
-4.9030E-1 -4.9750E-1
-4.9020E-1 -5.0850E-1
-4.9010E-1 -4.9750E-1
-4.9000E-1 -5.0850E-1
-4.8990E-1 -4.9730E-1
-4.8980E-1 -5.0820E-1
-4.8970E-1 -4.9740E-1
-4.8960E-1 -5.0840E-1
-4.8950E-1 -4.9680E-1
-4.8940E-1 -5.0780E-1
-4.8930E-1 -4.9670E-1
-4.8920E-1 -5.0760E-1
-4.8910E-1 -4.9630E-1
-4.8900E-1 -5.0730E-1
-4.8890E-1 -4.9640E-1
-4.8880E-1 -5.0720E-1
-4.8870E-1 -4.9590E-1
-4.8860E-1 -5.0680E-1
-4.8850E-1 -4.9580E-1
-4.8840E-1 -5.0670E-1
-4.8830E-1 -4.9560E-1
-4.8820E-1 -5.0640E-1
-4.8810E-1 -4.9570E-1
-4.8800E-1 -5.0660E-1
-4.8790E-1 -4.9510E-1
-4.8780E-1 -5.0600E-1
-4.8770E-1 -4.9510E-1
-4.8760E-1 -5.0590E-1
-4.8750E-1 -4.9470E-1
-4.8740E-1 -5.0550E-1
-4.8730E-1 -4.9480E-1
-4.8720E-1 -5.0570E-1
-4.8710E-1 -4.9440E-1
-4.8700E-1 -5.0520E-1
-4.8690E-1 -4.9440E-1
-4.8680E-1 -5.0520E-1
-4.8670E-1 -4.9410E-1
-4.8660E-1 -5.0500E-1
-4.8650E-1 -4.9430E-1
-4.8640E-1 -5.0520E-1
-4.8630E-1 -4.9460E-1
-4.8620E-1 -5.0550E-1
-4.8610E-1 -4.9440E-1
-4.8600E-1 -5.0530E-1
-4.8590E-1 -4.9400E-1
-4.8580E-1 -5.0490E-1
-4.8570E-1 -4.9400E-1
-4.8560E-1 -5.0490E-1
-4.8550E-1 -4.9340E-1
-4.8540E-1 -5.0440E-1
-4.8530E-1 -4.9340E-1
-4.8520E-1 -5.0420E-1
-4.8510E-1 -4.9300E-1
-4.8500E-1 -5.0390E-1
-4.8490E-1 -4.9310E-1
-4.8480E-1 -5.0400E-1
-4.8470E-1 -4.9250E-1
-4.8460E-1 -5.0340E-1
-4.8450E-1 -4.9240E-1
-4.8440E-1 -5.0320E-1
-4.8430E-1 -4.9200E-1
-4.8420E-1 -5.0290E-1
-4.8410E-1 -4.9210E-1
-4.8400E-1 -5.0290E-1
-4.8390E-1 -4.9150E-1
-4.8380E-1 -5.0240E-1
-4.8370E-1 -4.9150E-1
-4.8360E-1 -5.0240E-1
-4.8350E-1 -4.9120E-1
-4.8340E-1 -5.0200E-1
-4.8330E-1 -4.9130E-1
-4.8320E-1 -5.0220E-1
-4.8310E-1 -4.9080E-1
-4.8300E-1 -5.0160E-1
-4.8290E-1 -4.9070E-1
-4.8280E-1 -5.0150E-1
-4.8270E-1 -4.9020E-1
-4.8260E-1 -5.0100E-1
-4.8250E-1 -4.9020E-1
-4.8240E-1 -5.0110E-1
-4.8230E-1 -4.8970E-1
-4.8220E-1 -5.0050E-1
-4.8210E-1 -4.8970E-1
-4.8200E-1 -5.0050E-1
-4.8190E-1 -4.8930E-1
-4.8180E-1 -5.0020E-1
-4.8170E-1 -4.8950E-1
-4.8160E-1 -5.0030E-1
-4.8150E-1 -4.8890E-1
-4.8140E-1 -4.9970E-1
-4.8130E-1 -4.8880E-1
-4.8120E-1 -4.9960E-1
-4.8110E-1 -4.8840E-1
-4.8100E-1 -4.9920E-1
-4.8090E-1 -4.8850E-1
-4.8080E-1 -4.9930E-1
-4.8070E-1 -4.8810E-1
-4.8060E-1 -4.9880E-1
-4.8050E-1 -4.8800E-1
-4.8040E-1 -4.9880E-1
-4.8030E-1 -4.8770E-1
-4.8020E-1 -4.9850E-1
-4.8010E-1 -4.8790E-1
-4.8000E-1 -4.9870E-1
-4.7990E-1 -4.8740E-1
-4.7980E-1 -4.9820E-1
-4.7970E-1 -4.8720E-1
-4.7960E-1 -4.9800E-1
-4.7950E-1 -4.8670E-1
-4.7940E-1 -4.9750E-1
-4.7930E-1 -4.8680E-1
-4.7920E-1 -4.9760E-1
-4.7910E-1 -4.8620E-1
-4.7900E-1 -4.9700E-1
-4.7890E-1 -4.8610E-1
-4.7880E-1 -4.9690E-1
-4.7870E-1 -4.8590E-1
-4.7860E-1 -4.9660E-1
-4.7850E-1 -4.8600E-1
-4.7840E-1 -4.9670E-1
-4.7830E-1 -4.8540E-1
-4.7820E-1 -4.9620E-1
-4.7810E-1 -4.8530E-1
-4.7800E-1 -4.9600E-1
-4.7790E-1 -4.8490E-1
-4.7780E-1 -4.9560E-1
-4.7770E-1 -4.8490E-1
-4.7760E-1 -4.9560E-1
-4.7750E-1 -4.8450E-1
-4.7740E-1 -4.9520E-1
-4.7730E-1 -4.8450E-1
-4.7720E-1 -4.9510E-1
-4.7710E-1 -4.8410E-1
-4.7700E-1 -4.9490E-1
-4.7690E-1 -4.8430E-1
-4.7680E-1 -4.9500E-1
-4.7670E-1 -4.8380E-1
-4.7660E-1 -4.9450E-1
-4.7650E-1 -4.8360E-1
-4.7640E-1 -4.9430E-1
-4.7630E-1 -4.8320E-1
-4.7620E-1 -4.9390E-1
-4.7610E-1 -4.8320E-1
-4.7600E-1 -4.9400E-1
-4.7590E-1 -4.8280E-1
-4.7580E-1 -4.9350E-1
-4.7570E-1 -4.8270E-1
-4.7560E-1 -4.9340E-1
-4.7550E-1 -4.8240E-1
-4.7540E-1 -4.9310E-1
-4.7530E-1 -4.8250E-1
-4.7520E-1 -4.9320E-1
-4.7510E-1 -4.8200E-1
-4.7500E-1 -4.9260E-1
-4.7490E-1 -4.8180E-1
-4.7480E-1 -4.9250E-1
-4.7470E-1 -4.8150E-1
-4.7460E-1 -4.9220E-1
-4.7450E-1 -4.8160E-1
-4.7440E-1 -4.9230E-1
-4.7430E-1 -4.8110E-1
-4.7420E-1 -4.9180E-1
-4.7410E-1 -4.8110E-1
-4.7400E-1 -4.9180E-1
-4.7390E-1 -4.8090E-1
-4.7380E-1 -4.9160E-1
-4.7370E-1 -4.8100E-1
-4.7360E-1 -4.9170E-1
-4.7350E-1 -4.8060E-1
-4.7340E-1 -4.9130E-1
-4.7330E-1 -4.8040E-1
-4.7320E-1 -4.9110E-1
-4.7310E-1 -4.8000E-1
-4.7300E-1 -4.9070E-1
-4.7290E-1 -4.8000E-1
-4.7280E-1 -4.9060E-1
-4.7270E-1 -4.7940E-1
-4.7260E-1 -4.9010E-1
-4.7250E-1 -4.7930E-1
-4.7240E-1 -4.9000E-1
-4.7230E-1 -4.7900E-1
-4.7220E-1 -4.8960E-1
-4.7210E-1 -4.7910E-1
-4.7200E-1 -4.8980E-1
-4.7190E-1 -4.7850E-1
-4.7180E-1 -4.8920E-1
-4.7170E-1 -4.7830E-1
-4.7160E-1 -4.8900E-1
-4.7150E-1 -4.7800E-1
-4.7140E-1 -4.8860E-1
-4.7130E-1 -4.7800E-1
-4.7120E-1 -4.8870E-1
-4.7110E-1 -4.7750E-1
-4.7100E-1 -4.8810E-1
-4.7090E-1 -4.7750E-1
-4.7080E-1 -4.8810E-1
-4.7070E-1 -4.7710E-1
-4.7060E-1 -4.8780E-1
-4.7050E-1 -4.7720E-1
-4.7040E-1 -4.8790E-1
-4.7030E-1 -4.7670E-1
-4.7020E-1 -4.8730E-1
-4.7010E-1 -4.7640E-1
-4.7000E-1 -4.8710E-1
