-4.2160E-1 -4.3530E-1
-4.2150E-1 -4.2540E-1
-4.2140E-1 -4.3480E-1
-4.2130E-1 -4.2530E-1
-4.2120E-1 -4.3470E-1
-4.2110E-1 -4.2500E-1
-4.2100E-1 -4.3440E-1
-4.2090E-1 -4.2510E-1
-4.2080E-1 -4.3450E-1
-4.2070E-1 -4.2460E-1
-4.2060E-1 -4.3390E-1
-4.2050E-1 -4.2440E-1
-4.2040E-1 -4.3380E-1
-4.2030E-1 -4.2410E-1
-4.2020E-1 -4.3340E-1
-4.2010E-1 -4.2400E-1
-4.2000E-1 -4.3340E-1
-4.1990E-1 -4.2360E-1
-4.1980E-1 -4.3300E-1
-4.1970E-1 -4.2350E-1
-4.1960E-1 -4.3290E-1
-4.1950E-1 -4.2330E-1
-4.1940E-1 -4.3270E-1
-4.1930E-1 -4.2340E-1
-4.1920E-1 -4.3270E-1
-4.1910E-1 -4.2290E-1
-4.1900E-1 -4.3220E-1
-4.1890E-1 -4.2270E-1
-4.1880E-1 -4.3210E-1
-4.1870E-1 -4.2240E-1
-4.1860E-1 -4.3160E-1
-4.1850E-1 -4.2230E-1
-4.1840E-1 -4.3170E-1
-4.1830E-1 -4.2180E-1
-4.1820E-1 -4.3120E-1
-4.1810E-1 -4.2180E-1
-4.1800E-1 -4.3110E-1
-4.1790E-1 -4.2150E-1
-4.1780E-1 -4.3080E-1
-4.1770E-1 -4.2160E-1
-4.1760E-1 -4.3090E-1
-4.1750E-1 -4.2110E-1
-4.1740E-1 -4.3040E-1
-4.1730E-1 -4.2090E-1
-4.1720E-1 -4.3020E-1
-4.1710E-1 -4.2060E-1
-4.1700E-1 -4.2990E-1
-4.1690E-1 -4.2070E-1
-4.1680E-1 -4.3000E-1
-4.1670E-1 -4.2020E-1
-4.1660E-1 -4.2950E-1
-4.1650E-1 -4.2020E-1
-4.1640E-1 -4.2950E-1
-4.1630E-1 -4.1990E-1
-4.1620E-1 -4.2920E-1
-4.1610E-1 -4.2000E-1
-4.1600E-1 -4.2930E-1
-4.1590E-1 -4.1960E-1
-4.1580E-1 -4.2890E-1
-4.1570E-1 -4.1940E-1
-4.1560E-1 -4.2870E-1
-4.1550E-1 -4.1900E-1
-4.1540E-1 -4.2830E-1
-4.1530E-1 -4.1900E-1
-4.1520E-1 -4.2830E-1
-4.1510E-1 -4.1850E-1
-4.1500E-1 -4.2780E-1
-4.1490E-1 -4.1840E-1
-4.1480E-1 -4.2770E-1
-4.1470E-1 -4.1810E-1
-4.1460E-1 -4.2740E-1
-4.1450E-1 -4.1820E-1
-4.1440E-1 -4.2750E-1
-4.1430E-1 -4.1770E-1
-4.1420E-1 -4.2690E-1
-4.1410E-1 -4.1760E-1
-4.1400E-1 -4.2680E-1
-4.1390E-1 -4.1730E-1
-4.1380E-1 -4.2650E-1
-4.1370E-1 -4.1730E-1
-4.1360E-1 -4.2650E-1
-4.1350E-1 -4.1680E-1
-4.1340E-1 -4.2600E-1
-4.1330E-1 -4.1680E-1
-4.1320E-1 -4.2600E-1
-4.1310E-1 -4.1650E-1
-4.1300E-1 -4.2570E-1
-4.1290E-1 -4.1660E-1
-4.1280E-1 -4.2580E-1
-4.1270E-1 -4.1610E-1
-4.1260E-1 -4.2530E-1
-4.1250E-1 -4.1590E-1
-4.1240E-1 -4.2510E-1
-4.1230E-1 -4.1560E-1
-4.1220E-1 -4.2480E-1
-4.1210E-1 -4.1560E-1
-4.1200E-1 -4.2480E-1
-4.1190E-1 -4.1520E-1
-4.1180E-1 -4.2430E-1
-4.1170E-1 -4.1510E-1
-4.1160E-1 -4.2430E-1
-4.1150E-1 -4.1480E-1
-4.1140E-1 -4.2400E-1
-4.1130E-1 -4.1490E-1
-4.1120E-1 -4.2410E-1
-4.1110E-1 -4.1440E-1
-4.1100E-1 -4.2360E-1
-4.1090E-1 -4.1430E-1
-4.1080E-1 -4.2340E-1
-4.1070E-1 -4.1400E-1
-4.1060E-1 -4.2310E-1
-4.1050E-1 -4.1400E-1
-4.1040E-1 -4.2320E-1
-4.1030E-1 -4.1360E-1
-4.1020E-1 -4.2280E-1
-4.1010E-1 -4.1350E-1
-4.1000E-1 -4.2270E-1
-4.0990E-1 -4.1330E-1
-4.0980E-1 -4.2250E-1
-4.0970E-1 -4.1340E-1
-4.0960E-1 -4.2260E-1
-4.0950E-1 -4.1950E-1
-4.0940E-1 -4.2880E-1
-4.0930E-1 -4.1940E-1
-4.0920E-1 -4.2860E-1
-4.0910E-1 -4.1890E-1
-4.0900E-1 -4.2820E-1
-4.0890E-1 -4.1890E-1
-4.0880E-1 -4.2810E-1
-4.0870E-1 -4.1850E-1
-4.0860E-1 -4.2760E-1
-4.0850E-1 -4.1830E-1
-4.0840E-1 -4.2750E-1
-4.0830E-1 -4.1800E-1
-4.0820E-1 -4.2720E-1
-4.0810E-1 -4.1800E-1
-4.0800E-1 -4.2730E-1
-4.0790E-1 -4.1760E-1
-4.0780E-1 -4.2670E-1
-4.0770E-1 -4.1740E-1
-4.0760E-1 -4.2650E-1
-4.0750E-1 -4.1710E-1
-4.0740E-1 -4.2620E-1
-4.0730E-1 -4.1700E-1
-4.0720E-1 -4.2620E-1
-4.0710E-1 -4.1660E-1
-4.0700E-1 -4.2570E-1
-4.0690E-1 -4.1650E-1
-4.0680E-1 -4.2560E-1
-4.0670E-1 -4.1630E-1
-4.0660E-1 -4.2540E-1
-4.0650E-1 -4.1630E-1
-4.0640E-1 -4.2550E-1
-4.0630E-1 -4.1580E-1
-4.0620E-1 -4.2490E-1
-4.0610E-1 -4.1570E-1
-4.0600E-1 -4.2480E-1
-4.0590E-1 -4.1520E-1
-4.0580E-1 -4.2440E-1
-4.0570E-1 -4.1530E-1
-4.0560E-1 -4.2440E-1
-4.0550E-1 -4.1480E-1
-4.0540E-1 -4.2390E-1
-4.0530E-1 -4.1470E-1
-4.0520E-1 -4.2380E-1
-4.0510E-1 -4.1440E-1
-4.0500E-1 -4.2350E-1
-4.0490E-1 -4.1450E-1
-4.0480E-1 -4.2360E-1
-4.0470E-1 -4.1400E-1
-4.0460E-1 -4.2310E-1
-4.0450E-1 -4.1380E-1
-4.0440E-1 -4.2300E-1
-4.0430E-1 -4.1350E-1
-4.0420E-1 -4.2260E-1
-4.0410E-1 -4.1360E-1
-4.0400E-1 -4.2260E-1
-4.0390E-1 -4.1310E-1
-4.0380E-1 -4.2220E-1
-4.0370E-1 -4.1310E-1
-4.0360E-1 -4.2210E-1
-4.0350E-1 -4.1280E-1
-4.0340E-1 -4.2180E-1
-4.0330E-1 -4.1290E-1
-4.0320E-1 -4.2200E-1
-4.0310E-1 -4.1240E-1
-4.0300E-1 -4.2150E-1
-4.0290E-1 -4.1220E-1
-4.0280E-1 -4.2130E-1
-4.0270E-1 -4.1190E-1
-4.0260E-1 -4.2090E-1
-4.0250E-1 -4.1190E-1
-4.0240E-1 -4.2090E-1
-4.0230E-1 -4.1140E-1
-4.0220E-1 -4.2040E-1
-4.0210E-1 -4.1130E-1
-4.0200E-1 -4.2030E-1
-4.0190E-1 -4.1100E-1
-4.0180E-1 -4.2000E-1
-4.0170E-1 -4.1100E-1
-4.0160E-1 -4.2010E-1
-4.0150E-1 -4.1050E-1
-4.0140E-1 -4.1950E-1
-4.0130E-1 -4.1030E-1
-4.0120E-1 -4.1940E-1
-4.0110E-1 -4.1010E-1
-4.0100E-1 -4.1900E-1
-4.0090E-1 -4.1000E-1
-4.0080E-1 -4.1900E-1
-4.0070E-1 -4.0960E-1
-4.0060E-1 -4.1860E-1
-4.0050E-1 -4.0960E-1
-4.0040E-1 -4.1860E-1
-4.0030E-1 -4.0930E-1
-4.0020E-1 -4.1830E-1
-4.0010E-1 -4.0940E-1
-4.0000E-1 -4.1840E-1
-3.9990E-1 -4.0890E-1
-3.9980E-1 -4.1780E-1
-3.9970E-1 -4.0870E-1
-3.9960E-1 -4.1770E-1
-3.9950E-1 -4.0840E-1
-3.9940E-1 -4.1730E-1
-3.9930E-1 -4.0830E-1
-3.9920E-1 -4.1730E-1
-3.9910E-1 -4.0790E-1
-3.9900E-1 -4.1690E-1
-3.9890E-1 -4.0780E-1
-3.9880E-1 -4.1670E-1
-3.9870E-1 -4.0750E-1
-3.9860E-1 -4.1650E-1
-3.9850E-1 -4.0760E-1
-3.9840E-1 -4.1650E-1
-3.9830E-1 -4.0710E-1
-3.9820E-1 -4.1610E-1
-3.9810E-1 -4.0700E-1
-3.9800E-1 -4.1590E-1
-3.9790E-1 -4.0670E-1
-3.9780E-1 -4.1560E-1
-3.9770E-1 -4.0670E-1
-3.9760E-1 -4.1570E-1
-3.9750E-1 -4.0630E-1
-3.9740E-1 -4.1520E-1
-3.9730E-1 -4.0630E-1
-3.9720E-1 -4.1520E-1
-3.9710E-1 -4.0600E-1
-3.9700E-1 -4.1490E-1
-3.9690E-1 -4.0610E-1
-3.9680E-1 -4.1500E-1
-3.9670E-1 -4.0580E-1
-3.9660E-1 -4.1460E-1
-3.9650E-1 -4.0550E-1
-3.9640E-1 -4.1450E-1
-3.9630E-1 -4.0520E-1
-3.9620E-1 -4.1410E-1
-3.9610E-1 -4.0510E-1
-3.9600E-1 -4.1400E-1
-3.9590E-1 -4.0460E-1
-3.9580E-1 -4.1350E-1
-3.9570E-1 -4.0450E-1
-3.9560E-1 -4.1340E-1
-3.9550E-1 -4.0420E-1
-3.9540E-1 -4.1310E-1
-3.9530E-1 -4.0430E-1
-3.9520E-1 -4.1320E-1
-3.9510E-1 -4.0380E-1
-3.9500E-1 -4.1270E-1
-3.9490E-1 -4.0360E-1
-3.9480E-1 -4.1250E-1
-3.9470E-1 -4.0330E-1
-3.9460E-1 -4.1210E-1
-3.9450E-1 -4.0330E-1
-3.9440E-1 -4.1210E-1
-3.9430E-1 -4.0280E-1
-3.9420E-1 -4.1170E-1
-3.9410E-1 -4.0280E-1
-3.9400E-1 -4.1160E-1
-3.9390E-1 -4.0250E-1
-3.9380E-1 -4.1140E-1
-3.9370E-1 -4.0260E-1
-3.9360E-1 -4.1140E-1
-3.9350E-1 -4.0210E-1
-3.9340E-1 -4.1100E-1
-3.9330E-1 -4.0190E-1
-3.9320E-1 -4.1080E-1
-3.9310E-1 -4.0160E-1
-3.9300E-1 -4.1040E-1
-3.9290E-1 -4.0160E-1
-3.9280E-1 -4.1040E-1
-3.9270E-1 -4.0110E-1
-3.9260E-1 -4.0990E-1
-3.9250E-1 -4.0100E-1
-3.9240E-1 -4.0990E-1
-3.9230E-1 -4.0080E-1
-3.9220E-1 -4.0950E-1
-3.9210E-1 -4.0080E-1
-3.9200E-1 -4.0960E-1
-3.9190E-1 -4.0030E-1
-3.9180E-1 -4.0910E-1
-3.9170E-1 -4.0020E-1
-3.9160E-1 -4.0900E-1
-3.9150E-1 -3.9990E-1
-3.9140E-1 -4.0860E-1
-3.9130E-1 -3.9990E-1
-3.9120E-1 -4.0870E-1
-3.9110E-1 -3.9950E-1
-3.9100E-1 -4.0830E-1
-3.9090E-1 -3.9950E-1
-3.9080E-1 -4.0820E-1
-3.9070E-1 -3.9920E-1
-3.9060E-1 -4.0800E-1
-3.9050E-1 -3.9930E-1
-3.9040E-1 -4.0800E-1
-3.9030E-1 -3.9880E-1
-3.9020E-1 -4.0760E-1
-3.9010E-1 -3.9860E-1
-3.9000E-1 -4.0740E-1
-3.8990E-1 -3.9830E-1
-3.8980E-1 -4.0700E-1
-3.8970E-1 -3.9830E-1
-3.8960E-1 -4.0700E-1
-3.8950E-1 -3.9780E-1
-3.8940E-1 -4.0650E-1
-3.8930E-1 -3.9770E-1
-3.8920E-1 -4.0650E-1
-3.8910E-1 -3.9740E-1
-3.8900E-1 -4.0610E-1
-3.8890E-1 -3.9740E-1
-3.8880E-1 -4.0620E-1
-3.8870E-1 -3.9690E-1
-3.8860E-1 -4.0560E-1
-3.8850E-1 -3.9680E-1
-3.8840E-1 -4.0550E-1
-3.8830E-1 -3.9650E-1
-3.8820E-1 -4.0520E-1
-3.8810E-1 -3.9650E-1
-3.8800E-1 -4.0520E-1
-3.8790E-1 -3.9600E-1
-3.8780E-1 -4.0480E-1
-3.8770E-1 -3.9600E-1
-3.8760E-1 -4.0470E-1
-3.8750E-1 -3.9570E-1
-3.8740E-1 -4.0450E-1
-3.8730E-1 -3.9580E-1
-3.8720E-1 -4.0460E-1
-3.8710E-1 -3.9530E-1
-3.8700E-1 -4.0400E-1
-3.8690E-1 -3.9520E-1
-3.8680E-1 -4.0390E-1
-3.8670E-1 -3.9490E-1
-3.8660E-1 -4.0350E-1
-3.8650E-1 -3.9480E-1
-3.8640E-1 -4.0350E-1
-3.8630E-1 -3.9440E-1
-3.8620E-1 -4.0310E-1
-3.8610E-1 -3.9430E-1
-3.8600E-1 -4.0300E-1
-3.8590E-1 -3.9400E-1
-3.8580E-1 -4.0270E-1
-3.8570E-1 -3.9410E-1
-3.8560E-1 -4.0270E-1
-3.8550E-1 -3.9360E-1
-3.8540E-1 -4.0230E-1
-3.8530E-1 -3.9350E-1
-3.8520E-1 -4.0220E-1
-3.8510E-1 -3.9320E-1
-3.8500E-1 -4.0190E-1
-3.8490E-1 -3.9320E-1
-3.8480E-1 -4.0190E-1
-3.8470E-1 -3.9280E-1
-3.8460E-1 -4.0150E-1
-3.8450E-1 -3.9280E-1
-3.8440E-1 -4.0140E-1
-3.8430E-1 -3.9250E-1
-3.8420E-1 -4.0120E-1
-3.8410E-1 -3.9260E-1
-3.8400E-1 -4.0130E-1
-3.8390E-1 -3.9310E-1
-3.8380E-1 -4.0180E-1
-3.8370E-1 -3.9290E-1
-3.8360E-1 -4.0160E-1
-3.8350E-1 -3.9260E-1
-3.8340E-1 -4.0120E-1
-3.8330E-1 -3.9250E-1
-3.8320E-1 -4.0120E-1
-3.8310E-1 -3.9200E-1
-3.8300E-1 -4.0070E-1
-3.8290E-1 -3.9190E-1
-3.8280E-1 -4.0060E-1
-3.8270E-1 -3.9160E-1
-3.8260E-1 -4.0030E-1
-3.8250E-1 -3.9160E-1
-3.8240E-1 -4.0030E-1
-3.8230E-1 -3.9110E-1
-3.8220E-1 -3.9980E-1
-3.8210E-1 -3.9100E-1
-3.8200E-1 -3.9970E-1
-3.8190E-1 -3.9070E-1
-3.8180E-1 -3.9930E-1
-3.8170E-1 -3.9060E-1
-3.8160E-1 -3.9930E-1
-3.8150E-1 -3.9020E-1
-3.8140E-1 -3.9880E-1
-3.8130E-1 -3.9010E-1
-3.8120E-1 -3.9880E-1
-3.8110E-1 -3.8990E-1
-3.8100E-1 -3.9850E-1
-3.8090E-1 -3.8990E-1
-3.8080E-1 -3.9850E-1
-3.8070E-1 -3.8940E-1
-3.8060E-1 -3.9800E-1
-3.8050E-1 -3.8930E-1
-3.8040E-1 -3.9790E-1
-3.8030E-1 -3.8890E-1
-3.8020E-1 -3.9750E-1
-3.8010E-1 -3.8890E-1
-3.8000E-1 -3.9750E-1
-3.7990E-1 -3.8840E-1
-3.7980E-1 -3.9700E-1
-3.7970E-1 -3.8830E-1
-3.7960E-1 -3.9690E-1
-3.7950E-1 -3.8810E-1
-3.7940E-1 -3.9660E-1
-3.7930E-1 -3.8810E-1
-3.7920E-1 -3.9660E-1
-3.7910E-1 -3.8760E-1
-3.7900E-1 -3.9620E-1
-3.7890E-1 -3.8740E-1
-3.7880E-1 -3.9600E-1
-3.7870E-1 -3.8710E-1
-3.7860E-1 -3.9570E-1
-3.7850E-1 -3.8710E-1
-3.7840E-1 -3.9570E-1
-3.7830E-1 -3.8670E-1
-3.7820E-1 -3.9530E-1
-3.7810E-1 -3.8670E-1
-3.7800E-1 -3.9520E-1
-3.7790E-1 -3.8640E-1
-3.7780E-1 -3.9500E-1
-3.7770E-1 -3.8650E-1
-3.7760E-1 -3.9500E-1
-3.7750E-1 -3.8600E-1
-3.7740E-1 -3.9460E-1
-3.7730E-1 -3.8590E-1
-3.7720E-1 -3.9440E-1
-3.7710E-1 -3.8540E-1
-3.7700E-1 -3.9400E-1
-3.7690E-1 -3.8550E-1
-3.7680E-1 -3.9400E-1
-3.7670E-1 -3.8500E-1
-3.7660E-1 -3.9350E-1
-3.7650E-1 -3.8490E-1
-3.7640E-1 -3.9340E-1
-3.7630E-1 -3.8460E-1
-3.7620E-1 -3.9310E-1
-3.7610E-1 -3.8460E-1
-3.7600E-1 -3.9310E-1
-3.7590E-1 -3.8410E-1
-3.7580E-1 -3.9260E-1
-3.7570E-1 -3.8400E-1
-3.7560E-1 -3.9240E-1
-3.7550E-1 -3.8370E-1
-3.7540E-1 -3.9210E-1
-3.7530E-1 -3.8360E-1
-3.7520E-1 -3.9210E-1
-3.7510E-1 -3.8320E-1
-3.7500E-1 -3.9170E-1
-3.7490E-1 -3.8310E-1
-3.7480E-1 -3.9160E-1
-3.7470E-1 -3.8290E-1
-3.7460E-1 -3.9130E-1
-3.7450E-1 -3.8300E-1
-3.7440E-1 -3.9140E-1
-3.7430E-1 -3.8250E-1
-3.7420E-1 -3.9090E-1
-3.7410E-1 -3.8230E-1
-3.7400E-1 -3.9080E-1
-3.7390E-1 -3.8200E-1
-3.7380E-1 -3.9040E-1
-3.7370E-1 -3.8190E-1
-3.7360E-1 -3.9040E-1
-3.7350E-1 -3.8150E-1
-3.7340E-1 -3.9000E-1
-3.7330E-1 -3.8140E-1
-3.7320E-1 -3.8990E-1
-3.7310E-1 -3.8110E-1
-3.7300E-1 -3.8950E-1
-3.7290E-1 -3.8120E-1
-3.7280E-1 -3.8960E-1
-3.7270E-1 -3.8070E-1
-3.7260E-1 -3.8920E-1
-3.7250E-1 -3.8060E-1
-3.7240E-1 -3.8900E-1
-3.7230E-1 -3.8030E-1
-3.7220E-1 -3.8870E-1
-3.7210E-1 -3.8030E-1
-3.7200E-1 -3.8870E-1
-3.7190E-1 -3.7990E-1
-3.7180E-1 -3.8830E-1
-3.7170E-1 -3.7980E-1
-3.7160E-1 -3.8820E-1
-3.7150E-1 -3.7960E-1
-3.7140E-1 -3.8800E-1
-3.7130E-1 -3.7970E-1
-3.7120E-1 -3.8810E-1
-3.7110E-1 -3.7930E-1
-3.7100E-1 -3.8770E-1
-3.7090E-1 -3.7910E-1
-3.7080E-1 -3.8750E-1
-3.7070E-1 -3.7880E-1
-3.7060E-1 -3.8710E-1
-3.7050E-1 -3.7870E-1
-3.7040E-1 -3.8710E-1
-3.7030E-1 -3.7830E-1
-3.7020E-1 -3.8660E-1
-3.7010E-1 -3.7820E-1
-3.7000E-1 -3.8650E-1
-3.6990E-1 -3.7780E-1
-3.6980E-1 -3.8620E-1
-3.6970E-1 -3.7790E-1
-3.6960E-1 -3.8630E-1
-3.6950E-1 -3.7740E-1
-3.6940E-1 -3.8570E-1
-3.6930E-1 -3.7720E-1
-3.6920E-1 -3.8560E-1
-3.6910E-1 -3.7690E-1
-3.6900E-1 -3.8520E-1
-3.6890E-1 -3.7690E-1
-3.6880E-1 -3.8520E-1
-3.6870E-1 -3.7650E-1
-3.6860E-1 -3.8480E-1
-3.6850E-1 -3.7640E-1
-3.6840E-1 -3.8470E-1
-3.6830E-1 -3.7610E-1
-3.6820E-1 -3.8440E-1
-3.6810E-1 -3.7620E-1
-3.6800E-1 -3.8450E-1
-3.6790E-1 -3.7570E-1
-3.6780E-1 -3.8400E-1
-3.6770E-1 -3.7550E-1
-3.6760E-1 -3.8390E-1
-3.6750E-1 -3.7520E-1
-3.6740E-1 -3.8350E-1
-3.6730E-1 -3.7520E-1
-3.6720E-1 -3.8350E-1
-3.6710E-1 -3.7470E-1
-3.6700E-1 -3.8300E-1
-3.6690E-1 -3.7460E-1
-3.6680E-1 -3.8290E-1
-3.6670E-1 -3.7440E-1
-3.6660E-1 -3.8270E-1
-3.6650E-1 -3.7440E-1
-3.6640E-1 -3.8270E-1
-3.6630E-1 -3.7390E-1
-3.6620E-1 -3.8220E-1
-3.6610E-1 -3.7380E-1
-3.6600E-1 -3.8210E-1
-3.6590E-1 -3.7350E-1
-3.6580E-1 -3.8170E-1
-3.6570E-1 -3.7350E-1
-3.6560E-1 -3.8180E-1
-3.6550E-1 -3.7310E-1
-3.6540E-1 -3.8130E-1
-3.6530E-1 -3.7300E-1
-3.6520E-1 -3.8130E-1
-3.6510E-1 -3.7280E-1
-3.6500E-1 -3.8100E-1
-3.6490E-1 -3.7280E-1
-3.6480E-1 -3.8110E-1
-3.6470E-1 -3.7240E-1
-3.6460E-1 -3.8060E-1
-3.6450E-1 -3.7220E-1
-3.6440E-1 -3.8040E-1
-3.6430E-1 -3.7180E-1
-3.6420E-1 -3.8010E-1
-3.6410E-1 -3.7180E-1
-3.6400E-1 -3.8010E-1
-3.6390E-1 -3.7140E-1
-3.6380E-1 -3.7960E-1
-3.6370E-1 -3.7130E-1
-3.6360E-1 -3.7950E-1
-3.6350E-1 -3.7100E-1
-3.6340E-1 -3.7920E-1
-3.6330E-1 -3.7100E-1
-3.6320E-1 -3.7920E-1
-3.6310E-1 -3.7050E-1
-3.6300E-1 -3.7880E-1
-3.6290E-1 -3.7040E-1
-3.6280E-1 -3.7860E-1
-3.6270E-1 -3.7010E-1
-3.6260E-1 -3.7830E-1
-3.6250E-1 -3.7010E-1
-3.6240E-1 -3.7830E-1
-3.6230E-1 -3.6970E-1
-3.6220E-1 -3.7780E-1
-3.6210E-1 -3.6960E-1
-3.6200E-1 -3.7780E-1
-3.6190E-1 -3.6930E-1
-3.6180E-1 -3.7750E-1
-3.6170E-1 -3.6940E-1
-3.6160E-1 -3.7760E-1
-3.6150E-1 -3.6890E-1
-3.6140E-1 -3.7710E-1
-3.6130E-1 -3.6870E-1
-3.6120E-1 -3.7690E-1
-3.6110E-1 -3.6840E-1
-3.6100E-1 -3.7660E-1
-3.6090E-1 -3.6840E-1
-3.6080E-1 -3.7660E-1
-3.6070E-1 -3.6800E-1
-3.6060E-1 -3.7610E-1
-3.6050E-1 -3.6790E-1
-3.6040E-1 -3.7600E-1
-3.6030E-1 -3.6760E-1
-3.6020E-1 -3.7570E-1
-3.6010E-1 -3.6760E-1
-3.6000E-1 -3.7580E-1
-3.5990E-1 -3.6720E-1
-3.5980E-1 -3.7530E-1
-3.5970E-1 -3.6710E-1
-3.5960E-1 -3.7520E-1
-3.5950E-1 -3.6680E-1
-3.5940E-1 -3.7490E-1
-3.5930E-1 -3.6680E-1
-3.5920E-1 -3.7490E-1
-3.5910E-1 -3.6640E-1
-3.5900E-1 -3.7450E-1
-3.5890E-1 -3.6640E-1
-3.5880E-1 -3.7450E-1
-3.5870E-1 -3.6610E-1
-3.5860E-1 -3.7420E-1
-3.5850E-1 -3.6620E-1
-3.5840E-1 -3.7430E-1
-3.5830E-1 -3.6670E-1
-3.5820E-1 -3.7480E-1
-3.5810E-1 -3.6650E-1
-3.5800E-1 -3.7460E-1
-3.5790E-1 -3.6610E-1
-3.5780E-1 -3.7430E-1
-3.5770E-1 -3.6610E-1
-3.5760E-1 -3.7420E-1
-3.5750E-1 -3.6560E-1
-3.5740E-1 -3.7380E-1
-3.5730E-1 -3.6550E-1
-3.5720E-1 -3.7370E-1
-3.5710E-1 -3.6520E-1
-3.5700E-1 -3.7330E-1
-3.5690E-1 -3.6520E-1
-3.5680E-1 -3.7330E-1
-3.5670E-1 -3.6470E-1
-3.5660E-1 -3.7290E-1
-3.5650E-1 -3.6460E-1
-3.5640E-1 -3.7270E-1
-3.5630E-1 -3.6430E-1
-3.5620E-1 -3.7240E-1
-3.5610E-1 -3.6420E-1
-3.5600E-1 -3.7230E-1
-3.5590E-1 -3.6380E-1
-3.5580E-1 -3.7190E-1
-3.5570E-1 -3.6370E-1
-3.5560E-1 -3.7180E-1
-3.5550E-1 -3.6350E-1
-3.5540E-1 -3.7150E-1
-3.5530E-1 -3.6350E-1
-3.5520E-1 -3.7160E-1
-3.5510E-1 -3.6300E-1
-3.5500E-1 -3.7110E-1
-3.5490E-1 -3.6280E-1
-3.5480E-1 -3.7090E-1
-3.5470E-1 -3.6250E-1
-3.5460E-1 -3.7060E-1
-3.5450E-1 -3.6250E-1
-3.5440E-1 -3.7050E-1
-3.5430E-1 -3.6200E-1
-3.5420E-1 -3.7010E-1
-3.5410E-1 -3.6190E-1
-3.5400E-1 -3.6990E-1
-3.5390E-1 -3.6160E-1
-3.5380E-1 -3.6970E-1
-3.5370E-1 -3.6170E-1
-3.5360E-1 -3.6970E-1
-3.5350E-1 -3.6120E-1
-3.5340E-1 -3.6920E-1
-3.5330E-1 -3.6110E-1
-3.5320E-1 -3.6910E-1
-3.5310E-1 -3.6070E-1
-3.5300E-1 -3.6880E-1
-3.5290E-1 -3.6080E-1
-3.5280E-1 -3.6880E-1
-3.5270E-1 -3.6030E-1
-3.5260E-1 -3.6840E-1
-3.5250E-1 -3.6020E-1
-3.5240E-1 -3.6830E-1
-3.5230E-1 -3.6000E-1
-3.5220E-1 -3.6800E-1
-3.5210E-1 -3.6010E-1
-3.5200E-1 -3.6810E-1
-3.5190E-1 -3.5960E-1
-3.5180E-1 -3.6760E-1
-3.5170E-1 -3.5940E-1
-3.5160E-1 -3.6750E-1
-3.5150E-1 -3.5910E-1
-3.5140E-1 -3.6710E-1
-3.5130E-1 -3.5910E-1
-3.5120E-1 -3.6700E-1
-3.5110E-1 -3.5860E-1
-3.5100E-1 -3.6660E-1
-3.5090E-1 -3.5850E-1
-3.5080E-1 -3.6650E-1
-3.5070E-1 -3.5820E-1
-3.5060E-1 -3.6610E-1
-3.5050E-1 -3.5820E-1
-3.5040E-1 -3.6620E-1
-3.5030E-1 -3.5770E-1
-3.5020E-1 -3.6570E-1
-3.5010E-1 -3.5760E-1
-3.5000E-1 -3.6550E-1
-3.4990E-1 -3.5730E-1
-3.4980E-1 -3.6520E-1
-3.4970E-1 -3.5720E-1
-3.4960E-1 -3.6520E-1
-3.4950E-1 -3.5680E-1
-3.4940E-1 -3.6480E-1
-3.4930E-1 -3.5680E-1
-3.4920E-1 -3.6470E-1
-3.4910E-1 -3.5650E-1
-3.4900E-1 -3.6450E-1
-3.4890E-1 -3.5650E-1
-3.4880E-1 -3.6450E-1
-3.4870E-1 -3.5610E-1
-3.4860E-1 -3.6400E-1
-3.4850E-1 -3.5590E-1
-3.4840E-1 -3.6380E-1
-3.4830E-1 -3.5560E-1
-3.4820E-1 -3.6350E-1
-3.4810E-1 -3.5560E-1
-3.4800E-1 -3.6350E-1
-3.4790E-1 -3.5510E-1
-3.4780E-1 -3.6300E-1
-3.4770E-1 -3.5500E-1
-3.4760E-1 -3.6290E-1
-3.4750E-1 -3.5480E-1
-3.4740E-1 -3.6270E-1
-3.4730E-1 -3.5480E-1
-3.4720E-1 -3.6270E-1
-3.4710E-1 -3.5430E-1
-3.4700E-1 -3.6220E-1
-3.4690E-1 -3.5420E-1
-3.4680E-1 -3.6210E-1
-3.4670E-1 -3.5390E-1
-3.4660E-1 -3.6180E-1
-3.4650E-1 -3.5390E-1
-3.4640E-1 -3.6180E-1
-3.4630E-1 -3.5350E-1
-3.4620E-1 -3.6140E-1
-3.4610E-1 -3.5350E-1
-3.4600E-1 -3.6130E-1
-3.4590E-1 -3.5320E-1
-3.4580E-1 -3.6110E-1
-3.4570E-1 -3.5320E-1
-3.4560E-1 -3.6120E-1
-3.4550E-1 -3.5290E-1
-3.4540E-1 -3.6080E-1
-3.4530E-1 -3.5280E-1
-3.4520E-1 -3.6060E-1
-3.4510E-1 -3.5240E-1
-3.4500E-1 -3.6020E-1
-3.4490E-1 -3.5230E-1
-3.4480E-1 -3.6020E-1
-3.4470E-1 -3.5190E-1
-3.4460E-1 -3.5970E-1
-3.4450E-1 -3.5180E-1
-3.4440E-1 -3.5960E-1
-3.4430E-1 -3.5150E-1
-3.4420E-1 -3.5930E-1
-3.4410E-1 -3.5150E-1
-3.4400E-1 -3.5930E-1
-3.4390E-1 -3.5100E-1
-3.4380E-1 -3.5890E-1
-3.4370E-1 -3.5080E-1
-3.4360E-1 -3.5860E-1
-3.4350E-1 -3.5050E-1
-3.4340E-1 -3.5830E-1
-3.4330E-1 -3.5050E-1
-3.4320E-1 -3.5830E-1
-3.4310E-1 -3.5010E-1
-3.4300E-1 -3.5790E-1
-3.4290E-1 -3.5000E-1
-3.4280E-1 -3.5780E-1
-3.4270E-1 -3.4970E-1
-3.4260E-1 -3.5750E-1
-3.4250E-1 -3.4980E-1
-3.4240E-1 -3.5760E-1
-3.4230E-1 -3.4930E-1
-3.4220E-1 -3.5710E-1
-3.4210E-1 -3.4920E-1
-3.4200E-1 -3.5700E-1
-3.4190E-1 -3.4890E-1
-3.4180E-1 -3.5660E-1
-3.4170E-1 -3.4880E-1
-3.4160E-1 -3.5660E-1
-3.4150E-1 -3.4840E-1
-3.4140E-1 -3.5610E-1
-3.4130E-1 -3.4820E-1
-3.4120E-1 -3.5600E-1
-3.4110E-1 -3.4800E-1
-3.4100E-1 -3.5570E-1
-3.4090E-1 -3.4800E-1
-3.4080E-1 -3.5580E-1
-3.4070E-1 -3.4750E-1
-3.4060E-1 -3.5530E-1
-3.4050E-1 -3.4740E-1
-3.4040E-1 -3.5510E-1
-3.4030E-1 -3.4710E-1
-3.4020E-1 -3.5480E-1
-3.4010E-1 -3.4710E-1
-3.4000E-1 -3.5480E-1
-3.3990E-1 -3.4670E-1
-3.3980E-1 -3.5440E-1
-3.3970E-1 -3.4660E-1
-3.3960E-1 -3.5440E-1
-3.3950E-1 -3.4640E-1
-3.3940E-1 -3.5410E-1
-3.3930E-1 -3.4640E-1
-3.3920E-1 -3.5410E-1
-3.3910E-1 -3.4600E-1
-3.3900E-1 -3.5370E-1
-3.3890E-1 -3.4580E-1
-3.3880E-1 -3.5350E-1
-3.3870E-1 -3.4550E-1
-3.3860E-1 -3.5320E-1
-3.3850E-1 -3.4540E-1
-3.3840E-1 -3.5320E-1
-3.3830E-1 -3.4500E-1
-3.3820E-1 -3.5270E-1
-3.3810E-1 -3.4490E-1
-3.3800E-1 -3.5260E-1
-3.3790E-1 -3.4460E-1
-3.3780E-1 -3.5230E-1
-3.3770E-1 -3.4470E-1
-3.3760E-1 -3.5230E-1
-3.3750E-1 -3.4420E-1
-3.3740E-1 -3.5180E-1
-3.3730E-1 -3.4400E-1
-3.3720E-1 -3.5170E-1
-3.3710E-1 -3.4370E-1
-3.3700E-1 -3.5140E-1
-3.3690E-1 -3.4370E-1
-3.3680E-1 -3.5130E-1
-3.3670E-1 -3.4330E-1
-3.3660E-1 -3.5090E-1
-3.3650E-1 -3.4320E-1
-3.3640E-1 -3.5080E-1
-3.3630E-1 -3.4300E-1
-3.3620E-1 -3.5070E-1
-3.3610E-1 -3.4300E-1
-3.3600E-1 -3.5070E-1
-3.3590E-1 -3.4260E-1
-3.3580E-1 -3.5020E-1
-3.3570E-1 -3.4240E-1
-3.3560E-1 -3.5000E-1
-3.3550E-1 -3.4210E-1
-3.3540E-1 -3.4970E-1
-3.3530E-1 -3.4200E-1
-3.3520E-1 -3.4960E-1
-3.3510E-1 -3.4160E-1
-3.3500E-1 -3.4920E-1
-3.3490E-1 -3.4150E-1
-3.3480E-1 -3.4910E-1
-3.3470E-1 -3.4120E-1
-3.3460E-1 -3.4890E-1
-3.3450E-1 -3.4130E-1
-3.3440E-1 -3.4890E-1
-3.3430E-1 -3.4080E-1
-3.3420E-1 -3.4840E-1
-3.3410E-1 -3.4070E-1
-3.3400E-1 -3.4830E-1
-3.3390E-1 -3.4040E-1
-3.3380E-1 -3.4800E-1
-3.3370E-1 -3.4040E-1
-3.3360E-1 -3.4800E-1
-3.3350E-1 -3.4000E-1
-3.3340E-1 -3.4760E-1
-3.3330E-1 -3.3990E-1
-3.3320E-1 -3.4760E-1
-3.3310E-1 -3.3970E-1
-3.3300E-1 -3.4740E-1
-3.3290E-1 -3.3980E-1
-3.3280E-1 -3.4740E-1
-3.3270E-1 -3.4020E-1
-3.3260E-1 -3.4780E-1
-3.3250E-1 -3.4000E-1
-3.3240E-1 -3.4760E-1
-3.3230E-1 -3.3960E-1
-3.3220E-1 -3.4720E-1
-3.3210E-1 -3.3950E-1
-3.3200E-1 -3.4720E-1
-3.3190E-1 -3.3910E-1
-3.3180E-1 -3.4670E-1
-3.3170E-1 -3.3900E-1
-3.3160E-1 -3.4660E-1
-3.3150E-1 -3.3870E-1
-3.3140E-1 -3.4630E-1
-3.3130E-1 -3.3870E-1
-3.3120E-1 -3.4630E-1
-3.3110E-1 -3.3820E-1
-3.3100E-1 -3.4580E-1
-3.3090E-1 -3.3800E-1
-3.3080E-1 -3.4560E-1
-3.3070E-1 -3.3770E-1
-3.3060E-1 -3.4530E-1
-3.3050E-1 -3.3770E-1
-3.3040E-1 -3.4530E-1
-3.3030E-1 -3.3730E-1
-3.3020E-1 -3.4490E-1
-3.3010E-1 -3.3720E-1
-3.3000E-1 -3.4480E-1
-3.2990E-1 -3.3690E-1
-3.2980E-1 -3.4450E-1
-3.2970E-1 -3.3690E-1
-3.2960E-1 -3.4450E-1
-3.2950E-1 -3.3650E-1
-3.2940E-1 -3.4400E-1
-3.2930E-1 -3.3630E-1
-3.2920E-1 -3.4390E-1
-3.2910E-1 -3.3600E-1
-3.2900E-1 -3.4350E-1
-3.2890E-1 -3.3590E-1
-3.2880E-1 -3.4350E-1
-3.2870E-1 -3.3550E-1
-3.2860E-1 -3.4300E-1
-3.2850E-1 -3.3540E-1
-3.2840E-1 -3.4290E-1
-3.2830E-1 -3.3500E-1
-3.2820E-1 -3.4260E-1
-3.2810E-1 -3.3510E-1
-3.2800E-1 -3.4260E-1
-3.2790E-1 -3.3460E-1
-3.2780E-1 -3.4210E-1
-3.2770E-1 -3.3440E-1
-3.2760E-1 -3.4200E-1
-3.2750E-1 -3.3420E-1
-3.2740E-1 -3.4170E-1
-3.2730E-1 -3.3420E-1
-3.2720E-1 -3.4170E-1
-3.2710E-1 -3.3380E-1
-3.2700E-1 -3.4130E-1
-3.2690E-1 -3.3370E-1
-3.2680E-1 -3.4120E-1
-3.2670E-1 -3.3340E-1
-3.2660E-1 -3.4100E-1
-3.2650E-1 -3.3350E-1
-3.2640E-1 -3.4100E-1
-3.2630E-1 -3.3300E-1
-3.2620E-1 -3.4050E-1
-3.2610E-1 -3.3290E-1
-3.2600E-1 -3.4040E-1
-3.2590E-1 -3.3250E-1
-3.2580E-1 -3.4000E-1
-3.2570E-1 -3.3250E-1
-3.2560E-1 -3.3990E-1
-3.2550E-1 -3.3210E-1
-3.2540E-1 -3.3950E-1
-3.2530E-1 -3.3190E-1
-3.2520E-1 -3.3940E-1
-3.2510E-1 -3.3160E-1
-3.2500E-1 -3.3910E-1
-3.2490E-1 -3.3160E-1
-3.2480E-1 -3.3910E-1
-3.2470E-1 -3.3120E-1
-3.2460E-1 -3.3870E-1
-3.2450E-1 -3.3100E-1
-3.2440E-1 -3.3850E-1
-3.2430E-1 -3.3070E-1
-3.2420E-1 -3.3820E-1
-3.2410E-1 -3.3070E-1
-3.2400E-1 -3.3810E-1
-3.2390E-1 -3.3030E-1
-3.2380E-1 -3.3770E-1
-3.2370E-1 -3.3020E-1
-3.2360E-1 -3.3760E-1
-3.2350E-1 -3.3000E-1
-3.2340E-1 -3.3740E-1
-3.2330E-1 -3.2990E-1
-3.2320E-1 -3.3740E-1
-3.2310E-1 -3.2950E-1
-3.2300E-1 -3.3690E-1
-3.2290E-1 -3.2940E-1
-3.2280E-1 -3.3680E-1
-3.2270E-1 -3.2900E-1
-3.2260E-1 -3.3640E-1
-3.2250E-1 -3.2900E-1
-3.2240E-1 -3.3640E-1
-3.2230E-1 -3.2860E-1
-3.2220E-1 -3.3600E-1
-3.2210E-1 -3.2840E-1
-3.2200E-1 -3.3580E-1
-3.2190E-1 -3.2820E-1
-3.2180E-1 -3.3560E-1
-3.2170E-1 -3.2820E-1
-3.2160E-1 -3.3560E-1
-3.2150E-1 -3.2780E-1
-3.2140E-1 -3.3510E-1
-3.2130E-1 -3.2770E-1
-3.2120E-1 -3.3500E-1
-3.2110E-1 -3.2730E-1
-3.2100E-1 -3.3470E-1
-3.2090E-1 -3.2730E-1
-3.2080E-1 -3.3470E-1
-3.2070E-1 -3.2700E-1
-3.2060E-1 -3.3430E-1
-3.2050E-1 -3.2690E-1
-3.2040E-1 -3.3420E-1
-3.2030E-1 -3.2660E-1
-3.2020E-1 -3.3400E-1
-3.2010E-1 -3.2670E-1
-3.2000E-1 -3.3400E-1
-3.1990E-1 -3.2640E-1
-3.1980E-1 -3.3370E-1
-3.1970E-1 -3.2620E-1
-3.1960E-1 -3.3350E-1
-3.1950E-1 -3.2580E-1
-3.1940E-1 -3.3320E-1
-3.1930E-1 -3.2580E-1
-3.1920E-1 -3.3310E-1
-3.1910E-1 -3.2530E-1
-3.1900E-1 -3.3270E-1
-3.1890E-1 -3.2520E-1
-3.1880E-1 -3.3250E-1
-3.1870E-1 -3.2490E-1
-3.1860E-1 -3.3220E-1
-3.1850E-1 -3.2490E-1
-3.1840E-1 -3.3220E-1
-3.1830E-1 -3.2440E-1
-3.1820E-1 -3.3170E-1
-3.1810E-1 -3.2430E-1
-3.1800E-1 -3.3160E-1
-3.1790E-1 -3.2400E-1
-3.1780E-1 -3.3130E-1
-3.1770E-1 -3.2390E-1
-3.1760E-1 -3.3120E-1
-3.1750E-1 -3.2350E-1
-3.1740E-1 -3.3080E-1
-3.1730E-1 -3.2340E-1
-3.1720E-1 -3.3070E-1
-3.1710E-1 -3.2320E-1
-3.1700E-1 -3.3040E-1
-3.1690E-1 -3.2320E-1
-3.1680E-1 -3.3050E-1
-3.1670E-1 -3.2270E-1
-3.1660E-1 -3.3000E-1
-3.1650E-1 -3.2260E-1
-3.1640E-1 -3.2990E-1
-3.1630E-1 -3.2220E-1
-3.1620E-1 -3.2950E-1
-3.1610E-1 -3.2220E-1
-3.1600E-1 -3.2950E-1
-3.1590E-1 -3.2180E-1
-3.1580E-1 -3.2900E-1
-3.1570E-1 -3.2170E-1
-3.1560E-1 -3.2890E-1
-3.1550E-1 -3.2140E-1
-3.1540E-1 -3.2860E-1
-3.1530E-1 -3.2140E-1
-3.1520E-1 -3.2870E-1
-3.1510E-1 -3.2100E-1
-3.1500E-1 -3.2820E-1
-3.1490E-1 -3.2080E-1
-3.1480E-1 -3.2810E-1
-3.1470E-1 -3.2050E-1
-3.1460E-1 -3.2770E-1
-3.1450E-1 -3.2050E-1
-3.1440E-1 -3.2770E-1
-3.1430E-1 -3.2010E-1
-3.1420E-1 -3.2730E-1
-3.1410E-1 -3.2000E-1
-3.1400E-1 -3.2720E-1
-3.1390E-1 -3.1980E-1
-3.1380E-1 -3.2700E-1
-3.1370E-1 -3.1980E-1
-3.1360E-1 -3.2700E-1
-3.1350E-1 -3.1940E-1
-3.1340E-1 -3.2660E-1
-3.1330E-1 -3.1920E-1
-3.1320E-1 -3.2650E-1
-3.1310E-1 -3.1890E-1
-3.1300E-1 -3.2610E-1
-3.1290E-1 -3.1890E-1
-3.1280E-1 -3.2600E-1
-3.1270E-1 -3.1840E-1
-3.1260E-1 -3.2560E-1
-3.1250E-1 -3.1830E-1
-3.1240E-1 -3.2550E-1
-3.1230E-1 -3.1800E-1
-3.1220E-1 -3.2520E-1
-3.1210E-1 -3.1800E-1
-3.1200E-1 -3.2520E-1
-3.1190E-1 -3.1750E-1
-3.1180E-1 -3.2480E-1
-3.1170E-1 -3.1740E-1
-3.1160E-1 -3.2460E-1
-3.1150E-1 -3.1710E-1
-3.1140E-1 -3.2420E-1
-3.1130E-1 -3.1710E-1
-3.1120E-1 -3.2420E-1
-3.1110E-1 -3.1670E-1
-3.1100E-1 -3.2380E-1
-3.1090E-1 -3.1660E-1
-3.1080E-1 -3.2370E-1
-3.1070E-1 -3.1630E-1
-3.1060E-1 -3.2350E-1
-3.1050E-1 -3.1640E-1
-3.1040E-1 -3.2350E-1
-3.1030E-1 -3.1600E-1
-3.1020E-1 -3.2310E-1
-3.1010E-1 -3.1580E-1
-3.1000E-1 -3.2290E-1
-3.0990E-1 -3.1540E-1
-3.0980E-1 -3.2260E-1
-3.0970E-1 -3.1540E-1
-3.0960E-1 -3.2260E-1
-3.0950E-1 -3.1500E-1
-3.0940E-1 -3.2210E-1
-3.0930E-1 -3.1490E-1
-3.0920E-1 -3.2200E-1
-3.0910E-1 -3.1470E-1
-3.0900E-1 -3.2170E-1
-3.0890E-1 -3.1470E-1
-3.0880E-1 -3.2180E-1
-3.0870E-1 -3.1420E-1
-3.0860E-1 -3.2130E-1
-3.0850E-1 -3.1410E-1
-3.0840E-1 -3.2120E-1
-3.0830E-1 -3.1380E-1
-3.0820E-1 -3.2090E-1
-3.0810E-1 -3.1380E-1
-3.0800E-1 -3.2090E-1
-3.0790E-1 -3.1340E-1
-3.0780E-1 -3.2050E-1
-3.0770E-1 -3.1330E-1
-3.0760E-1 -3.2040E-1
-3.0750E-1 -3.1310E-1
-3.0740E-1 -3.2020E-1
-3.0730E-1 -3.1310E-1
-3.0720E-1 -3.2020E-1
-3.0710E-1 -3.1430E-1
-3.0700E-1 -3.2140E-1
-3.0690E-1 -3.1410E-1
-3.0680E-1 -3.2120E-1
-3.0670E-1 -3.1370E-1
-3.0660E-1 -3.2090E-1
-3.0650E-1 -3.1370E-1
-3.0640E-1 -3.2080E-1
-3.0630E-1 -3.1330E-1
-3.0620E-1 -3.2040E-1
-3.0610E-1 -3.1310E-1
-3.0600E-1 -3.2020E-1
-3.0590E-1 -3.1280E-1
-3.0580E-1 -3.2000E-1
-3.0570E-1 -3.1290E-1
-3.0560E-1 -3.1990E-1
-3.0550E-1 -3.1240E-1
-3.0540E-1 -3.1940E-1
-3.0530E-1 -3.1220E-1
-3.0520E-1 -3.1930E-1
-3.0510E-1 -3.1190E-1
-3.0500E-1 -3.1900E-1
-3.0490E-1 -3.1190E-1
-3.0480E-1 -3.1890E-1
-3.0470E-1 -3.1150E-1
-3.0460E-1 -3.1850E-1
-3.0450E-1 -3.1140E-1
-3.0440E-1 -3.1840E-1
-3.0430E-1 -3.1110E-1
-3.0420E-1 -3.1820E-1
-3.0410E-1 -3.1110E-1
-3.0400E-1 -3.1820E-1
-3.0390E-1 -3.1070E-1
-3.0380E-1 -3.1770E-1
-3.0370E-1 -3.1050E-1
-3.0360E-1 -3.1750E-1
-3.0350E-1 -3.1020E-1
-3.0340E-1 -3.1720E-1
-3.0330E-1 -3.1010E-1
-3.0320E-1 -3.1710E-1
-3.0310E-1 -3.0970E-1
-3.0300E-1 -3.1670E-1
-3.0290E-1 -3.0960E-1
-3.0280E-1 -3.1650E-1
-3.0270E-1 -3.0930E-1
-3.0260E-1 -3.1630E-1
-3.0250E-1 -3.0930E-1
-3.0240E-1 -3.1630E-1
-3.0230E-1 -3.0890E-1
-3.0220E-1 -3.1590E-1
-3.0210E-1 -3.0870E-1
-3.0200E-1 -3.1570E-1
-3.0190E-1 -3.0840E-1
-3.0180E-1 -3.1540E-1
-3.0170E-1 -3.0840E-1
-3.0160E-1 -3.1540E-1
-3.0150E-1 -3.0800E-1
-3.0140E-1 -3.1500E-1
-3.0130E-1 -3.0790E-1
-3.0120E-1 -3.1490E-1
-3.0110E-1 -3.0770E-1
-3.0100E-1 -3.1460E-1
-3.0090E-1 -3.0770E-1
-3.0080E-1 -3.1470E-1
-3.0070E-1 -3.0730E-1
-3.0060E-1 -3.1420E-1
-3.0050E-1 -3.0710E-1
-3.0040E-1 -3.1400E-1
-3.0030E-1 -3.0680E-1
-3.0020E-1 -3.1370E-1
-3.0010E-1 -3.0670E-1
-3.0000E-1 -3.1360E-1
-2.9990E-1 -3.0630E-1
-2.9980E-1 -3.1320E-1
-2.9970E-1 -3.0610E-1
-2.9960E-1 -3.1310E-1
-2.9950E-1 -3.0590E-1
-2.9940E-1 -3.1280E-1
-2.9930E-1 -3.0590E-1
-2.9920E-1 -3.1280E-1
-2.9910E-1 -3.0540E-1
-2.9900E-1 -3.1240E-1
-2.9890E-1 -3.0530E-1
-2.9880E-1 -3.1220E-1
-2.9870E-1 -3.0490E-1
-2.9860E-1 -3.1190E-1
-2.9850E-1 -3.0490E-1
-2.9840E-1 -3.1180E-1
-2.9830E-1 -3.0450E-1
-2.9820E-1 -3.1140E-1
-2.9810E-1 -3.0440E-1
-2.9800E-1 -3.1140E-1
-2.9790E-1 -3.0420E-1
-2.9780E-1 -3.1110E-1
-2.9770E-1 -3.0420E-1
-2.9760E-1 -3.1110E-1
-2.9750E-1 -3.0370E-1
-2.9740E-1 -3.1070E-1
-2.9730E-1 -3.0360E-1
-2.9720E-1 -3.1050E-1
-2.9710E-1 -3.0330E-1
-2.9700E-1 -3.1020E-1
-2.9690E-1 -3.0320E-1
-2.9680E-1 -3.1010E-1
-2.9670E-1 -3.0280E-1
-2.9660E-1 -3.0970E-1
-2.9650E-1 -3.0270E-1
-2.9640E-1 -3.0960E-1
-2.9630E-1 -3.0240E-1
-2.9620E-1 -3.0930E-1
-2.9610E-1 -3.0240E-1
-2.9600E-1 -3.0930E-1
-2.9590E-1 -3.0210E-1
-2.9580E-1 -3.0890E-1
-2.9570E-1 -3.0190E-1
-2.9560E-1 -3.0880E-1
-2.9550E-1 -3.0160E-1
-2.9540E-1 -3.0840E-1
-2.9530E-1 -3.0160E-1
-2.9520E-1 -3.0840E-1
-2.9510E-1 -3.0120E-1
-2.9500E-1 -3.0800E-1
-2.9490E-1 -3.0110E-1
-2.9480E-1 -3.0800E-1
-2.9470E-1 -3.0090E-1
-2.9460E-1 -3.0770E-1
-2.9450E-1 -3.0090E-1
-2.9440E-1 -3.0770E-1
-2.9430E-1 -3.0060E-1
-2.9420E-1 -3.0740E-1
-2.9410E-1 -3.0040E-1
-2.9400E-1 -3.0720E-1
-2.9390E-1 -3.0010E-1
-2.9380E-1 -3.0690E-1
-2.9370E-1 -3.0000E-1
-2.9360E-1 -3.0680E-1
-2.9350E-1 -2.9960E-1
-2.9340E-1 -3.0640E-1
-2.9330E-1 -2.9950E-1
-2.9320E-1 -3.0630E-1
-2.9310E-1 -2.9920E-1
-2.9300E-1 -3.0600E-1
-2.9290E-1 -2.9920E-1
-2.9280E-1 -3.0590E-1
-2.9270E-1 -2.9870E-1
-2.9260E-1 -3.0550E-1
-2.9250E-1 -2.9850E-1
-2.9240E-1 -3.0530E-1
-2.9230E-1 -2.9830E-1
-2.9220E-1 -3.0500E-1
-2.9210E-1 -2.9820E-1
-2.9200E-1 -3.0500E-1
-2.9190E-1 -2.9780E-1
-2.9180E-1 -3.0460E-1
-2.9170E-1 -2.9770E-1
-2.9160E-1 -3.0440E-1
-2.9150E-1 -2.9750E-1
-2.9140E-1 -3.0420E-1
-2.9130E-1 -2.9750E-1
-2.9120E-1 -3.0420E-1
-2.9110E-1 -2.9700E-1
-2.9100E-1 -3.0380E-1
-2.9090E-1 -2.9690E-1
-2.9080E-1 -3.0360E-1
-2.9070E-1 -2.9650E-1
-2.9060E-1 -3.0330E-1
-2.9050E-1 -2.9640E-1
-2.9040E-1 -3.0320E-1
-2.9030E-1 -2.9610E-1
-2.9020E-1 -3.0280E-1
-2.9010E-1 -2.9590E-1
-2.9000E-1 -3.0270E-1
-2.8990E-1 -2.9570E-1
-2.8980E-1 -3.0240E-1
-2.8970E-1 -2.9570E-1
-2.8960E-1 -3.0240E-1
-2.8950E-1 -2.9530E-1
-2.8940E-1 -3.0190E-1
-2.8930E-1 -2.9510E-1
-2.8920E-1 -3.0180E-1
-2.8910E-1 -2.9480E-1
-2.8900E-1 -3.0150E-1
-2.8890E-1 -2.9470E-1
-2.8880E-1 -3.0150E-1
-2.8870E-1 -2.9440E-1
-2.8860E-1 -3.0110E-1
-2.8850E-1 -2.9430E-1
-2.8840E-1 -3.0100E-1
-2.8830E-1 -2.9410E-1
-2.8820E-1 -3.0080E-1
-2.8810E-1 -2.9410E-1
-2.8800E-1 -3.0080E-1
-2.8790E-1 -2.9370E-1
-2.8780E-1 -3.0030E-1
-2.8770E-1 -2.9350E-1
-2.8760E-1 -3.0010E-1
-2.8750E-1 -2.9320E-1
-2.8740E-1 -2.9990E-1
-2.8730E-1 -2.9310E-1
-2.8720E-1 -2.9980E-1
-2.8710E-1 -2.9270E-1
-2.8700E-1 -2.9940E-1
-2.8690E-1 -2.9260E-1
-2.8680E-1 -2.9920E-1
-2.8670E-1 -2.9230E-1
-2.8660E-1 -2.9900E-1
-2.8650E-1 -2.9230E-1
-2.8640E-1 -2.9890E-1
-2.8630E-1 -2.9190E-1
-2.8620E-1 -2.9850E-1
-2.8610E-1 -2.9180E-1
-2.8600E-1 -2.9840E-1
-2.8590E-1 -2.9140E-1
-2.8580E-1 -2.9810E-1
-2.8570E-1 -2.9140E-1
-2.8560E-1 -2.9800E-1
-2.8550E-1 -2.9100E-1
-2.8540E-1 -2.9760E-1
-2.8530E-1 -2.9090E-1
-2.8520E-1 -2.9750E-1
-2.8510E-1 -2.9070E-1
-2.8500E-1 -2.9730E-1
-2.8490E-1 -2.9070E-1
-2.8480E-1 -2.9730E-1
-2.8470E-1 -2.9030E-1
-2.8460E-1 -2.9690E-1
-2.8450E-1 -2.9010E-1
-2.8440E-1 -2.9670E-1
-2.8430E-1 -2.8980E-1
-2.8420E-1 -2.9640E-1
-2.8410E-1 -2.8970E-1
-2.8400E-1 -2.9630E-1
-2.8390E-1 -2.8930E-1
-2.8380E-1 -2.9590E-1
-2.8370E-1 -2.8920E-1
-2.8360E-1 -2.9580E-1
-2.8350E-1 -2.8890E-1
-2.8340E-1 -2.9550E-1
-2.8330E-1 -2.8900E-1
-2.8320E-1 -2.9550E-1
-2.8310E-1 -2.8850E-1
-2.8300E-1 -2.9510E-1
-2.8290E-1 -2.8840E-1
-2.8280E-1 -2.9500E-1
-2.8270E-1 -2.8810E-1
-2.8260E-1 -2.9470E-1
-2.8250E-1 -2.8800E-1
-2.8240E-1 -2.9460E-1
-2.8230E-1 -2.8770E-1
-2.8220E-1 -2.9430E-1
-2.8210E-1 -2.8760E-1
-2.8200E-1 -2.9420E-1
-2.8190E-1 -2.8730E-1
-2.8180E-1 -2.9400E-1
-2.8170E-1 -2.8740E-1
-2.8160E-1 -2.9400E-1
-2.8150E-1 -2.8790E-1
-2.8140E-1 -2.9450E-1
-2.8130E-1 -2.8770E-1
-2.8120E-1 -2.9430E-1
-2.8110E-1 -2.8730E-1
-2.8100E-1 -2.9400E-1
-2.8090E-1 -2.8730E-1
-2.8080E-1 -2.9390E-1
-2.8070E-1 -2.8690E-1
-2.8060E-1 -2.9350E-1
-2.8050E-1 -2.8680E-1
-2.8040E-1 -2.9330E-1
-2.8030E-1 -2.8640E-1
-2.8020E-1 -2.9300E-1
-2.8010E-1 -2.8640E-1
-2.8000E-1 -2.9300E-1
-2.7990E-1 -2.8600E-1
-2.7980E-1 -2.9260E-1
-2.7970E-1 -2.8580E-1
-2.7960E-1 -2.9240E-1
-2.7950E-1 -2.8550E-1
-2.7940E-1 -2.9200E-1
-2.7930E-1 -2.8540E-1
-2.7920E-1 -2.9200E-1
-2.7910E-1 -2.8510E-1
-2.7900E-1 -2.9160E-1
-2.7890E-1 -2.8490E-1
-2.7880E-1 -2.9150E-1
-2.7870E-1 -2.8470E-1
-2.7860E-1 -2.9120E-1
-2.7850E-1 -2.8470E-1
-2.7840E-1 -2.9120E-1
-2.7830E-1 -2.8430E-1
-2.7820E-1 -2.9080E-1
-2.7810E-1 -2.8410E-1
-2.7800E-1 -2.9060E-1
-2.7790E-1 -2.8380E-1
-2.7780E-1 -2.9030E-1
-2.7770E-1 -2.8370E-1
-2.7760E-1 -2.9020E-1
-2.7750E-1 -2.8330E-1
-2.7740E-1 -2.8980E-1
-2.7730E-1 -2.8320E-1
-2.7720E-1 -2.8970E-1
-2.7710E-1 -2.8290E-1
-2.7700E-1 -2.8940E-1
-2.7690E-1 -2.8290E-1
-2.7680E-1 -2.8940E-1
-2.7670E-1 -2.8240E-1
-2.7660E-1 -2.8900E-1
-2.7650E-1 -2.8230E-1
-2.7640E-1 -2.8880E-1
-2.7630E-1 -2.8200E-1
-2.7620E-1 -2.8850E-1
-2.7610E-1 -2.8190E-1
-2.7600E-1 -2.8840E-1
-2.7590E-1 -2.8160E-1
-2.7580E-1 -2.8810E-1
-2.7570E-1 -2.8150E-1
-2.7560E-1 -2.8800E-1
-2.7550E-1 -2.8120E-1
-2.7540E-1 -2.8770E-1
-2.7530E-1 -2.8130E-1
-2.7520E-1 -2.8770E-1
-2.7510E-1 -2.8090E-1
-2.7500E-1 -2.8730E-1
-2.7490E-1 -2.8070E-1
-2.7480E-1 -2.8710E-1
-2.7470E-1 -2.8030E-1
-2.7460E-1 -2.8680E-1
-2.7450E-1 -2.8030E-1
-2.7440E-1 -2.8670E-1
-2.7430E-1 -2.7990E-1
-2.7420E-1 -2.8630E-1
-2.7410E-1 -2.7970E-1
-2.7400E-1 -2.8610E-1
-2.7390E-1 -2.7950E-1
-2.7380E-1 -2.8590E-1
-2.7370E-1 -2.7940E-1
-2.7360E-1 -2.8590E-1
-2.7350E-1 -2.7900E-1
-2.7340E-1 -2.8540E-1
-2.7330E-1 -2.7890E-1
-2.7320E-1 -2.8520E-1
-2.7310E-1 -2.7850E-1
-2.7300E-1 -2.8490E-1
-2.7290E-1 -2.7850E-1
-2.7280E-1 -2.8490E-1
-2.7270E-1 -2.7810E-1
-2.7260E-1 -2.8450E-1
-2.7250E-1 -2.7800E-1
-2.7240E-1 -2.8440E-1
-2.7230E-1 -2.7780E-1
-2.7220E-1 -2.8410E-1
-2.7210E-1 -2.7770E-1
-2.7200E-1 -2.8410E-1
-2.7190E-1 -2.7740E-1
-2.7180E-1 -2.8370E-1
-2.7170E-1 -2.7720E-1
-2.7160E-1 -2.8360E-1
-2.7150E-1 -2.7680E-1
-2.7140E-1 -2.8320E-1
-2.7130E-1 -2.7680E-1
-2.7120E-1 -2.8310E-1
-2.7110E-1 -2.7640E-1
-2.7100E-1 -2.8280E-1
-2.7090E-1 -2.7630E-1
-2.7080E-1 -2.8260E-1
-2.7070E-1 -2.7600E-1
-2.7060E-1 -2.8230E-1
-2.7050E-1 -2.7600E-1
-2.7040E-1 -2.8240E-1
-2.7030E-1 -2.7560E-1
-2.7020E-1 -2.8190E-1
-2.7010E-1 -2.7540E-1
-2.7000E-1 -2.8180E-1
-2.6990E-1 -2.7520E-1
-2.6980E-1 -2.8150E-1
-2.6970E-1 -2.7510E-1
-2.6960E-1 -2.8140E-1
-2.6950E-1 -2.7480E-1
-2.6940E-1 -2.8110E-1
-2.6930E-1 -2.7460E-1
-2.6920E-1 -2.8100E-1
-2.6910E-1 -2.7440E-1
-2.6900E-1 -2.8070E-1
-2.6890E-1 -2.7440E-1
-2.6880E-1 -2.8070E-1
-2.6870E-1 -2.7410E-1
-2.6860E-1 -2.8050E-1
-2.6850E-1 -2.7390E-1
-2.6840E-1 -2.8030E-1
-2.6830E-1 -2.7360E-1
-2.6820E-1 -2.7990E-1
-2.6810E-1 -2.7350E-1
-2.6800E-1 -2.7980E-1
-2.6790E-1 -2.7320E-1
-2.6780E-1 -2.7950E-1
-2.6770E-1 -2.7300E-1
-2.6760E-1 -2.7930E-1
-2.6750E-1 -2.7270E-1
-2.6740E-1 -2.7900E-1
-2.6730E-1 -2.7270E-1
-2.6720E-1 -2.7900E-1
-2.6710E-1 -2.7230E-1
-2.6700E-1 -2.7850E-1
-2.6690E-1 -2.7210E-1
-2.6680E-1 -2.7830E-1
-2.6670E-1 -2.7180E-1
-2.6660E-1 -2.7800E-1
-2.6650E-1 -2.7170E-1
-2.6640E-1 -2.7800E-1
-2.6630E-1 -2.7130E-1
-2.6620E-1 -2.7760E-1
-2.6610E-1 -2.7120E-1
-2.6600E-1 -2.7750E-1
-2.6590E-1 -2.7100E-1
-2.6580E-1 -2.7720E-1
-2.6570E-1 -2.7090E-1
-2.6560E-1 -2.7720E-1
-2.6550E-1 -2.7060E-1
-2.6540E-1 -2.7680E-1
-2.6530E-1 -2.7040E-1
-2.6520E-1 -2.7660E-1
-2.6510E-1 -2.7010E-1
-2.6500E-1 -2.7630E-1
-2.6490E-1 -2.7000E-1
-2.6480E-1 -2.7620E-1
-2.6470E-1 -2.6960E-1
-2.6460E-1 -2.7580E-1
-2.6450E-1 -2.6940E-1
-2.6440E-1 -2.7570E-1
-2.6430E-1 -2.6920E-1
-2.6420E-1 -2.7540E-1
-2.6410E-1 -2.6920E-1
-2.6400E-1 -2.7540E-1
-2.6390E-1 -2.6880E-1
-2.6380E-1 -2.7500E-1
-2.6370E-1 -2.6860E-1
-2.6360E-1 -2.7480E-1
-2.6350E-1 -2.6830E-1
-2.6340E-1 -2.7450E-1
-2.6330E-1 -2.6820E-1
-2.6320E-1 -2.7450E-1
-2.6310E-1 -2.6790E-1
-2.6300E-1 -2.7410E-1
-2.6290E-1 -2.6780E-1
-2.6280E-1 -2.7400E-1
-2.6270E-1 -2.6760E-1
-2.6260E-1 -2.7370E-1
-2.6250E-1 -2.6750E-1
-2.6240E-1 -2.7380E-1
-2.6230E-1 -2.6720E-1
-2.6220E-1 -2.7340E-1
-2.6210E-1 -2.6700E-1
-2.6200E-1 -2.7320E-1
-2.6190E-1 -2.6670E-1
-2.6180E-1 -2.7280E-1
-2.6170E-1 -2.6660E-1
-2.6160E-1 -2.7280E-1
-2.6150E-1 -2.6620E-1
-2.6140E-1 -2.7240E-1
-2.6130E-1 -2.6610E-1
-2.6120E-1 -2.7220E-1
-2.6110E-1 -2.6580E-1
-2.6100E-1 -2.7200E-1
-2.6090E-1 -2.6580E-1
-2.6080E-1 -2.7190E-1
-2.6070E-1 -2.6540E-1
-2.6060E-1 -2.7150E-1
-2.6050E-1 -2.6520E-1
-2.6040E-1 -2.7130E-1
-2.6030E-1 -2.6490E-1
-2.6020E-1 -2.7100E-1
-2.6010E-1 -2.6480E-1
-2.6000E-1 -2.7100E-1
-2.5990E-1 -2.6440E-1
-2.5980E-1 -2.7060E-1
-2.5970E-1 -2.6440E-1
-2.5960E-1 -2.7050E-1
-2.5950E-1 -2.6410E-1
-2.5940E-1 -2.7030E-1
-2.5930E-1 -2.6410E-1
-2.5920E-1 -2.7030E-1
-2.5910E-1 -2.6370E-1
-2.5900E-1 -2.6990E-1
-2.5890E-1 -2.6360E-1
-2.5880E-1 -2.6970E-1
-2.5870E-1 -2.6320E-1
-2.5860E-1 -2.6930E-1
-2.5850E-1 -2.6320E-1
-2.5840E-1 -2.6920E-1
-2.5830E-1 -2.6280E-1
-2.5820E-1 -2.6890E-1
-2.5810E-1 -2.6270E-1
-2.5800E-1 -2.6870E-1
-2.5790E-1 -2.6230E-1
-2.5780E-1 -2.6850E-1
-2.5770E-1 -2.6230E-1
-2.5760E-1 -2.6850E-1
-2.5750E-1 -2.6200E-1
-2.5740E-1 -2.6810E-1
-2.5730E-1 -2.6190E-1
-2.5720E-1 -2.6790E-1
-2.5710E-1 -2.6150E-1
-2.5700E-1 -2.6760E-1
-2.5690E-1 -2.6150E-1
-2.5680E-1 -2.6760E-1
-2.5670E-1 -2.6110E-1
-2.5660E-1 -2.6730E-1
-2.5650E-1 -2.6100E-1
-2.5640E-1 -2.6710E-1
-2.5630E-1 -2.6080E-1
-2.5620E-1 -2.6690E-1
-2.5610E-1 -2.6080E-1
-2.5600E-1 -2.6690E-1
-2.5590E-1 -2.6130E-1
-2.5580E-1 -2.6750E-1
-2.5570E-1 -2.6110E-1
-2.5560E-1 -2.6730E-1
-2.5550E-1 -2.6080E-1
-2.5540E-1 -2.6690E-1
-2.5530E-1 -2.6070E-1
-2.5520E-1 -2.6680E-1
-2.5510E-1 -2.6030E-1
-2.5500E-1 -2.6640E-1
-2.5490E-1 -2.6020E-1
-2.5480E-1 -2.6630E-1
-2.5470E-1 -2.5990E-1
-2.5460E-1 -2.6600E-1
-2.5450E-1 -2.5990E-1
-2.5440E-1 -2.6590E-1
-2.5430E-1 -2.5940E-1
-2.5420E-1 -2.6550E-1
-2.5410E-1 -2.5920E-1
-2.5400E-1 -2.6530E-1
-2.5390E-1 -2.5890E-1
-2.5380E-1 -2.6500E-1
-2.5370E-1 -2.5890E-1
-2.5360E-1 -2.6490E-1
-2.5350E-1 -2.5850E-1
-2.5340E-1 -2.6460E-1
-2.5330E-1 -2.5840E-1
-2.5320E-1 -2.6450E-1
-2.5310E-1 -2.5810E-1
-2.5300E-1 -2.6420E-1
-2.5290E-1 -2.5810E-1
-2.5280E-1 -2.6420E-1
-2.5270E-1 -2.5770E-1
-2.5260E-1 -2.6380E-1
-2.5250E-1 -2.5750E-1
-2.5240E-1 -2.6360E-1
-2.5230E-1 -2.5720E-1
-2.5220E-1 -2.6330E-1
-2.5210E-1 -2.5710E-1
-2.5200E-1 -2.6320E-1
-2.5190E-1 -2.5670E-1
-2.5180E-1 -2.6280E-1
-2.5170E-1 -2.5660E-1
-2.5160E-1 -2.6260E-1
-2.5150E-1 -2.5630E-1
-2.5140E-1 -2.6240E-1
-2.5130E-1 -2.5630E-1
-2.5120E-1 -2.6230E-1
-2.5110E-1 -2.5580E-1
-2.5100E-1 -2.6190E-1
-2.5090E-1 -2.5570E-1
-2.5080E-1 -2.6180E-1
-2.5070E-1 -2.5540E-1
-2.5060E-1 -2.6140E-1
-2.5050E-1 -2.5530E-1
-2.5040E-1 -2.6140E-1
-2.5030E-1 -2.5500E-1
-2.5020E-1 -2.6100E-1
-2.5010E-1 -2.5480E-1
-2.5000E-1 -2.6090E-1
