-5.4090E-1 -5.4850E-1
-5.4080E-1 -5.6030E-1
-5.4070E-1 -5.4790E-1
-5.4060E-1 -5.5970E-1
-5.4050E-1 -5.4770E-1
-5.4040E-1 -5.5950E-1
-5.4030E-1 -5.4730E-1
-5.4020E-1 -5.5910E-1
-5.4010E-1 -5.4740E-1
-5.4000E-1 -5.5920E-1
-5.3990E-1 -5.4690E-1
-5.3980E-1 -5.5860E-1
-5.3970E-1 -5.4690E-1
-5.3960E-1 -5.5870E-1
-5.3950E-1 -5.4660E-1
-5.3940E-1 -5.5830E-1
-5.3930E-1 -5.4670E-1
-5.3920E-1 -5.5850E-1
-5.3910E-1 -5.4610E-1
-5.3900E-1 -5.5790E-1
-5.3890E-1 -5.4610E-1
-5.3880E-1 -5.5780E-1
-5.3870E-1 -5.4570E-1
-5.3860E-1 -5.5750E-1
-5.3850E-1 -5.4580E-1
-5.3840E-1 -5.5760E-1
-5.3830E-1 -5.4540E-1
-5.3820E-1 -5.5710E-1
-5.3810E-1 -5.4540E-1
-5.3800E-1 -5.5710E-1
-5.3790E-1 -5.4520E-1
-5.3780E-1 -5.5690E-1
-5.3770E-1 -5.4530E-1
-5.3760E-1 -5.5720E-1
-5.3750E-1 -5.4550E-1
-5.3740E-1 -5.5730E-1
-5.3730E-1 -5.4540E-1
-5.3720E-1 -5.5720E-1
-5.3710E-1 -5.4490E-1
-5.3700E-1 -5.5670E-1
-5.3690E-1 -5.4490E-1
-5.3680E-1 -5.5670E-1
-5.3670E-1 -5.4440E-1
-5.3660E-1 -5.5620E-1
-5.3650E-1 -5.4430E-1
-5.3640E-1 -5.5610E-1
-5.3630E-1 -5.4390E-1
-5.3620E-1 -5.5570E-1
-5.3610E-1 -5.4400E-1
-5.3600E-1 -5.5580E-1
-5.3590E-1 -5.4350E-1
-5.3580E-1 -5.5520E-1
-5.3570E-1 -5.4330E-1
-5.3560E-1 -5.5510E-1
-5.3550E-1 -5.4290E-1
-5.3540E-1 -5.5460E-1
-5.3530E-1 -5.4300E-1
-5.3520E-1 -5.5470E-1
-5.3510E-1 -5.4250E-1
-5.3500E-1 -5.5420E-1
-5.3490E-1 -5.4240E-1
-5.3480E-1 -5.5420E-1
-5.3470E-1 -5.4220E-1
-5.3460E-1 -5.5390E-1
-5.3450E-1 -5.4230E-1
-5.3440E-1 -5.5410E-1
-5.3430E-1 -5.4170E-1
-5.3420E-1 -5.5350E-1
-5.3410E-1 -5.4160E-1
-5.3400E-1 -5.5330E-1
-5.3390E-1 -5.4120E-1
-5.3380E-1 -5.5280E-1
-5.3370E-1 -5.4120E-1
-5.3360E-1 -5.5290E-1
-5.3350E-1 -5.4070E-1
-5.3340E-1 -5.5230E-1
-5.3330E-1 -5.4060E-1
-5.3320E-1 -5.5230E-1
-5.3310E-1 -5.4030E-1
-5.3300E-1 -5.5200E-1
-5.3290E-1 -5.4040E-1
-5.3280E-1 -5.5210E-1
-5.3270E-1 -5.3980E-1
-5.3260E-1 -5.5150E-1
-5.3250E-1 -5.3980E-1
-5.3240E-1 -5.5140E-1
-5.3230E-1 -5.3940E-1
-5.3220E-1 -5.5110E-1
-5.3210E-1 -5.3950E-1
-5.3200E-1 -5.5120E-1
-5.3190E-1 -5.3900E-1
-5.3180E-1 -5.5070E-1
-5.3170E-1 -5.3900E-1
-5.3160E-1 -5.5070E-1
-5.3150E-1 -5.3880E-1
-5.3140E-1 -5.5040E-1
-5.3130E-1 -5.3890E-1
-5.3120E-1 -5.5060E-1
-5.3110E-1 -5.3840E-1
-5.3100E-1 -5.5000E-1
-5.3090E-1 -5.3820E-1
-5.3080E-1 -5.4980E-1
-5.3070E-1 -5.3770E-1
-5.3060E-1 -5.4940E-1
-5.3050E-1 -5.3780E-1
-5.3040E-1 -5.4940E-1
-5.3030E-1 -5.3730E-1
-5.3020E-1 -5.4890E-1
-5.3010E-1 -5.3720E-1
-5.3000E-1 -5.4880E-1
-5.2990E-1 -5.3680E-1
-5.2980E-1 -5.4850E-1
-5.2970E-1 -5.3700E-1
-5.2960E-1 -5.4860E-1
-5.2950E-1 -5.3640E-1
-5.2940E-1 -5.4800E-1
-5.2930E-1 -5.3620E-1
-5.2920E-1 -5.4790E-1
-5.2910E-1 -5.3590E-1
-5.2900E-1 -5.4750E-1
-5.2890E-1 -5.3600E-1
-5.2880E-1 -5.4760E-1
-5.2870E-1 -5.3550E-1
-5.2860E-1 -5.4710E-1
-5.2850E-1 -5.3540E-1
-5.2840E-1 -5.4710E-1
-5.2830E-1 -5.3520E-1
-5.2820E-1 -5.4680E-1
-5.2810E-1 -5.3540E-1
-5.2800E-1 -5.4700E-1
-5.2790E-1 -5.3480E-1
-5.2780E-1 -5.4640E-1
-5.2770E-1 -5.3460E-1
-5.2760E-1 -5.4620E-1
-5.2750E-1 -5.3420E-1
-5.2740E-1 -5.4580E-1
-5.2730E-1 -5.3420E-1
-5.2720E-1 -5.4590E-1
-5.2710E-1 -5.3380E-1
-5.2700E-1 -5.4540E-1
-5.2690E-1 -5.3370E-1
-5.2680E-1 -5.4530E-1
-5.2670E-1 -5.3350E-1
-5.2660E-1 -5.4500E-1
-5.2650E-1 -5.3360E-1
-5.2640E-1 -5.4520E-1
-5.2630E-1 -5.3300E-1
-5.2620E-1 -5.4450E-1
-5.2610E-1 -5.3300E-1
-5.2600E-1 -5.4450E-1
-5.2590E-1 -5.3260E-1
-5.2580E-1 -5.4410E-1
-5.2570E-1 -5.3270E-1
-5.2560E-1 -5.4420E-1
-5.2550E-1 -5.3220E-1
-5.2540E-1 -5.4370E-1
-5.2530E-1 -5.3220E-1
-5.2520E-1 -5.4380E-1
-5.2510E-1 -5.3200E-1
-5.2500E-1 -5.4350E-1
-5.2490E-1 -5.3220E-1
-5.2480E-1 -5.4370E-1
-5.2470E-1 -5.3170E-1
-5.2460E-1 -5.4320E-1
-5.2450E-1 -5.3150E-1
-5.2440E-1 -5.4310E-1
-5.2430E-1 -5.3110E-1
-5.2420E-1 -5.4260E-1
-5.2410E-1 -5.3110E-1
-5.2400E-1 -5.4270E-1
-5.2390E-1 -5.3060E-1
-5.2380E-1 -5.4210E-1
-5.2370E-1 -5.3050E-1
-5.2360E-1 -5.4200E-1
-5.2350E-1 -5.3020E-1
-5.2340E-1 -5.4170E-1
-5.2330E-1 -5.3030E-1
-5.2320E-1 -5.4180E-1
-5.2310E-1 -5.2970E-1
-5.2300E-1 -5.4120E-1
-5.2290E-1 -5.2960E-1
-5.2280E-1 -5.4110E-1
-5.2270E-1 -5.2920E-1
-5.2260E-1 -5.4070E-1
-5.2250E-1 -5.2930E-1
-5.2240E-1 -5.4080E-1
-5.2230E-1 -5.2880E-1
-5.2220E-1 -5.4020E-1
-5.2210E-1 -5.2870E-1
-5.2200E-1 -5.4020E-1
-5.2190E-1 -5.2850E-1
-5.2180E-1 -5.3990E-1
-5.2170E-1 -5.2860E-1
-5.2160E-1 -5.4010E-1
-5.2150E-1 -5.2800E-1
-5.2140E-1 -5.3950E-1
-5.2130E-1 -5.2790E-1
-5.2120E-1 -5.3930E-1
-5.2110E-1 -5.2750E-1
-5.2100E-1 -5.3890E-1
-5.2090E-1 -5.2750E-1
-5.2080E-1 -5.3900E-1
-5.2070E-1 -5.2700E-1
-5.2060E-1 -5.3840E-1
-5.2050E-1 -5.2690E-1
-5.2040E-1 -5.3840E-1
-5.2030E-1 -5.2670E-1
-5.2020E-1 -5.3800E-1
-5.2010E-1 -5.2680E-1
-5.2000E-1 -5.3820E-1
-5.1990E-1 -5.2620E-1
-5.1980E-1 -5.3760E-1
-5.1970E-1 -5.2610E-1
-5.1960E-1 -5.3750E-1
-5.1950E-1 -5.2580E-1
-5.1940E-1 -5.3710E-1
-5.1930E-1 -5.2590E-1
-5.1920E-1 -5.3730E-1
-5.1910E-1 -5.2540E-1
-5.1900E-1 -5.3680E-1
-5.1890E-1 -5.2540E-1
-5.1880E-1 -5.3680E-1
-5.1870E-1 -5.2520E-1
-5.1860E-1 -5.3660E-1
-5.1850E-1 -5.2530E-1
-5.1840E-1 -5.3670E-1
-5.1830E-1 -5.2480E-1
-5.1820E-1 -5.3620E-1
-5.1810E-1 -5.2460E-1
-5.1800E-1 -5.3600E-1
-5.1790E-1 -5.2420E-1
-5.1780E-1 -5.3560E-1
-5.1770E-1 -5.2420E-1
-5.1760E-1 -5.3560E-1
-5.1750E-1 -5.2370E-1
-5.1740E-1 -5.3510E-1
-5.1730E-1 -5.2360E-1
-5.1720E-1 -5.3500E-1
-5.1710E-1 -5.2330E-1
-5.1700E-1 -5.3470E-1
-5.1690E-1 -5.2340E-1
-5.1680E-1 -5.3480E-1
-5.1670E-1 -5.2290E-1
-5.1660E-1 -5.3420E-1
-5.1650E-1 -5.2280E-1
-5.1640E-1 -5.3410E-1
-5.1630E-1 -5.2240E-1
-5.1620E-1 -5.3370E-1
-5.1610E-1 -5.2250E-1
-5.1600E-1 -5.3380E-1
-5.1590E-1 -5.2200E-1
-5.1580E-1 -5.3330E-1
-5.1570E-1 -5.2200E-1
-5.1560E-1 -5.3330E-1
-5.1550E-1 -5.2170E-1
-5.1540E-1 -5.3300E-1
-5.1530E-1 -5.2190E-1
-5.1520E-1 -5.3320E-1
-5.1510E-1 -5.2130E-1
-5.1500E-1 -5.3260E-1
-5.1490E-1 -5.2110E-1
-5.1480E-1 -5.3250E-1
-5.1470E-1 -5.2080E-1
-5.1460E-1 -5.3210E-1
-5.1450E-1 -5.2090E-1
-5.1440E-1 -5.3210E-1
-5.1430E-1 -5.2030E-1
-5.1420E-1 -5.3160E-1
-5.1410E-1 -5.2030E-1
-5.1400E-1 -5.3160E-1
-5.1390E-1 -5.2000E-1
-5.1380E-1 -5.3130E-1
-5.1370E-1 -5.2020E-1
-5.1360E-1 -5.3140E-1
-5.1350E-1 -5.1960E-1
-5.1340E-1 -5.3090E-1
-5.1330E-1 -5.1950E-1
-5.1320E-1 -5.3080E-1
-5.1310E-1 -5.1920E-1
-5.1300E-1 -5.3040E-1
-5.1290E-1 -5.1930E-1
-5.1280E-1 -1.7590E-1
-5.1270E-1 -5.1890E-1
-5.1260E-1 -5.3010E-1
-5.1250E-1 -5.1880E-1
-5.1240E-1 -5.3010E-1
-5.1230E-1 -5.1860E-1
-5.1220E-1 -5.2980E-1
-5.1210E-1 -5.1880E-1
-5.1200E-1 -5.3010E-1
-5.1190E-1 -5.1980E-1
-5.1180E-1 -5.3120E-1
-5.1170E-1 -5.1960E-1
-5.1160E-1 -5.3090E-1
-5.1150E-1 -5.1920E-1
-5.1140E-1 -5.3050E-1
-5.1130E-1 -5.1920E-1
-5.1120E-1 -5.3050E-1
-5.1110E-1 -5.1870E-1
-5.1100E-1 -5.2990E-1
-5.1090E-1 -5.1860E-1
-5.1080E-1 -5.2990E-1
-5.1070E-1 -5.1830E-1
-5.1060E-1 -5.2950E-1
-5.1050E-1 -5.1840E-1
-5.1040E-1 -5.2960E-1
-5.1030E-1 -5.1780E-1
-5.1020E-1 -5.2900E-1
-5.1010E-1 -5.1760E-1
-5.1000E-1 -5.2890E-1
-5.0990E-1 -5.1720E-1
-5.0980E-1 -5.2850E-1
-5.0970E-1 -5.1730E-1
-5.0960E-1 -5.2850E-1
-5.0950E-1 -5.1680E-1
-5.0940E-1 -5.2800E-1
-5.0930E-1 -5.1670E-1
-5.0920E-1 -5.2800E-1
-5.0910E-1 -5.1650E-1
-5.0900E-1 -5.2770E-1
-5.0890E-1 -5.1660E-1
-5.0880E-1 -5.2780E-1
-5.0870E-1 -5.1600E-1
-5.0860E-1 -5.2730E-1
-5.0850E-1 -5.1590E-1
-5.0840E-1 -5.2710E-1
-5.0830E-1 -5.1550E-1
-5.0820E-1 -5.2670E-1
-5.0810E-1 -5.1550E-1
-5.0800E-1 -5.2670E-1
-5.0790E-1 -5.1500E-1
-5.0780E-1 -5.2620E-1
-5.0770E-1 -5.1490E-1
-5.0760E-1 -5.2610E-1
-5.0750E-1 -5.1460E-1
-5.0740E-1 -5.2580E-1
-5.0730E-1 -5.1480E-1
-5.0720E-1 -5.2590E-1
-5.0710E-1 -5.1420E-1
-5.0700E-1 -5.2540E-1
-5.0690E-1 -5.1410E-1
-5.0680E-1 -5.2530E-1
-5.0670E-1 -5.1370E-1
-5.0660E-1 -5.2490E-1
-5.0650E-1 -5.1380E-1
-5.0640E-1 -5.2500E-1
-5.0630E-1 -5.1330E-1
-5.0620E-1 -5.2450E-1
-5.0610E-1 -5.1330E-1
-5.0600E-1 -5.2440E-1
-5.0590E-1 -5.1310E-1
-5.0580E-1 -5.2420E-1
-5.0570E-1 -5.1320E-1
-5.0560E-1 -5.2440E-1
-5.0550E-1 -5.1270E-1
-5.0540E-1 -5.2380E-1
-5.0530E-1 -5.1250E-1
-5.0520E-1 -5.2360E-1
-5.0510E-1 -5.1210E-1
-5.0500E-1 -5.2320E-1
-5.0490E-1 -5.1210E-1
-5.0480E-1 -5.2320E-1
-5.0470E-1 -5.1160E-1
-5.0460E-1 -5.2270E-1
-5.0450E-1 -5.1150E-1
-5.0440E-1 -5.2260E-1
-5.0430E-1 -5.1120E-1
-5.0420E-1 -5.2230E-1
-5.0410E-1 -5.1130E-1
-5.0400E-1 -5.2240E-1
-5.0390E-1 -5.1070E-1
-5.0380E-1 -5.2170E-1
-5.0370E-1 -5.1060E-1
-5.0360E-1 -5.2170E-1
-5.0350E-1 -5.1020E-1
-5.0340E-1 -5.2130E-1
-5.0330E-1 -5.1030E-1
-5.0320E-1 -5.2130E-1
-5.0310E-1 -5.0980E-1
-5.0300E-1 -5.2090E-1
-5.0290E-1 -5.0970E-1
-5.0280E-1 -5.2080E-1
-5.0270E-1 -5.0950E-1
-5.0260E-1 -5.2060E-1
-5.0250E-1 -5.0960E-1
-5.0240E-1 -5.2070E-1
-5.0230E-1 -5.0910E-1
-5.0220E-1 -5.2010E-1
-5.0210E-1 -5.0890E-1
-5.0200E-1 -5.2000E-1
-5.0190E-1 -5.0850E-1
-5.0180E-1 -5.1960E-1
-5.0170E-1 -5.0850E-1
-5.0160E-1 -5.1960E-1
-5.0150E-1 -5.0810E-1
-5.0140E-1 -5.1910E-1
-5.0130E-1 -5.0800E-1
-5.0120E-1 -5.1910E-1
-5.0110E-1 -5.0770E-1
-5.0100E-1 -5.1880E-1
-5.0090E-1 -5.0780E-1
-5.0080E-1 -5.1890E-1
-5.0070E-1 -5.0730E-1
-5.0060E-1 -5.1840E-1
-5.0050E-1 -5.0720E-1
-5.0040E-1 -5.1820E-1
-5.0030E-1 -5.0690E-1
-5.0020E-1 -5.1790E-1
-5.0010E-1 -5.0690E-1
-5.0000E-1 -5.1800E-1
-4.9990E-1 -5.0650E-1
-4.9980E-1 -5.1750E-1
-4.9970E-1 -5.0650E-1
-4.9960E-1 -5.1750E-1
-4.9950E-1 -5.0630E-1
-4.9940E-1 -5.1720E-1
-4.9930E-1 -5.0640E-1
-4.9920E-1 -5.1750E-1
-4.9910E-1 -5.0600E-1
-4.9900E-1 -5.1690E-1
-4.9890E-1 -5.0580E-1
-4.9880E-1 -5.1680E-1
-4.9870E-1 -5.0540E-1
-4.9860E-1 -5.1630E-1
-4.9850E-1 -5.0530E-1
-4.9840E-1 -5.1640E-1
-4.9830E-1 -5.0490E-1
-4.9820E-1 -5.1580E-1
-4.9810E-1 -5.0470E-1
-4.9800E-1 -5.1570E-1
-4.9790E-1 -5.0440E-1
-4.9780E-1 -5.1540E-1
-4.9770E-1 -5.0450E-1
-4.9760E-1 -5.1550E-1
-4.9750E-1 -5.0390E-1
-4.9740E-1 -5.1490E-1
-4.9730E-1 -5.0380E-1
-4.9720E-1 -5.1480E-1
-4.9710E-1 -5.0350E-1
-4.9700E-1 -5.1440E-1
-4.9690E-1 -5.0350E-1
-4.9680E-1 -5.1450E-1
-4.9670E-1 -5.0300E-1
-4.9660E-1 -5.1400E-1
-4.9650E-1 -5.0300E-1
-4.9640E-1 -5.1390E-1
-4.9630E-1 -5.0270E-1
-4.9620E-1 -5.1370E-1
-4.9610E-1 -5.0290E-1
-4.9600E-1 -5.1390E-1
-4.9590E-1 -5.0230E-1
-4.9580E-1 -5.1320E-1
-4.9570E-1 -5.0210E-1
-4.9560E-1 -5.1300E-1
-4.9550E-1 -5.0180E-1
-4.9540E-1 -5.1260E-1
-4.9530E-1 -5.0180E-1
-4.9520E-1 -5.1270E-1
-4.9510E-1 -5.0130E-1
-4.9500E-1 -5.1220E-1
-4.9490E-1 -5.0120E-1
-4.9480E-1 -5.1220E-1
-4.9470E-1 -5.0090E-1
-4.9460E-1 -5.1180E-1
-4.9450E-1 -5.0100E-1
-4.9440E-1 -5.1190E-1
-4.9430E-1 -5.0050E-1
-4.9420E-1 -5.1140E-1
-4.9410E-1 -5.0040E-1
-4.9400E-1 -5.1120E-1
-4.9390E-1 -5.0000E-1
-4.9380E-1 -5.1100E-1
-4.9370E-1 -5.0010E-1
-4.9360E-1 -5.1100E-1
-4.9350E-1 -4.9970E-1
-4.9340E-1 -5.1050E-1
-4.9330E-1 -4.9970E-1
-4.9320E-1 -5.1050E-1
-4.9310E-1 -4.9940E-1
-4.9300E-1 -5.1020E-1
-4.9290E-1 -4.9960E-1
-4.9280E-1 -5.1040E-1
-4.9270E-1 -4.9900E-1
-4.9260E-1 -5.0990E-1
-4.9250E-1 -4.9880E-1
-4.9240E-1 -5.0970E-1
-4.9230E-1 -4.9840E-1
-4.9220E-1 -5.0930E-1
-4.9210E-1 -4.9850E-1
-4.9200E-1 -5.0930E-1
-4.9190E-1 -4.9800E-1
-4.9180E-1 -5.0880E-1
-4.9170E-1 -4.9790E-1
-4.9160E-1 -5.0870E-1
-4.9150E-1 -4.9760E-1
-4.9140E-1 -5.0840E-1
-4.9130E-1 -4.9770E-1
-4.9120E-1 -5.0850E-1
-4.9110E-1 -4.9710E-1
-4.9100E-1 -5.0790E-1
-4.9090E-1 -4.9700E-1
-4.9080E-1 -5.0780E-1
-4.9070E-1 -4.9660E-1
-4.9060E-1 -5.0740E-1
-4.9050E-1 -4.9670E-1
-4.9040E-1 -5.0750E-1
-4.9030E-1 -4.9620E-1
-4.9020E-1 -5.0700E-1
-4.9010E-1 -4.9620E-1
-4.9000E-1 -5.0700E-1
-4.8990E-1 -4.9590E-1
-4.8980E-1 -5.0670E-1
-4.8970E-1 -4.9610E-1
-4.8960E-1 -5.0690E-1
-4.8950E-1 -4.9550E-1
-4.8940E-1 -5.0630E-1
-4.8930E-1 -4.9540E-1
-4.8920E-1 -5.0620E-1
-4.8910E-1 -4.9510E-1
-4.8900E-1 -5.0580E-1
-4.8890E-1 -4.9510E-1
-4.8880E-1 -5.0580E-1
-4.8870E-1 -4.9460E-1
-4.8860E-1 -5.0530E-1
-4.8850E-1 -4.9450E-1
-4.8840E-1 -5.0530E-1
-4.8830E-1 -4.9420E-1
-4.8820E-1 -5.0500E-1
-4.8810E-1 -4.9440E-1
-4.8800E-1 -5.0510E-1
-4.8790E-1 -4.9390E-1
-4.8780E-1 -5.0460E-1
-4.8770E-1 -4.9380E-1
-4.8760E-1 -5.0450E-1
-4.8750E-1 -4.9340E-1
-4.8740E-1 -5.0410E-1
-4.8730E-1 -4.9350E-1
-4.8720E-1 -5.0430E-1
-4.8710E-1 -4.9310E-1
-4.8700E-1 -5.0380E-1
-4.8690E-1 -4.9300E-1
-4.8680E-1 -5.0370E-1
-4.8670E-1 -4.9280E-1
-4.8660E-1 -5.0350E-1
-4.8650E-1 -4.9300E-1
-4.8640E-1 -5.0380E-1
-4.8630E-1 -4.9330E-1
-4.8620E-1 -5.0400E-1
-4.8610E-1 -4.9310E-1
-4.8600E-1 -5.0380E-1
-4.8590E-1 -4.9270E-1
-4.8580E-1 -5.0350E-1
-4.8570E-1 -4.9260E-1
-4.8560E-1 -5.0340E-1
-4.8550E-1 -4.9220E-1
-4.8540E-1 -5.0290E-1
-4.8530E-1 -4.9210E-1
-4.8520E-1 -5.0280E-1
-4.8510E-1 -4.9170E-1
-4.8500E-1 -5.0250E-1
-4.8490E-1 -4.9180E-1
-4.8480E-1 -5.0260E-1
-4.8470E-1 -4.9120E-1
-4.8460E-1 -5.0200E-1
-4.8450E-1 -4.9110E-1
-4.8440E-1 -5.0180E-1
-4.8430E-1 -4.9070E-1
-4.8420E-1 -5.0150E-1
-4.8410E-1 -4.9080E-1
-4.8400E-1 -5.0150E-1
-4.8390E-1 -4.9030E-1
-4.8380E-1 -5.0100E-1
-4.8370E-1 -4.9020E-1
-4.8360E-1 -5.0090E-1
-4.8350E-1 -4.8990E-1
-4.8340E-1 -5.0070E-1
-4.8330E-1 -4.9010E-1
-4.8320E-1 -5.0080E-1
-4.8310E-1 -4.8950E-1
-4.8300E-1 -5.0020E-1
-4.8290E-1 -4.8930E-1
-4.8280E-1 -5.0000E-1
-4.8270E-1 -4.8900E-1
-4.8260E-1 -4.9960E-1
-4.8250E-1 -4.8900E-1
-4.8240E-1 -4.9970E-1
-4.8230E-1 -4.8850E-1
-4.8220E-1 -4.9910E-1
-4.8210E-1 -4.8840E-1
-4.8200E-1 -4.9910E-1
-4.8190E-1 -4.8810E-1
-4.8180E-1 -4.9880E-1
-4.8170E-1 -4.8820E-1
-4.8160E-1 -4.9880E-1
-4.8150E-1 -4.8760E-1
-4.8140E-1 -4.9830E-1
-4.8130E-1 -4.8750E-1
-4.8120E-1 -4.9820E-1
-4.8110E-1 -4.8720E-1
-4.8100E-1 -4.9780E-1
-4.8090E-1 -4.8720E-1
-4.8080E-1 -4.9790E-1
-4.8070E-1 -4.8680E-1
-4.8060E-1 -4.9740E-1
-4.8050E-1 -4.8670E-1
-4.8040E-1 -4.9740E-1
-4.8030E-1 -4.8650E-1
-4.8020E-1 -4.9720E-1
-4.8010E-1 -4.8670E-1
-4.8000E-1 -4.9730E-1
-4.7990E-1 -4.8610E-1
-4.7980E-1 -4.9680E-1
-4.7970E-1 -4.8590E-1
-4.7960E-1 -4.9660E-1
-4.7950E-1 -4.8560E-1
-4.7940E-1 -4.9620E-1
-4.7930E-1 -4.8560E-1
-4.7920E-1 -4.9620E-1
-4.7910E-1 -4.8510E-1
-4.7900E-1 -4.9570E-1
-4.7890E-1 -4.8490E-1
-4.7880E-1 -4.9560E-1
-4.7870E-1 -4.8460E-1
-4.7860E-1 -4.9530E-1
-4.7850E-1 -4.8480E-1
-4.7840E-1 -4.9530E-1
-4.7830E-1 -4.8420E-1
-4.7820E-1 -4.9480E-1
-4.7810E-1 -4.8410E-1
-4.7800E-1 -4.9470E-1
-4.7790E-1 -4.8370E-1
-4.7780E-1 -4.9430E-1
-4.7770E-1 -4.8370E-1
-4.7760E-1 -4.9440E-1
-4.7750E-1 -4.8330E-1
-4.7740E-1 -4.9380E-1
-4.7730E-1 -4.8320E-1
-4.7720E-1 -4.9380E-1
-4.7710E-1 -4.8300E-1
-4.7700E-1 -4.9360E-1
-4.7690E-1 -4.8310E-1
-4.7680E-1 -4.9370E-1
-4.7670E-1 -4.8260E-1
-4.7660E-1 -4.9310E-1
-4.7650E-1 -4.8240E-1
-4.7640E-1 -4.9300E-1
-4.7630E-1 -4.8200E-1
-4.7620E-1 -4.9260E-1
-4.7610E-1 -4.8210E-1
-4.7600E-1 -4.9260E-1
-4.7590E-1 -4.8160E-1
-4.7580E-1 -4.9210E-1
-4.7570E-1 -4.8150E-1
-4.7560E-1 -4.9200E-1
-4.7550E-1 -4.8120E-1
-4.7540E-1 -4.9170E-1
-4.7530E-1 -4.8140E-1
-4.7520E-1 -4.9190E-1
-4.7510E-1 -4.8080E-1
-4.7500E-1 -4.9130E-1
-4.7490E-1 -4.8070E-1
-4.7480E-1 -4.9120E-1
-4.7470E-1 -4.8030E-1
-4.7460E-1 -4.9090E-1
-4.7450E-1 -4.8040E-1
-4.7440E-1 -4.9090E-1
-4.7430E-1 -4.8000E-1
-4.7420E-1 -4.9050E-1
-4.7410E-1 -4.8000E-1
-4.7400E-1 -4.9050E-1
-4.7390E-1 -4.7970E-1
-4.7380E-1 -4.9020E-1
-4.7370E-1 -4.7990E-1
-4.7360E-1 -4.9040E-1
-4.7350E-1 -4.7950E-1
-4.7340E-1 -4.9000E-1
-4.7330E-1 -4.7930E-1
-4.7320E-1 -4.8980E-1
-4.7310E-1 -4.7890E-1
-4.7300E-1 -4.8930E-1
-4.7290E-1 -4.7890E-1
-4.7280E-1 -4.8940E-1
-4.7270E-1 -4.7830E-1
-4.7260E-1 -4.8880E-1
-4.7250E-1 -4.7830E-1
-4.7240E-1 -4.8870E-1
-4.7230E-1 -4.7790E-1
-4.7220E-1 -4.8840E-1
-4.7210E-1 -4.7800E-1
-4.7200E-1 -4.8850E-1
-4.7190E-1 -4.7750E-1
-4.7180E-1 -4.8790E-1
-4.7170E-1 -4.7730E-1
-4.7160E-1 -4.8780E-1
-4.7150E-1 -4.7700E-1
-4.7140E-1 -4.8740E-1
-4.7130E-1 -4.7700E-1
-4.7120E-1 -4.8740E-1
-4.7110E-1 -4.7660E-1
-4.7100E-1 -4.8690E-1
-4.7090E-1 -4.7650E-1
-4.7080E-1 -4.8690E-1
-4.7070E-1 -4.7620E-1
-4.7060E-1 -4.8660E-1
-4.7050E-1 -4.7640E-1
-4.7040E-1 -4.8680E-1
-4.7030E-1 -4.7580E-1
-4.7020E-1 -4.8620E-1
-4.7010E-1 -4.7560E-1
-4.7000E-1 -4.8600E-1
-4.6990E-1 -4.7520E-1
-4.6980E-1 -4.8570E-1
-4.6970E-1 -4.7530E-1
-4.6960E-1 -4.8570E-1
-4.6950E-1 -4.7480E-1
-4.6940E-1 -4.8520E-1
-4.6930E-1 -4.7470E-1
-4.6920E-1 -4.8510E-1
-4.6910E-1 -4.7440E-1
-4.6900E-1 -4.8480E-1
-4.6890E-1 -4.7450E-1
-4.6880E-1 -4.8490E-1
-4.6870E-1 -4.7400E-1
-4.6860E-1 -4.8430E-1
-4.6850E-1 -4.7390E-1
-4.6840E-1 -4.8430E-1
-4.6830E-1 -4.7350E-1
-4.6820E-1 -4.8390E-1
-4.6810E-1 -4.7360E-1
-4.6800E-1 -4.8400E-1
-4.6790E-1 -4.7310E-1
-4.6780E-1 -4.8350E-1
-4.6770E-1 -4.7310E-1
-4.6760E-1 -4.8350E-1
-4.6750E-1 -4.7290E-1
-4.6740E-1 -4.8320E-1
-4.6730E-1 -4.7310E-1
-4.6720E-1 -4.8340E-1
-4.6710E-1 -4.7250E-1
-4.6700E-1 -4.8290E-1
-4.6690E-1 -4.7240E-1
-4.6680E-1 -4.8270E-1
-4.6670E-1 -4.7200E-1
-4.6660E-1 -4.8230E-1
-4.6650E-1 -4.7200E-1
-4.6640E-1 -4.8230E-1
-4.6630E-1 -4.7150E-1
-4.6620E-1 -4.8180E-1
-4.6610E-1 -4.7140E-1
-4.6600E-1 -4.8170E-1
-4.6590E-1 -4.7110E-1
-4.6580E-1 -4.8140E-1
-4.6570E-1 -4.7110E-1
-4.6560E-1 -4.8150E-1
-4.6550E-1 -4.7060E-1
-4.6540E-1 -4.8090E-1
-4.6530E-1 -4.7050E-1
-4.6520E-1 -4.8080E-1
-4.6510E-1 -4.7020E-1
-4.6500E-1 -4.8040E-1
-4.6490E-1 -4.7020E-1
-4.6480E-1 -4.8050E-1
-4.6470E-1 -4.6970E-1
-4.6460E-1 -4.8000E-1
-4.6450E-1 -4.6970E-1
-4.6440E-1 -4.7990E-1
-4.6430E-1 -4.6940E-1
-4.6420E-1 -4.7980E-1
-4.6410E-1 -4.6960E-1
-4.6400E-1 -4.7990E-1
-4.6390E-1 -4.6900E-1
-4.6380E-1 -4.7930E-1
-4.6370E-1 -4.6890E-1
-4.6360E-1 -4.7920E-1
-4.6350E-1 -4.6850E-1
-4.6340E-1 -4.7880E-1
-4.6330E-1 -4.6850E-1
-4.6320E-1 -4.7880E-1
-4.6310E-1 -4.6810E-1
-4.6300E-1 -4.7830E-1
-4.6290E-1 -4.6800E-1
-4.6280E-1 -4.7830E-1
-4.6270E-1 -4.6780E-1
-4.6260E-1 -4.7800E-1
-4.6250E-1 -4.6780E-1
-4.6240E-1 -4.7810E-1
-4.6230E-1 -4.6730E-1
-4.6220E-1 -4.7760E-1
-4.6210E-1 -4.6730E-1
-4.6200E-1 -4.7750E-1
-4.6190E-1 -4.6690E-1
-4.6180E-1 -4.7710E-1
-4.6170E-1 -4.6690E-1
-4.6160E-1 -4.7720E-1
-4.6150E-1 -4.6650E-1
-4.6140E-1 -4.7680E-1
-4.6130E-1 -4.6650E-1
-4.6120E-1 -4.7680E-1
-4.6110E-1 -4.6630E-1
-4.6100E-1 -4.7650E-1
-4.6090E-1 -4.6640E-1
-4.6080E-1 -4.7670E-1
-4.6070E-1 -4.6670E-1
-4.6060E-1 -4.7710E-1
-4.6050E-1 -4.6650E-1
-4.6040E-1 -4.7680E-1
-4.6030E-1 -4.6620E-1
-4.6020E-1 -4.7650E-1
-4.6010E-1 -4.6610E-1
-4.6000E-1 -4.7640E-1
-4.5990E-1 -4.6570E-1
-4.5980E-1 -4.7590E-1
-4.5970E-1 -4.6550E-1
-4.5960E-1 -4.7580E-1
-4.5950E-1 -4.6520E-1
-4.5940E-1 -4.7540E-1
-4.5930E-1 -4.6530E-1
-4.5920E-1 -4.7550E-1
-4.5910E-1 -4.6470E-1
-4.5900E-1 -4.7500E-1
-4.5890E-1 -4.6460E-1
-4.5880E-1 -4.7480E-1
-4.5870E-1 -4.6420E-1
-4.5860E-1 -4.7440E-1
-4.5850E-1 -4.6430E-1
-4.5840E-1 -4.7450E-1
-4.5830E-1 -4.6380E-1
-4.5820E-1 -4.7400E-1
-4.5810E-1 -4.6370E-1
-4.5800E-1 -4.7390E-1
-4.5790E-1 -4.6350E-1
-4.5780E-1 -4.7370E-1
-4.5770E-1 -4.6350E-1
-4.5760E-1 -4.7380E-1
-4.5750E-1 -4.6300E-1
-4.5740E-1 -4.7320E-1
-4.5730E-1 -4.6280E-1
-4.5720E-1 -4.7300E-1
-4.5710E-1 -4.6250E-1
-4.5700E-1 -4.7260E-1
-4.5690E-1 -4.6250E-1
-4.5680E-1 -4.7260E-1
-4.5670E-1 -4.6190E-1
-4.5660E-1 -4.7210E-1
-4.5650E-1 -4.6190E-1
-4.5640E-1 -4.7210E-1
-4.5630E-1 -4.6160E-1
-4.5620E-1 -4.7170E-1
-4.5610E-1 -4.6170E-1
-4.5600E-1 -4.7190E-1
-4.5590E-1 -4.6120E-1
-4.5580E-1 -4.7130E-1
-4.5570E-1 -4.6100E-1
-4.5560E-1 -4.7120E-1
-4.5550E-1 -4.6070E-1
-4.5540E-1 -4.7080E-1
-4.5530E-1 -4.6070E-1
-4.5520E-1 -4.7090E-1
-4.5510E-1 -4.6030E-1
-4.5500E-1 -4.7050E-1
-4.5490E-1 -4.6030E-1
-4.5480E-1 -4.7040E-1
-4.5470E-1 -4.6000E-1
-4.5460E-1 -4.7010E-1
-4.5450E-1 -4.6020E-1
-4.5440E-1 -4.7030E-1
-4.5430E-1 -4.5960E-1
-4.5420E-1 -4.6980E-1
-4.5410E-1 -4.5940E-1
-4.5400E-1 -4.6960E-1
-4.5390E-1 -4.5910E-1
-4.5380E-1 -4.6920E-1
-4.5370E-1 -4.5900E-1
-4.5360E-1 -4.6920E-1
-4.5350E-1 -4.5850E-1
-4.5340E-1 -4.6860E-1
-4.5330E-1 -4.5850E-1
-4.5320E-1 -4.6850E-1
-4.5310E-1 -4.5810E-1
-4.5300E-1 -4.6830E-1
-4.5290E-1 -4.5820E-1
-4.5280E-1 -4.6830E-1
-4.5270E-1 -4.5770E-1
-4.5260E-1 -4.6770E-1
-4.5250E-1 -4.5750E-1
-4.5240E-1 -4.6760E-1
-4.5230E-1 -4.5720E-1
-4.5220E-1 -4.6730E-1
-4.5210E-1 -4.5720E-1
-4.5200E-1 -4.6730E-1
-4.5190E-1 -4.5680E-1
-4.5180E-1 -4.6680E-1
-4.5170E-1 -4.5670E-1
-4.5160E-1 -4.6680E-1
-4.5150E-1 -4.5640E-1
-4.5140E-1 -4.6660E-1
-4.5130E-1 -4.5660E-1
-4.5120E-1 -4.6670E-1
-4.5110E-1 -4.5600E-1
-4.5100E-1 -4.6610E-1
-4.5090E-1 -4.5590E-1
-4.5080E-1 -4.6600E-1
-4.5070E-1 -4.5550E-1
-4.5060E-1 -4.6560E-1
-4.5050E-1 -4.5550E-1
-4.5040E-1 -4.6560E-1
-4.5030E-1 -4.5510E-1
-4.5020E-1 -4.6510E-1
-4.5010E-1 -4.5500E-1
-4.5000E-1 -4.6500E-1
-4.4990E-1 -4.5470E-1
-4.4980E-1 -4.6480E-1
-4.4970E-1 -4.5480E-1
-4.4960E-1 -4.6490E-1
-4.4950E-1 -4.5430E-1
-4.4940E-1 -4.6430E-1
-4.4930E-1 -4.5420E-1
-4.4920E-1 -4.6420E-1
-4.4910E-1 -4.5390E-1
-4.4900E-1 -4.6390E-1
-4.4890E-1 -4.5390E-1
-4.4880E-1 -4.6390E-1
-4.4870E-1 -4.5350E-1
-4.4860E-1 -4.6350E-1
-4.4850E-1 -4.5340E-1
-4.4840E-1 -4.6350E-1
-4.4830E-1 -4.5320E-1
-4.4820E-1 -4.6320E-1
-4.4810E-1 -4.5330E-1
-4.4800E-1 -4.6330E-1
-4.4790E-1 -4.5290E-1
-4.4780E-1 -4.6290E-1
-4.4770E-1 -4.5270E-1
-4.4760E-1 -4.6270E-1
-4.4750E-1 -4.5240E-1
-4.4740E-1 -4.6230E-1
-4.4730E-1 -4.5230E-1
-4.4720E-1 -4.6230E-1
-4.4710E-1 -4.5180E-1
-4.4700E-1 -4.6180E-1
-4.4690E-1 -4.5180E-1
-4.4680E-1 -4.6170E-1
-4.4670E-1 -4.5140E-1
-4.4660E-1 -4.6140E-1
-4.4650E-1 -4.5150E-1
-4.4640E-1 -4.6150E-1
-4.4630E-1 -4.5090E-1
-4.4620E-1 -4.6090E-1
-4.4610E-1 -4.5080E-1
-4.4600E-1 -4.6070E-1
-4.4590E-1 -4.5050E-1
-4.4580E-1 -4.6040E-1
-4.4570E-1 -4.5040E-1
-4.4560E-1 -4.6040E-1
-4.4550E-1 -4.5000E-1
-4.4540E-1 -4.5990E-1
-4.4530E-1 -4.5000E-1
-4.4520E-1 -4.5990E-1
-4.4510E-1 -4.4970E-1
-4.4500E-1 -4.5970E-1
-4.4490E-1 -4.4980E-1
-4.4480E-1 -4.5980E-1
-4.4470E-1 -4.4930E-1
-4.4460E-1 -4.5920E-1
-4.4450E-1 -4.4910E-1
-4.4440E-1 -4.5900E-1
-4.4430E-1 -4.4870E-1
-4.4420E-1 -4.5860E-1
-4.4410E-1 -4.4870E-1
-4.4400E-1 -4.5870E-1
-4.4390E-1 -4.4830E-1
-4.4380E-1 -4.5820E-1
-4.4370E-1 -4.4820E-1
-4.4360E-1 -4.5810E-1
-4.4350E-1 -4.4790E-1
-4.4340E-1 -4.5780E-1
-4.4330E-1 -4.4800E-1
-4.4320E-1 -4.5780E-1
-4.4310E-1 -4.4750E-1
-4.4300E-1 -4.5740E-1
-4.4290E-1 -4.4730E-1
-4.4280E-1 -4.5730E-1
-4.4270E-1 -4.4700E-1
-4.4260E-1 -4.5690E-1
-4.4250E-1 -4.4700E-1
-4.4240E-1 -4.5700E-1
-4.4230E-1 -4.4660E-1
-4.4220E-1 -4.5650E-1
-4.4210E-1 -4.4660E-1
-4.4200E-1 -4.5650E-1
-4.4190E-1 -4.4640E-1
-4.4180E-1 -4.5630E-1
-4.4170E-1 -4.4650E-1
-4.4160E-1 -4.5640E-1
-4.4150E-1 -4.4600E-1
-4.4140E-1 -4.5580E-1
-4.4130E-1 -4.4580E-1
-4.4120E-1 -4.5570E-1
-4.4110E-1 -4.4540E-1
-4.4100E-1 -4.5530E-1
-4.4090E-1 -4.4540E-1
-4.4080E-1 -4.5530E-1
-4.4070E-1 -4.4500E-1
-4.4060E-1 -4.5480E-1
-4.4050E-1 -4.4480E-1
-4.4040E-1 -4.5470E-1
-4.4030E-1 -4.4450E-1
-4.4020E-1 -4.5440E-1
-4.4010E-1 -4.4460E-1
-4.4000E-1 -4.5440E-1
-4.3990E-1 -4.4410E-1
-4.3980E-1 -4.5390E-1
-4.3970E-1 -4.4400E-1
-4.3960E-1 -4.5380E-1
-4.3950E-1 -4.4360E-1
-4.3940E-1 -4.5350E-1
-4.3930E-1 -4.4370E-1
-4.3920E-1 -4.5350E-1
-4.3910E-1 -4.4320E-1
-4.3900E-1 -4.5310E-1
-4.3890E-1 -4.4310E-1
-4.3880E-1 -4.5300E-1
-4.3870E-1 -4.4290E-1
-4.3860E-1 -4.5270E-1
-4.3850E-1 -4.4300E-1
-4.3840E-1 -4.5280E-1
-4.3830E-1 -4.4250E-1
-4.3820E-1 -4.5230E-1
-4.3810E-1 -4.4240E-1
-4.3800E-1 -4.5220E-1
-4.3790E-1 -4.4200E-1
-4.3780E-1 -4.5180E-1
-4.3770E-1 -4.4200E-1
-4.3760E-1 -4.5180E-1
-4.3750E-1 -4.4150E-1
-4.3740E-1 -4.5130E-1
-4.3730E-1 -4.4140E-1
-4.3720E-1 -4.5120E-1
-4.3710E-1 -4.4120E-1
-4.3700E-1 -4.5100E-1
-4.3690E-1 -4.4130E-1
-4.3680E-1 -4.5110E-1
-4.3670E-1 -4.4080E-1
-4.3660E-1 -4.5050E-1
-4.3650E-1 -4.4070E-1
-4.3640E-1 -4.5050E-1
-4.3630E-1 -4.4030E-1
-4.3620E-1 -4.5020E-1
-4.3610E-1 -4.4040E-1
-4.3600E-1 -4.5020E-1
-4.3590E-1 -4.4000E-1
-4.3580E-1 -4.4980E-1
-4.3570E-1 -4.4000E-1
-4.3560E-1 -4.4970E-1
-4.3550E-1 -4.3970E-1
-4.3540E-1 -1.0970E-1
-4.3530E-1 -4.3990E-1
-4.3520E-1 -4.4970E-1
-4.3510E-1 -4.4000E-1
-4.3500E-1 -4.4980E-1
-4.3490E-1 -4.3980E-1
-4.3480E-1 -4.4960E-1
-4.3470E-1 -4.3940E-1
-4.3460E-1 -4.4930E-1
-4.3450E-1 -4.3940E-1
-4.3440E-1 -4.4930E-1
-4.3430E-1 -4.3890E-1
-4.3420E-1 -4.4870E-1
-4.3410E-1 -4.3880E-1
-4.3400E-1 -4.4860E-1
-4.3390E-1 -4.3850E-1
-4.3380E-1 -4.4830E-1
-4.3370E-1 -4.3850E-1
-4.3360E-1 -4.4830E-1
-4.3350E-1 -4.3800E-1
-4.3340E-1 -4.4780E-1
-4.3330E-1 -4.3790E-1
-4.3320E-1 -4.4760E-1
-4.3310E-1 -4.3750E-1
-4.3300E-1 -4.4730E-1
-4.3290E-1 -4.3750E-1
-4.3280E-1 -4.4720E-1
-4.3270E-1 -4.3710E-1
-4.3260E-1 -4.4680E-1
-4.3250E-1 -4.3700E-1
-4.3240E-1 -4.4680E-1
-4.3230E-1 -4.3670E-1
-4.3220E-1 -4.4640E-1
-4.3210E-1 -4.3680E-1
-4.3200E-1 -4.4660E-1
-4.3190E-1 -4.3630E-1
-4.3180E-1 -4.4600E-1
-4.3170E-1 -4.3610E-1
-4.3160E-1 -4.4590E-1
-4.3150E-1 -4.3570E-1
-4.3140E-1 -4.4550E-1
-4.3130E-1 -4.3570E-1
-4.3120E-1 -4.4550E-1
-4.3110E-1 -4.3520E-1
-4.3100E-1 -4.4490E-1
-4.3090E-1 -4.3510E-1
-4.3080E-1 -4.4490E-1
-4.3070E-1 -4.3490E-1
-4.3060E-1 -4.4460E-1
-4.3050E-1 -4.3490E-1
-4.3040E-1 -4.4470E-1
-4.3030E-1 -4.3440E-1
-4.3020E-1 -4.4410E-1
-4.3010E-1 -4.3430E-1
-4.3000E-1 -4.4400E-1
-4.2990E-1 -4.3390E-1
-4.2980E-1 -4.4360E-1
-4.2970E-1 -4.3400E-1
-4.2960E-1 -4.4370E-1
-4.2950E-1 -4.3350E-1
-4.2940E-1 -4.4320E-1
-4.2930E-1 -4.3350E-1
-4.2920E-1 -4.4320E-1
-4.2910E-1 -4.3320E-1
-4.2900E-1 -4.4300E-1
-4.2890E-1 -4.3330E-1
-4.2880E-1 -4.4300E-1
-4.2870E-1 -4.3290E-1
-4.2860E-1 -4.4250E-1
-4.2850E-1 -4.3270E-1
-4.2840E-1 -4.4240E-1
-4.2830E-1 -4.3230E-1
-4.2820E-1 -4.4190E-1
-4.2810E-1 -4.3230E-1
-4.2800E-1 -4.4200E-1
-4.2790E-1 -4.3180E-1
-4.2780E-1 -4.4150E-1
-4.2770E-1 -4.3170E-1
-4.2760E-1 -4.4140E-1
-4.2750E-1 -4.3140E-1
-4.2740E-1 -4.4100E-1
-4.2730E-1 -4.3140E-1
-4.2720E-1 -4.4120E-1
-4.2710E-1 -4.3090E-1
-4.2700E-1 -4.4060E-1
-4.2690E-1 -4.3080E-1
-4.2680E-1 -4.4050E-1
-4.2670E-1 -4.3040E-1
-4.2660E-1 -4.4010E-1
-4.2650E-1 -4.3040E-1
-4.2640E-1 -4.4010E-1
-4.2630E-1 -4.3000E-1
-4.2620E-1 -4.3970E-1
-4.2610E-1 -4.2990E-1
-4.2600E-1 -4.3960E-1
-4.2590E-1 -4.2970E-1
-4.2580E-1 -4.3930E-1
-4.2570E-1 -4.2980E-1
-4.2560E-1 -4.3940E-1
-4.2550E-1 -4.2920E-1
-4.2540E-1 -4.3890E-1
-4.2530E-1 -4.2910E-1
-4.2520E-1 -4.3870E-1
-4.2510E-1 -4.2870E-1
-4.2500E-1 -4.3840E-1
-4.2490E-1 -4.2870E-1
-4.2480E-1 -4.3840E-1
-4.2470E-1 -4.2820E-1
-4.2460E-1 -4.3790E-1
-4.2450E-1 -4.2810E-1
-4.2440E-1 -4.3780E-1
-4.2430E-1 -4.2790E-1
-4.2420E-1 -4.3750E-1
-4.2410E-1 -4.2790E-1
-4.2400E-1 -4.3760E-1
-4.2390E-1 -4.2750E-1
-4.2380E-1 -4.3710E-1
-4.2370E-1 -4.2730E-1
-4.2360E-1 -4.3700E-1
-4.2350E-1 -4.2700E-1
-4.2340E-1 -4.3660E-1
-4.2330E-1 -4.2700E-1
-4.2320E-1 -4.3670E-1
-4.2310E-1 -4.2660E-1
-4.2300E-1 -4.3620E-1
-4.2290E-1 -4.2650E-1
-4.2280E-1 -4.3620E-1
-4.2270E-1 -4.2630E-1
-4.2260E-1 -4.3590E-1
-4.2250E-1 -4.2640E-1
-4.2240E-1 -4.3610E-1
-4.2230E-1 -4.2600E-1
-4.2220E-1 -4.3570E-1
-4.2210E-1 -4.2580E-1
-4.2200E-1 -4.3550E-1
-4.2190E-1 -4.2540E-1
-4.2180E-1 -4.3510E-1
-4.2170E-1 -4.2540E-1
-4.2160E-1 -4.3500E-1
-4.2150E-1 -4.2490E-1
-4.2140E-1 -4.3450E-1
-4.2130E-1 -4.2480E-1
-4.2120E-1 -4.3440E-1
-4.2110E-1 -4.2450E-1
-4.2100E-1 -4.3410E-1
-4.2090E-1 -4.2450E-1
-4.2080E-1 -4.3410E-1
-4.2070E-1 -4.2390E-1
-4.2060E-1 -4.3360E-1
-4.2050E-1 -4.2380E-1
-4.2040E-1 -4.3340E-1
-4.2030E-1 -4.2340E-1
-4.2020E-1 -4.3310E-1
-4.2010E-1 -4.2340E-1
-4.2000E-1 -4.3310E-1
