-3.2050E-1 -3.2780E-1
-3.2040E-1 -3.3520E-1
-3.2030E-1 -3.2760E-1
-3.2020E-1 -3.3500E-1
-3.2010E-1 -3.2760E-1
-3.2000E-1 -3.3500E-1
-3.1990E-1 -3.2730E-1
-3.1980E-1 -3.3470E-1
-3.1970E-1 -3.2710E-1
-3.1960E-1 -3.3450E-1
-3.1950E-1 -3.2680E-1
-3.1940E-1 -3.3410E-1
-3.1930E-1 -3.2670E-1
-3.1920E-1 -3.3400E-1
-3.1910E-1 -3.2630E-1
-3.1900E-1 -3.3360E-1
-3.1890E-1 -3.2620E-1
-3.1880E-1 -3.3350E-1
-3.1870E-1 -3.2590E-1
-3.1860E-1 -3.3320E-1
-3.1850E-1 -3.2590E-1
-3.1840E-1 -3.3320E-1
-3.1830E-1 -3.2540E-1
-3.1820E-1 -3.3270E-1
-3.1810E-1 -3.2530E-1
-3.1800E-1 -3.3260E-1
-3.1790E-1 -3.2490E-1
-3.1780E-1 -3.3220E-1
-3.1770E-1 -3.2490E-1
-3.1760E-1 -3.3220E-1
-3.1750E-1 -3.2450E-1
-3.1740E-1 -3.3180E-1
-3.1730E-1 -3.2440E-1
-3.1720E-1 -3.3170E-1
-3.1710E-1 -3.2420E-1
-3.1700E-1 -3.3140E-1
-3.1690E-1 -3.2420E-1
-3.1680E-1 -3.3150E-1
-3.1670E-1 -3.2370E-1
-3.1660E-1 -3.3100E-1
-3.1650E-1 -3.2360E-1
-3.1640E-1 -3.3080E-1
-3.1630E-1 -3.2320E-1
-3.1620E-1 -3.3040E-1
-3.1610E-1 -3.2310E-1
-3.1600E-1 -3.3040E-1
-3.1590E-1 -3.2270E-1
-3.1580E-1 -3.3000E-1
-3.1570E-1 -3.2260E-1
-3.1560E-1 -3.2980E-1
-3.1550E-1 -3.2240E-1
-3.1540E-1 -3.2950E-1
-3.1530E-1 -3.2230E-1
-3.1520E-1 -3.2960E-1
-3.1510E-1 -3.2190E-1
-3.1500E-1 -3.2910E-1
-3.1490E-1 -3.2180E-1
-3.1480E-1 -3.2900E-1
-3.1470E-1 -3.2140E-1
-3.1460E-1 -3.2870E-1
-3.1450E-1 -3.2140E-1
-3.1440E-1 -3.2870E-1
-3.1430E-1 -3.2110E-1
-3.1420E-1 -3.2820E-1
-3.1410E-1 -3.2090E-1
-3.1400E-1 -3.2820E-1
-3.1390E-1 -3.2080E-1
-3.1380E-1 -3.2790E-1
-3.1370E-1 -3.2070E-1
-3.1360E-1 -3.2800E-1
-3.1350E-1 -3.2040E-1
-3.1340E-1 -3.2760E-1
-3.1330E-1 -3.2020E-1
-3.1320E-1 -3.2740E-1
-3.1310E-1 -3.1990E-1
-3.1300E-1 -3.2700E-1
-3.1290E-1 -3.1980E-1
-3.1280E-1 -3.2700E-1
-3.1270E-1 -3.1940E-1
-3.1260E-1 -3.2650E-1
-3.1250E-1 -3.1920E-1
-3.1240E-1 -3.2640E-1
-3.1230E-1 -3.1900E-1
-3.1220E-1 -3.2610E-1
-3.1210E-1 -3.1900E-1
-3.1200E-1 -3.2610E-1
-3.1190E-1 -3.1850E-1
-3.1180E-1 -3.2570E-1
-3.1170E-1 -3.1840E-1
-3.1160E-1 -3.2550E-1
-3.1150E-1 -3.1800E-1
-3.1140E-1 -3.2520E-1
-3.1130E-1 -3.1800E-1
-3.1120E-1 -3.2510E-1
-3.1110E-1 -3.1770E-1
-3.1100E-1 -3.2480E-1
-3.1090E-1 -3.1760E-1
-3.1080E-1 -3.2460E-1
-3.1070E-1 -3.1730E-1
-3.1060E-1 -3.2440E-1
-3.1050E-1 -3.1730E-1
-3.1040E-1 -3.2440E-1
-3.1030E-1 -3.1690E-1
-3.1020E-1 -3.2400E-1
-3.1010E-1 -3.1670E-1
-3.1000E-1 -3.2380E-1
-3.0990E-1 -3.1640E-1
-3.0980E-1 -3.2350E-1
-3.0970E-1 -3.1630E-1
-3.0960E-1 -3.2350E-1
-3.0950E-1 -3.1600E-1
-3.0940E-1 -3.2300E-1
-3.0930E-1 -3.1580E-1
-3.0920E-1 -3.2300E-1
-3.0910E-1 -3.1560E-1
-3.0900E-1 -3.2260E-1
-3.0890E-1 -3.1560E-1
-3.0880E-1 -3.2270E-1
-3.0870E-1 -3.1520E-1
-3.0860E-1 -3.2220E-1
-3.0850E-1 -3.1500E-1
-3.0840E-1 -3.2210E-1
-3.0830E-1 -3.1470E-1
-3.0820E-1 -3.2180E-1
-3.0810E-1 -3.1470E-1
-3.0800E-1 -3.2180E-1
-3.0790E-1 -3.1440E-1
-3.0780E-1 -3.2140E-1
-3.0770E-1 -3.1430E-1
-3.0760E-1 -3.2130E-1
-3.0750E-1 -3.1400E-1
-3.0740E-1 -3.2110E-1
-3.0730E-1 -3.1410E-1
-3.0720E-1 -3.2120E-1
-3.0710E-1 -3.1530E-1
-3.0700E-1 -3.2240E-1
-3.0690E-1 -3.1510E-1
-3.0680E-1 -3.2220E-1
-3.0670E-1 -3.1470E-1
-3.0660E-1 -3.2180E-1
-3.0650E-1 -3.1460E-1
-3.0640E-1 -3.2170E-1
-3.0630E-1 -3.1420E-1
-3.0620E-1 -3.2130E-1
-3.0610E-1 -3.1410E-1
-3.0600E-1 -3.2120E-1
-3.0590E-1 -3.1380E-1
-3.0580E-1 -3.2090E-1
-3.0570E-1 -3.1380E-1
-3.0560E-1 -3.2090E-1
-3.0550E-1 -3.1330E-1
-3.0540E-1 -3.2040E-1
-3.0530E-1 -3.1320E-1
-3.0520E-1 -3.2020E-1
-3.0510E-1 -3.1290E-1
-3.0500E-1 -3.1990E-1
-3.0490E-1 -3.1280E-1
-3.0480E-1 -3.1990E-1
-3.0470E-1 -3.1240E-1
-3.0460E-1 -3.1940E-1
-3.0450E-1 -3.1230E-1
-3.0440E-1 -3.1940E-1
-3.0430E-1 -3.1200E-1
-3.0420E-1 -3.1910E-1
-3.0410E-1 -3.1210E-1
-3.0400E-1 -3.1910E-1
-3.0390E-1 -3.1160E-1
-3.0380E-1 -3.1860E-1
-3.0370E-1 -3.1140E-1
-3.0360E-1 -3.1850E-1
-3.0350E-1 -3.1110E-1
-3.0340E-1 -3.1810E-1
-3.0330E-1 -3.1100E-1
-3.0320E-1 -3.1800E-1
-3.0310E-1 -3.1060E-1
-3.0300E-1 -3.1760E-1
-3.0290E-1 -3.1050E-1
-3.0280E-1 -3.1750E-1
-3.0270E-1 -3.1030E-1
-3.0260E-1 -3.1720E-1
-3.0250E-1 -3.1020E-1
-3.0240E-1 -3.1720E-1
-3.0230E-1 -3.0980E-1
-3.0220E-1 -3.1680E-1
-3.0210E-1 -3.0970E-1
-3.0200E-1 -3.1660E-1
-3.0190E-1 -3.0940E-1
-3.0180E-1 -3.1630E-1
-3.0170E-1 -3.0930E-1
-3.0160E-1 -3.1630E-1
-3.0150E-1 -3.0890E-1
-3.0140E-1 -3.1590E-1
-3.0130E-1 -3.0880E-1
-3.0120E-1 -3.1580E-1
-3.0110E-1 -3.0860E-1
-3.0100E-1 -3.1560E-1
-3.0090E-1 -3.0860E-1
-3.0080E-1 -3.1560E-1
-3.0070E-1 -3.0830E-1
-3.0060E-1 -3.1520E-1
-3.0050E-1 -3.0800E-1
-3.0040E-1 -3.1490E-1
-3.0030E-1 -3.0770E-1
-3.0020E-1 -3.1460E-1
-3.0010E-1 -3.0760E-1
-3.0000E-1 -3.1450E-1
-2.9990E-1 -3.0730E-1
-2.9980E-1 -3.1420E-1
-2.9970E-1 -3.0710E-1
-2.9960E-1 -3.1400E-1
-2.9950E-1 -3.0680E-1
-2.9940E-1 -3.1370E-1
-2.9930E-1 -3.0680E-1
-2.9920E-1 -3.1370E-1
-2.9910E-1 -3.0640E-1
-2.9900E-1 -3.1320E-1
-2.9890E-1 -3.0620E-1
-2.9880E-1 -3.1310E-1
-2.9870E-1 -3.0590E-1
-2.9860E-1 -3.1280E-1
-2.9850E-1 -3.0590E-1
-2.9840E-1 -3.1280E-1
-2.9830E-1 -3.0550E-1
-2.9820E-1 -3.1240E-1
-2.9810E-1 -3.0540E-1
-2.9800E-1 -3.1220E-1
-2.9790E-1 -3.0510E-1
-2.9780E-1 -3.1200E-1
-2.9770E-1 -3.0510E-1
-2.9760E-1 -3.1200E-1
-2.9750E-1 -3.0470E-1
-2.9740E-1 -3.1160E-1
-2.9730E-1 -3.0450E-1
-2.9720E-1 -3.1140E-1
-2.9710E-1 -3.0420E-1
-2.9700E-1 -3.1110E-1
-2.9690E-1 -3.0420E-1
-2.9680E-1 -3.1100E-1
-2.9670E-1 -3.0370E-1
-2.9660E-1 -3.1060E-1
-2.9650E-1 -3.0370E-1
-2.9640E-1 -3.1050E-1
-2.9630E-1 -3.0340E-1
-2.9620E-1 -3.1020E-1
-2.9610E-1 -3.0340E-1
-2.9600E-1 -3.1020E-1
-2.9590E-1 -3.0290E-1
-2.9580E-1 -3.0980E-1
-2.9570E-1 -3.0280E-1
-2.9560E-1 -3.0960E-1
-2.9550E-1 -3.0250E-1
-2.9540E-1 -3.0940E-1
-2.9530E-1 -3.0250E-1
-2.9520E-1 -3.0930E-1
-2.9510E-1 -3.0210E-1
-2.9500E-1 -3.0900E-1
-2.9490E-1 -3.0200E-1
-2.9480E-1 -3.0890E-1
-2.9470E-1 -3.0190E-1
-2.9460E-1 -3.0860E-1
-2.9450E-1 -3.0180E-1
-2.9440E-1 -3.0870E-1
-2.9430E-1 -3.0160E-1
-2.9420E-1 -3.0840E-1
-2.9410E-1 -3.0130E-1
-2.9400E-1 -3.0810E-1
-2.9390E-1 -3.0100E-1
-2.9380E-1 -3.0780E-1
-2.9370E-1 -3.0090E-1
-2.9360E-1 -3.0770E-1
-2.9350E-1 -3.0050E-1
-2.9340E-1 -3.0730E-1
-2.9330E-1 -3.0040E-1
-2.9320E-1 -3.0720E-1
-2.9310E-1 -3.0010E-1
-2.9300E-1 -3.0680E-1
-2.9290E-1 -3.0010E-1
-2.9280E-1 -3.0680E-1
-2.9270E-1 -2.9970E-1
-2.9260E-1 -3.0640E-1
-2.9250E-1 -2.9950E-1
-2.9240E-1 -3.0620E-1
-2.9230E-1 -2.9920E-1
-2.9220E-1 -3.0590E-1
-2.9210E-1 -2.9910E-1
-2.9200E-1 -3.0580E-1
-2.9190E-1 -2.9880E-1
-2.9180E-1 -3.0550E-1
-2.9170E-1 -2.9860E-1
-2.9160E-1 -3.0530E-1
-2.9150E-1 -2.9840E-1
-2.9140E-1 -3.0510E-1
-2.9130E-1 -2.9840E-1
-2.9120E-1 -3.0510E-1
-2.9110E-1 -2.9790E-1
-2.9100E-1 -3.0470E-1
-2.9090E-1 -2.9780E-1
-2.9080E-1 -3.0450E-1
-2.9070E-1 -2.9750E-1
-2.9060E-1 -3.0410E-1
-2.9050E-1 -2.9740E-1
-2.9040E-1 -3.0410E-1
-2.9030E-1 -2.9700E-1
-2.9020E-1 -3.0370E-1
-2.9010E-1 -2.9690E-1
-2.9000E-1 -3.0360E-1
-2.8990E-1 -2.9660E-1
-2.8980E-1 -3.0330E-1
-2.8970E-1 -2.9660E-1
-2.8960E-1 -3.0330E-1
-2.8950E-1 -2.9620E-1
-2.8940E-1 -3.0290E-1
-2.8930E-1 -2.9600E-1
-2.8920E-1 -3.0270E-1
-2.8910E-1 -2.9570E-1
-2.8900E-1 -3.0240E-1
-2.8890E-1 -2.9570E-1
-2.8880E-1 -3.0240E-1
-2.8870E-1 -2.9530E-1
-2.8860E-1 -3.0200E-1
-2.8850E-1 -2.9520E-1
-2.8840E-1 -3.0190E-1
-2.8830E-1 -2.9500E-1
-2.8820E-1 -3.0170E-1
-2.8810E-1 -2.9500E-1
-2.8800E-1 -3.0170E-1
-2.8790E-1 -2.9460E-1
-2.8780E-1 -3.0130E-1
-2.8770E-1 -2.9450E-1
-2.8760E-1 -3.0110E-1
-2.8750E-1 -2.9410E-1
-2.8740E-1 -3.0070E-1
-2.8730E-1 -2.9400E-1
-2.8720E-1 -3.0070E-1
-2.8710E-1 -2.9370E-1
-2.8700E-1 -3.0030E-1
-2.8690E-1 -2.9350E-1
-2.8680E-1 -3.0010E-1
-2.8670E-1 -2.9320E-1
-2.8660E-1 -2.9990E-1
-2.8650E-1 -2.9330E-1
-2.8640E-1 -2.9980E-1
-2.8630E-1 -2.9280E-1
-2.8620E-1 -2.9940E-1
-2.8610E-1 -2.9270E-1
-2.8600E-1 -2.9920E-1
-2.8590E-1 -2.9230E-1
-2.8580E-1 -2.9890E-1
-2.8570E-1 -2.9230E-1
-2.8560E-1 -2.9890E-1
-2.8550E-1 -2.9190E-1
-2.8540E-1 -2.9850E-1
-2.8530E-1 -2.9180E-1
-2.8520E-1 -2.9840E-1
-2.8510E-1 -2.9160E-1
-2.8500E-1 -2.9820E-1
-2.8490E-1 -2.9160E-1
-2.8480E-1 -2.9820E-1
-2.8470E-1 -2.9120E-1
-2.8460E-1 -2.9770E-1
-2.8450E-1 -2.9100E-1
-2.8440E-1 -2.9760E-1
-2.8430E-1 -2.9070E-1
-2.8420E-1 -2.9720E-1
-2.8410E-1 -2.9060E-1
-2.8400E-1 -2.9720E-1
-2.8390E-1 -2.9020E-1
-2.8380E-1 -2.9680E-1
-2.8370E-1 -2.9010E-1
-2.8360E-1 -2.9670E-1
-2.8350E-1 -2.8990E-1
-2.8340E-1 -2.9640E-1
-2.8330E-1 -2.8980E-1
-2.8320E-1 -2.9640E-1
-2.8310E-1 -2.8950E-1
-2.8300E-1 -2.9600E-1
-2.8290E-1 -2.8930E-1
-2.8280E-1 -2.9590E-1
-2.8270E-1 -2.8900E-1
-2.8260E-1 -2.9550E-1
-2.8250E-1 -2.8900E-1
-2.8240E-1 -2.9550E-1
-2.8230E-1 -2.8870E-1
-2.8220E-1 -2.9520E-1
-2.8210E-1 -2.8850E-1
-2.8200E-1 -2.9510E-1
-2.8190E-1 -2.8830E-1
-2.8180E-1 -2.9480E-1
-2.8170E-1 -2.8830E-1
-2.8160E-1 -2.9480E-1
-2.8150E-1 -2.8880E-1
-2.8140E-1 -2.9540E-1
-2.8130E-1 -2.8870E-1
-2.8120E-1 -2.9520E-1
-2.8110E-1 -2.8830E-1
-2.8100E-1 -2.9490E-1
-2.8090E-1 -2.8820E-1
-2.8080E-1 -2.9480E-1
-2.8070E-1 -2.8780E-1
-2.8060E-1 -2.9430E-1
-2.8050E-1 -2.8760E-1
-2.8040E-1 -2.9420E-1
-2.8030E-1 -2.8740E-1
-2.8020E-1 -2.9400E-1
-2.8010E-1 -2.8740E-1
-2.8000E-1 -2.9390E-1
-2.7990E-1 -2.8690E-1
-2.7980E-1 -2.9340E-1
-2.7970E-1 -2.8680E-1
-2.7960E-1 -2.9330E-1
-2.7950E-1 -2.8640E-1
-2.7940E-1 -2.9300E-1
-2.7930E-1 -2.8640E-1
-2.7920E-1 -2.9290E-1
-2.7910E-1 -2.8600E-1
-2.7900E-1 -2.9250E-1
-2.7890E-1 -2.8590E-1
-2.7880E-1 -2.9240E-1
-2.7870E-1 -2.8560E-1
-2.7860E-1 -2.9220E-1
-2.7850E-1 -2.8570E-1
-2.7840E-1 -2.9210E-1
-2.7830E-1 -2.8520E-1
-2.7820E-1 -2.9170E-1
-2.7810E-1 -2.8500E-1
-2.7800E-1 -2.9150E-1
-2.7790E-1 -2.8470E-1
-2.7780E-1 -2.9120E-1
-2.7770E-1 -2.8460E-1
-2.7760E-1 -2.9110E-1
-2.7750E-1 -2.8420E-1
-2.7740E-1 -2.9070E-1
-2.7730E-1 -2.8410E-1
-2.7720E-1 -2.9050E-1
-2.7710E-1 -2.8390E-1
-2.7700E-1 -2.9030E-1
-2.7690E-1 -2.8380E-1
-2.7680E-1 -2.9030E-1
-2.7670E-1 -2.8340E-1
-2.7660E-1 -2.8980E-1
-2.7650E-1 -2.8320E-1
-2.7640E-1 -2.8970E-1
-2.7630E-1 -2.8300E-1
-2.7620E-1 -2.8940E-1
-2.7610E-1 -2.8290E-1
-2.7600E-1 -2.8930E-1
-2.7590E-1 -2.8250E-1
-2.7580E-1 -2.8900E-1
-2.7570E-1 -2.8240E-1
-2.7560E-1 -2.8880E-1
-2.7550E-1 -2.8220E-1
-2.7540E-1 -2.8860E-1
-2.7530E-1 -2.8210E-1
-2.7520E-1 -2.8860E-1
-2.7510E-1 -2.8180E-1
-2.7500E-1 -2.8820E-1
-2.7490E-1 -2.8160E-1
-2.7480E-1 -2.8800E-1
-2.7470E-1 -2.8130E-1
-2.7460E-1 -2.8770E-1
-2.7450E-1 -2.8120E-1
-2.7440E-1 -2.8760E-1
-2.7430E-1 -2.8080E-1
-2.7420E-1 -2.8720E-1
-2.7410E-1 -2.8060E-1
-2.7400E-1 -2.8710E-1
-2.7390E-1 -2.8040E-1
-2.7380E-1 -2.8670E-1
-2.7370E-1 -2.8030E-1
-2.7360E-1 -2.8670E-1
-2.7350E-1 -2.8000E-1
-2.7340E-1 -2.8630E-1
-2.7330E-1 -2.7980E-1
-2.7320E-1 -2.8620E-1
-2.7310E-1 -2.7950E-1
-2.7300E-1 -2.8580E-1
-2.7290E-1 -2.7940E-1
-2.7280E-1 -2.8570E-1
-2.7270E-1 -2.7900E-1
-2.7260E-1 -2.8540E-1
-2.7250E-1 -2.7900E-1
-2.7240E-1 -2.8530E-1
-2.7230E-1 -2.7870E-1
-2.7220E-1 -2.8500E-1
-2.7210E-1 -2.7860E-1
-2.7200E-1 -2.8500E-1
-2.7190E-1 -2.7820E-1
-2.7180E-1 -2.8460E-1
-2.7170E-1 -2.7810E-1
-2.7160E-1 -2.8440E-1
-2.7150E-1 -2.7780E-1
-2.7140E-1 -2.8410E-1
-2.7130E-1 -2.7770E-1
-2.7120E-1 -2.8400E-1
-2.7110E-1 -2.7730E-1
-2.7100E-1 -2.8360E-1
-2.7090E-1 -2.7720E-1
-2.7080E-1 -2.8350E-1
-2.7070E-1 -2.7690E-1
-2.7060E-1 -2.8330E-1
-2.7050E-1 -2.7690E-1
-2.7040E-1 -2.8320E-1
-2.7030E-1 -2.7650E-1
-2.7020E-1 -2.8280E-1
-2.7010E-1 -2.7630E-1
-2.7000E-1 -2.8260E-1
-2.6990E-1 -2.7610E-1
-2.6980E-1 -2.8230E-1
-2.6970E-1 -2.7600E-1
-2.6960E-1 -2.8230E-1
-2.6950E-1 -2.7570E-1
-2.6940E-1 -2.8200E-1
-2.6930E-1 -2.7560E-1
-2.6920E-1 -2.8180E-1
-2.6910E-1 -2.7530E-1
-2.6900E-1 -2.8160E-1
-2.6890E-1 -2.7530E-1
-2.6880E-1 -2.8160E-1
-2.6870E-1 -2.7510E-1
-2.6860E-1 -2.8130E-1
-2.6850E-1 -2.7490E-1
-2.6840E-1 -2.8110E-1
-2.6830E-1 -2.7450E-1
-2.6820E-1 -2.8070E-1
-2.6810E-1 -2.7440E-1
-2.6800E-1 -2.8070E-1
-2.6790E-1 -2.7400E-1
-2.6780E-1 -2.8030E-1
-2.6770E-1 -2.7390E-1
-2.6760E-1 -2.8010E-1
-2.6750E-1 -2.7360E-1
-2.6740E-1 -2.7990E-1
-2.6730E-1 -2.7360E-1
-2.6720E-1 -2.7980E-1
-2.6710E-1 -2.7320E-1
-2.6700E-1 -2.7940E-1
-2.6690E-1 -2.7300E-1
-2.6680E-1 -2.7920E-1
-2.6670E-1 -2.7270E-1
-2.6660E-1 -2.7890E-1
-2.6650E-1 -2.7260E-1
-2.6640E-1 -2.7890E-1
-2.6630E-1 -2.7230E-1
-2.6620E-1 -2.7850E-1
-2.6610E-1 -2.7210E-1
-2.6600E-1 -2.7830E-1
-2.6590E-1 -2.7190E-1
-2.6580E-1 -2.7810E-1
-2.6570E-1 -2.7190E-1
-2.6560E-1 -2.7810E-1
-2.6550E-1 -2.7150E-1
-2.6540E-1 -2.7760E-1
-2.6530E-1 -2.7130E-1
-2.6520E-1 -2.7750E-1
-2.6510E-1 -2.7100E-1
-2.6500E-1 -2.7710E-1
-2.6490E-1 -2.7090E-1
-2.6480E-1 -2.7700E-1
-2.6470E-1 -2.7050E-1
-2.6460E-1 -2.7670E-1
-2.6450E-1 -2.7040E-1
-2.6440E-1 -2.7650E-1
-2.6430E-1 -2.7020E-1
-2.6420E-1 -2.7630E-1
-2.6410E-1 -2.7010E-1
-2.6400E-1 -2.7630E-1
-2.6390E-1 -2.6970E-1
-2.6380E-1 -2.7580E-1
-2.6370E-1 -2.6950E-1
-2.6360E-1 -2.7570E-1
-2.6350E-1 -2.6930E-1
-2.6340E-1 -2.7530E-1
-2.6330E-1 -2.6920E-1
-2.6320E-1 -2.7530E-1
-2.6310E-1 -2.6890E-1
-2.6300E-1 -2.7490E-1
-2.6290E-1 -2.6870E-1
-2.6280E-1 -2.7490E-1
-2.6270E-1 -2.6850E-1
-2.6260E-1 -2.7460E-1
-2.6250E-1 -2.6840E-1
-2.6240E-1 -2.7460E-1
-2.6230E-1 -2.6810E-1
-2.6220E-1 -2.7420E-1
-2.6210E-1 -2.6800E-1
-2.6200E-1 -2.7410E-1
-2.6190E-1 -2.6760E-1
-2.6180E-1 -2.7370E-1
-2.6170E-1 -2.6750E-1
-2.6160E-1 -2.7360E-1
-2.6150E-1 -2.6710E-1
-2.6140E-1 -2.7320E-1
-2.6130E-1 -2.6700E-1
-2.6120E-1 -2.7310E-1
-2.6110E-1 -2.6670E-1
-2.6100E-1 -2.7280E-1
-2.6090E-1 -2.6670E-1
-2.6080E-1 -2.7280E-1
-2.6070E-1 -2.6630E-1
-2.6060E-1 -2.7230E-1
-2.6050E-1 -2.6610E-1
-2.6040E-1 -2.7220E-1
-2.6030E-1 -2.6590E-1
-2.6020E-1 -2.7190E-1
-2.6010E-1 -2.6580E-1
-2.6000E-1 -2.7190E-1
-2.5990E-1 -2.6540E-1
-2.5980E-1 -2.7140E-1
-2.5970E-1 -2.6530E-1
-2.5960E-1 -2.7140E-1
-2.5950E-1 -2.6510E-1
-2.5940E-1 -2.7110E-1
-2.5930E-1 -2.6500E-1
-2.5920E-1 -2.7110E-1
-2.5910E-1 -2.6470E-1
-2.5900E-1 -2.7070E-1
-2.5890E-1 -2.6450E-1
-2.5880E-1 -2.7040E-1
-2.5870E-1 -2.6420E-1
-2.5860E-1 -2.7020E-1
-2.5850E-1 -2.6410E-1
-2.5840E-1 -2.7010E-1
-2.5830E-1 -2.6370E-1
-2.5820E-1 -2.6970E-1
-2.5810E-1 -2.6360E-1
-2.5800E-1 -2.6960E-1
-2.5790E-1 -2.6340E-1
-2.5780E-1 -2.6930E-1
-2.5770E-1 -2.6330E-1
-2.5760E-1 -2.6930E-1
-2.5750E-1 -2.6290E-1
-2.5740E-1 -2.6890E-1
-2.5730E-1 -2.6270E-1
-2.5720E-1 -2.6880E-1
-2.5710E-1 -2.6250E-1
-2.5700E-1 -2.6850E-1
-2.5690E-1 -2.6240E-1
-2.5680E-1 -2.6840E-1
-2.5670E-1 -2.6210E-1
-2.5660E-1 -2.6810E-1
-2.5650E-1 -2.6200E-1
-2.5640E-1 -2.6800E-1
-2.5630E-1 -2.6170E-1
-2.5620E-1 -2.6780E-1
-2.5610E-1 -2.6170E-1
-2.5600E-1 -2.6770E-1
-2.5590E-1 -2.6230E-1
-2.5580E-1 -2.6830E-1
-2.5570E-1 -2.6210E-1
-2.5560E-1 -2.6810E-1
-2.5550E-1 -2.6180E-1
-2.5540E-1 -2.6780E-1
-2.5530E-1 -2.6170E-1
-2.5520E-1 -2.6770E-1
-2.5510E-1 -2.6130E-1
-2.5500E-1 -2.6730E-1
-2.5490E-1 -2.6110E-1
-2.5480E-1 -2.6710E-1
-2.5470E-1 -2.6090E-1
-2.5460E-1 -2.6680E-1
-2.5450E-1 -2.6080E-1
-2.5440E-1 -2.6680E-1
-2.5430E-1 -2.6030E-1
-2.5420E-1 -2.6630E-1
-2.5410E-1 -2.6020E-1
-2.5400E-1 -2.6620E-1
-2.5390E-1 -2.5990E-1
-2.5380E-1 -2.6580E-1
-2.5370E-1 -2.5980E-1
-2.5360E-1 -2.6580E-1
-2.5350E-1 -2.5950E-1
-2.5340E-1 -2.6540E-1
-2.5330E-1 -2.5930E-1
-2.5320E-1 -2.6530E-1
-2.5310E-1 -2.5910E-1
-2.5300E-1 -2.6510E-1
-2.5290E-1 -2.5910E-1
-2.5280E-1 -2.6500E-1
-2.5270E-1 -2.5860E-1
-2.5260E-1 -2.6460E-1
-2.5250E-1 -2.5850E-1
-2.5240E-1 -2.6440E-1
-2.5230E-1 -2.5820E-1
-2.5220E-1 -2.6410E-1
-2.5210E-1 -2.5810E-1
-2.5200E-1 -2.6400E-1
-2.5190E-1 -2.5770E-1
-2.5180E-1 -2.6360E-1
-2.5170E-1 -2.5760E-1
-2.5160E-1 -2.6350E-1
-2.5150E-1 -2.5730E-1
-2.5140E-1 -2.6320E-1
-2.5130E-1 -2.5730E-1
-2.5120E-1 -2.6320E-1
-2.5110E-1 -2.5690E-1
-2.5100E-1 -2.6280E-1
-2.5090E-1 -2.5670E-1
-2.5080E-1 -2.6260E-1
-2.5070E-1 -2.5640E-1
-2.5060E-1 -2.6230E-1
-2.5050E-1 -2.5630E-1
-2.5040E-1 -2.6230E-1
-2.5030E-1 -2.5600E-1
-2.5020E-1 -2.6190E-1
-2.5010E-1 -2.5590E-1
-2.5000E-1 -2.6180E-1
-2.4990E-1 -2.5570E-1
-2.4980E-1 -2.6150E-1
-2.4970E-1 -2.5560E-1
-2.4960E-1 -2.6150E-1
-2.4950E-1 -2.5520E-1
-2.4940E-1 -2.6110E-1
-2.4930E-1 -2.5500E-1
-2.4920E-1 -2.6090E-1
-2.4910E-1 -2.5470E-1
-2.4900E-1 -2.6060E-1
-2.4890E-1 -2.5460E-1
-2.4880E-1 -2.6050E-1
-2.4870E-1 -2.5420E-1
-2.4860E-1 -2.6010E-1
-2.4850E-1 -2.5410E-1
-2.4840E-1 -2.5990E-1
-2.4830E-1 -2.5380E-1
-2.4820E-1 -2.5970E-1
-2.4810E-1 -2.5380E-1
-2.4800E-1 -2.5960E-1
-2.4790E-1 -2.5330E-1
-2.4780E-1 -2.5920E-1
-2.4770E-1 -2.5320E-1
-2.4760E-1 -2.5910E-1
-2.4750E-1 -2.5290E-1
-2.4740E-1 -2.5880E-1
-2.4730E-1 -2.5280E-1
-2.4720E-1 -2.5870E-1
-2.4710E-1 -2.5250E-1
-2.4700E-1 -2.5830E-1
-2.4690E-1 -2.5230E-1
-2.4680E-1 -2.5820E-1
-2.4670E-1 -2.5210E-1
-2.4660E-1 -2.5800E-1
-2.4650E-1 -2.5210E-1
-2.4640E-1 -2.5790E-1
-2.4630E-1 -2.5170E-1
-2.4620E-1 -2.5750E-1
-2.4610E-1 -2.5160E-1
-2.4600E-1 -2.5730E-1
-2.4590E-1 -2.5120E-1
-2.4580E-1 -2.5700E-1
-2.4570E-1 -2.5110E-1
-2.4560E-1 -2.5690E-1
-2.4550E-1 -2.5080E-1
-2.4540E-1 -2.5650E-1
-2.4530E-1 -2.5060E-1
-2.4520E-1 -2.5640E-1
-2.4510E-1 -2.5040E-1
-2.4500E-1 -2.5620E-1
-2.4490E-1 -2.5030E-1
-2.4480E-1 -2.5610E-1
-2.4470E-1 -2.4990E-1
-2.4460E-1 -2.5570E-1
-2.4450E-1 -2.4980E-1
-2.4440E-1 -2.5560E-1
-2.4430E-1 -2.4950E-1
-2.4420E-1 -2.5530E-1
-2.4410E-1 -2.4940E-1
-2.4400E-1 -2.5520E-1
-2.4390E-1 -2.4910E-1
-2.4380E-1 -2.5490E-1
-2.4370E-1 -2.4900E-1
-2.4360E-1 -2.5480E-1
-2.4350E-1 -2.4880E-1
-2.4340E-1 -2.5450E-1
-2.4330E-1 -2.4870E-1
-2.4320E-1 -2.5450E-1
-2.4310E-1 -2.4850E-1
-2.4300E-1 -2.5420E-1
-2.4290E-1 -2.4830E-1
-2.4280E-1 -2.5400E-1
-2.4270E-1 -2.4800E-1
-2.4260E-1 -2.5370E-1
-2.4250E-1 -2.4790E-1
-2.4240E-1 -2.5360E-1
-2.4230E-1 -2.4750E-1
-2.4220E-1 -2.5320E-1
-2.4210E-1 -2.4730E-1
-2.4200E-1 -2.5300E-1
-2.4190E-1 -2.4710E-1
-2.4180E-1 -2.5280E-1
-2.4170E-1 -2.4700E-1
-2.4160E-1 -2.5270E-1
-2.4150E-1 -2.4660E-1
-2.4140E-1 -2.5230E-1
-2.4130E-1 -2.4640E-1
-2.4120E-1 -2.5210E-1
-2.4110E-1 -2.4610E-1
-2.4100E-1 -2.5190E-1
-2.4090E-1 -2.4600E-1
-2.4080E-1 -2.5180E-1
-2.4070E-1 -2.4570E-1
-2.4060E-1 -2.5140E-1
-2.4050E-1 -2.4560E-1
-2.4040E-1 -2.5130E-1
-2.4030E-1 -2.4530E-1
-2.4020E-1 -2.5100E-1
-2.4010E-1 -2.4530E-1
-2.4000E-1 -2.5100E-1
-2.3990E-1 -2.4490E-1
-2.3980E-1 -2.5060E-1
-2.3970E-1 -2.4470E-1
-2.3960E-1 -2.5040E-1
-2.3950E-1 -2.4440E-1
-2.3940E-1 -2.5010E-1
-2.3930E-1 -2.4430E-1
-2.3920E-1 -2.5000E-1
-2.3910E-1 -2.4400E-1
-2.3900E-1 -2.4960E-1
-2.3890E-1 -2.4390E-1
-2.3880E-1 -2.4950E-1
-2.3870E-1 -2.4360E-1
-2.3860E-1 -2.4930E-1
-2.3850E-1 -2.4350E-1
-2.3840E-1 -2.4920E-1
-2.3830E-1 -2.4320E-1
-2.3820E-1 -2.4880E-1
-2.3810E-1 -2.4300E-1
-2.3800E-1 -2.4860E-1
-2.3790E-1 -2.4270E-1
-2.3780E-1 -2.4840E-1
-2.3770E-1 -2.4260E-1
-2.3760E-1 -2.4830E-1
-2.3750E-1 -2.4230E-1
-2.3740E-1 -2.4790E-1
-2.3730E-1 -2.4220E-1
-2.3720E-1 -2.4780E-1
-2.3710E-1 -2.4190E-1
-2.3700E-1 -2.4750E-1
-2.3690E-1 -2.4190E-1
-2.3680E-1 -2.4760E-1
-2.3670E-1 -2.4160E-1
-2.3660E-1 -2.4720E-1
-2.3650E-1 -2.4140E-1
-2.3640E-1 -2.4700E-1
-2.3630E-1 -2.4110E-1
-2.3620E-1 -2.4670E-1
-2.3610E-1 -2.4100E-1
-2.3600E-1 -2.4660E-1
-2.3590E-1 -2.4060E-1
-2.3580E-1 -2.4620E-1
-2.3570E-1 -2.4050E-1
-2.3560E-1 -2.4610E-1
-2.3550E-1 -2.4020E-1
-2.3540E-1 -2.4580E-1
-2.3530E-1 -2.4020E-1
-2.3520E-1 -2.4570E-1
-2.3510E-1 -2.3980E-1
-2.3500E-1 -2.4530E-1
-2.3490E-1 -2.3960E-1
-2.3480E-1 -2.4520E-1
-2.3470E-1 -2.3930E-1
-2.3460E-1 -2.4490E-1
-2.3450E-1 -2.3920E-1
-2.3440E-1 -2.4480E-1
-2.3430E-1 -2.3890E-1
-2.3420E-1 -2.4440E-1
-2.3410E-1 -2.3880E-1
-2.3400E-1 -2.4440E-1
-2.3390E-1 -2.3850E-1
-2.3380E-1 -2.4410E-1
-2.3370E-1 -2.3850E-1
-2.3360E-1 -2.4400E-1
-2.3350E-1 -2.3810E-1
-2.3340E-1 -2.4360E-1
-2.3330E-1 -2.3800E-1
-2.3320E-1 -2.4340E-1
-2.3310E-1 -2.3760E-1
-2.3300E-1 -2.4320E-1
-2.3290E-1 -2.3750E-1
-2.3280E-1 -2.4310E-1
-2.3270E-1 -2.3720E-1
-2.3260E-1 -2.4270E-1
-2.3250E-1 -2.3710E-1
-2.3240E-1 -2.4260E-1
-2.3230E-1 -2.3680E-1
-2.3220E-1 -2.4230E-1
-2.3210E-1 -2.3680E-1
-2.3200E-1 -2.4230E-1
-2.3190E-1 -2.3640E-1
-2.3180E-1 -2.4190E-1
-2.3170E-1 -2.3620E-1
-2.3160E-1 -2.4170E-1
-2.3150E-1 -2.3600E-1
-2.3140E-1 -2.4150E-1
-2.3130E-1 -2.3590E-1
-2.3120E-1 -2.4140E-1
-2.3110E-1 -2.3560E-1
-2.3100E-1 -2.4110E-1
-2.3090E-1 -2.3540E-1
-2.3080E-1 -2.4090E-1
-2.3070E-1 -2.3520E-1
-2.3060E-1 -2.4070E-1
-2.3050E-1 -2.3520E-1
-2.3040E-1 -2.4070E-1
-2.3030E-1 -2.3560E-1
-2.3020E-1 -2.4110E-1
-2.3010E-1 -2.3540E-1
-2.3000E-1 -2.4090E-1
-2.2990E-1 -2.3500E-1
-2.2980E-1 -2.4060E-1
-2.2970E-1 -2.3490E-1
-2.2960E-1 -2.4050E-1
-2.2950E-1 -2.3460E-1
-2.2940E-1 -2.4010E-1
-2.2930E-1 -2.3440E-1
-2.2920E-1 -2.3990E-1
-2.2910E-1 -2.3420E-1
-2.2900E-1 -2.3960E-1
-2.2890E-1 -2.3410E-1
-2.2880E-1 -2.3960E-1
-2.2870E-1 -2.3370E-1
-2.2860E-1 -2.3920E-1
-2.2850E-1 -2.3350E-1
-2.2840E-1 -2.3900E-1
-2.2830E-1 -2.3320E-1
-2.2820E-1 -2.3870E-1
-2.2810E-1 -2.3310E-1
-2.2800E-1 -2.3860E-1
-2.2790E-1 -2.3280E-1
-2.2780E-1 -2.3820E-1
-2.2770E-1 -2.3270E-1
-2.2760E-1 -2.3810E-1
-2.2750E-1 -2.3240E-1
-2.2740E-1 -2.3790E-1
-2.2730E-1 -2.3230E-1
-2.2720E-1 -2.3780E-1
-2.2710E-1 -2.3190E-1
-2.2700E-1 -2.3740E-1
-2.2690E-1 -2.3170E-1
-2.2680E-1 -2.3720E-1
-2.2670E-1 -2.3140E-1
-2.2660E-1 -2.3690E-1
-2.2650E-1 -2.3130E-1
-2.2640E-1 -2.3680E-1
-2.2630E-1 -2.3100E-1
-2.2620E-1 -2.3640E-1
-2.2610E-1 -2.3080E-1
-2.2600E-1 -2.3630E-1
-2.2590E-1 -2.3060E-1
-2.2580E-1 -2.3600E-1
-2.2570E-1 -2.3050E-1
-2.2560E-1 -2.3590E-1
-2.2550E-1 -2.3010E-1
-2.2540E-1 -2.3550E-1
-2.2530E-1 -2.3000E-1
-2.2520E-1 -2.3540E-1
-2.2510E-1 -2.2970E-1
-2.2500E-1 -2.3500E-1
-2.2490E-1 -2.2960E-1
-2.2480E-1 -2.3500E-1
-2.2470E-1 -2.2930E-1
-2.2460E-1 -2.3470E-1
-2.2450E-1 -2.2910E-1
-2.2440E-1 -2.3450E-1
-2.2430E-1 -2.2890E-1
-2.2420E-1 -2.3430E-1
-2.2410E-1 -2.2880E-1
-2.2400E-1 -2.3430E-1
-2.2390E-1 -2.2850E-1
-2.2380E-1 -2.3390E-1
-2.2370E-1 -2.2830E-1
-2.2360E-1 -2.3370E-1
-2.2350E-1 -2.2800E-1
-2.2340E-1 -2.3340E-1
-2.2330E-1 -2.2790E-1
-2.2320E-1 -2.3330E-1
-2.2310E-1 -2.2750E-1
-2.2300E-1 -2.3290E-1
-2.2290E-1 -2.2740E-1
-2.2280E-1 -2.3280E-1
-2.2270E-1 -2.2710E-1
-2.2260E-1 -2.3250E-1
-2.2250E-1 -2.2710E-1
-2.2240E-1 -2.3240E-1
-2.2230E-1 -2.2670E-1
-2.2220E-1 -2.3200E-1
-2.2210E-1 -2.2650E-1
-2.2200E-1 -2.3180E-1
-2.2190E-1 -2.2620E-1
-2.2180E-1 -2.3150E-1
-2.2170E-1 -2.2610E-1
-2.2160E-1 -2.3140E-1
-2.2150E-1 -2.2580E-1
-2.2140E-1 -2.3110E-1
-2.2130E-1 -2.2560E-1
-2.2120E-1 -2.3100E-1
-2.2110E-1 -2.2540E-1
-2.2100E-1 -2.3070E-1
-2.2090E-1 -2.2530E-1
-2.2080E-1 -2.3070E-1
-2.2070E-1 -2.2500E-1
-2.2060E-1 -2.3030E-1
-2.2050E-1 -2.2480E-1
-2.2040E-1 -2.3010E-1
-2.2030E-1 -2.2450E-1
-2.2020E-1 -2.2980E-1
-2.2010E-1 -2.2440E-1
-2.2000E-1 -2.2970E-1
-2.1990E-1 -2.2400E-1
-2.1980E-1 -2.2930E-1
-2.1970E-1 -2.2390E-1
-2.1960E-1 -2.2920E-1
-2.1950E-1 -2.2360E-1
-2.1940E-1 -2.2890E-1
-2.1930E-1 -2.2360E-1
-2.1920E-1 -2.2890E-1
-2.1910E-1 -2.2320E-1
-2.1900E-1 -2.2850E-1
-2.1890E-1 -2.2310E-1
-2.1880E-1 -2.2830E-1
-2.1870E-1 -2.2280E-1
-2.1860E-1 -2.2800E-1
-2.1850E-1 -2.2270E-1
-2.1840E-1 -2.2800E-1
-2.1830E-1 -2.2240E-1
-2.1820E-1 -2.2770E-1
-2.1810E-1 -2.2230E-1
-2.1800E-1 -2.2750E-1
-2.1790E-1 -2.2200E-1
-2.1780E-1 -2.2720E-1
-2.1770E-1 -2.2190E-1
-2.1760E-1 -2.2720E-1
-2.1750E-1 -2.2170E-1
-2.1740E-1 -2.2700E-1
-2.1730E-1 -2.2160E-1
-2.1720E-1 -2.2680E-1
-2.1710E-1 -2.2130E-1
-2.1700E-1 -2.2640E-1
-2.1690E-1 -2.2110E-1
-2.1680E-1 -2.2640E-1
-2.1670E-1 -2.2080E-1
-2.1660E-1 -2.2600E-1
-2.1650E-1 -2.2060E-1
-2.1640E-1 -2.2580E-1
-2.1630E-1 -2.2030E-1
-2.1620E-1 -2.2550E-1
-2.1610E-1 -2.2020E-1
-2.1600E-1 -2.2550E-1
-2.1590E-1 -2.1990E-1
-2.1580E-1 -2.2510E-1
-2.1570E-1 -2.1970E-1
-2.1560E-1 -2.2490E-1
-2.1550E-1 -2.1940E-1
-2.1540E-1 -2.2460E-1
-2.1530E-1 -2.1930E-1
-2.1520E-1 -2.2450E-1
-2.1510E-1 -2.1900E-1
-2.1500E-1 -2.2420E-1
-2.1490E-1 -2.1880E-1
-2.1480E-1 -2.2400E-1
-2.1470E-1 -2.1860E-1
-2.1460E-1 -2.2380E-1
-2.1450E-1 -2.1850E-1
-2.1440E-1 -2.2370E-1
-2.1430E-1 -2.1820E-1
-2.1420E-1 -2.2330E-1
-2.1410E-1 -2.1800E-1
-2.1400E-1 -2.2310E-1
-2.1390E-1 -2.1770E-1
-2.1380E-1 -2.2290E-1
-2.1370E-1 -2.1760E-1
-2.1360E-1 -2.2270E-1
-2.1350E-1 -2.1730E-1
-2.1340E-1 -2.2230E-1
-2.1330E-1 -2.1710E-1
-2.1320E-1 -2.2220E-1
-2.1310E-1 -2.1680E-1
-2.1300E-1 -2.2200E-1
-2.1290E-1 -2.1680E-1
-2.1280E-1 -2.2190E-1
-2.1270E-1 -2.1640E-1
-2.1260E-1 -2.2150E-1
-2.1250E-1 -2.1620E-1
-2.1240E-1 -2.2140E-1
-2.1230E-1 -2.1590E-1
-2.1220E-1 -2.2100E-1
-2.1210E-1 -2.1590E-1
-2.1200E-1 -2.2100E-1
-2.1190E-1 -2.1550E-1
-2.1180E-1 -2.2070E-1
-2.1170E-1 -2.1550E-1
-2.1160E-1 -2.2050E-1
-2.1150E-1 -2.1520E-1
-2.1140E-1 -2.2030E-1
-2.1130E-1 -2.1510E-1
-2.1120E-1 -2.2020E-1
-2.1110E-1 -2.1480E-1
-2.1100E-1 -2.1990E-1
-2.1090E-1 -2.1460E-1
-2.1080E-1 -2.1970E-1
-2.1070E-1 -2.1430E-1
-2.1060E-1 -2.1940E-1
-2.1050E-1 -2.1420E-1
-2.1040E-1 -2.1930E-1
-2.1030E-1 -2.1380E-1
-2.1020E-1 -2.1890E-1
-2.1010E-1 -2.1370E-1
-2.1000E-1 -2.1880E-1
-2.0990E-1 -2.1340E-1
-2.0980E-1 -2.1850E-1
-2.0970E-1 -2.1340E-1
-2.0960E-1 -2.1840E-1
-2.0950E-1 -2.1300E-1
-2.0940E-1 -2.1800E-1
-2.0930E-1 -2.1280E-1
-2.0920E-1 -2.1790E-1
-2.0910E-1 -2.1260E-1
-2.0900E-1 -2.1760E-1
-2.0890E-1 -2.1240E-1
-2.0880E-1 -2.1750E-1
-2.0870E-1 -2.1210E-1
-2.0860E-1 -2.1710E-1
-2.0850E-1 -2.1200E-1
-2.0840E-1 -2.1700E-1
-2.0830E-1 -2.1170E-1
-2.0820E-1 -2.1670E-1
-2.0810E-1 -2.1170E-1
-2.0800E-1 -2.1670E-1
-2.0790E-1 -2.1130E-1
-2.0780E-1 -2.1630E-1
-2.0770E-1 -2.1110E-1
-2.0760E-1 -2.1620E-1
-2.0750E-1 -2.1080E-1
-2.0740E-1 -2.1580E-1
-2.0730E-1 -2.1070E-1
-2.0720E-1 -2.1570E-1
-2.0710E-1 -2.1040E-1
-2.0700E-1 -2.1540E-1
-2.0690E-1 -2.1030E-1
-2.0680E-1 -2.1530E-1
-2.0670E-1 -2.1000E-1
-2.0660E-1 -2.1500E-1
-2.0650E-1 -2.0990E-1
-2.0640E-1 -2.1490E-1
-2.0630E-1 -2.0960E-1
-2.0620E-1 -2.1450E-1
-2.0610E-1 -2.0940E-1
-2.0600E-1 -2.1440E-1
-2.0590E-1 -2.0910E-1
-2.0580E-1 -2.1410E-1
-2.0570E-1 -2.0910E-1
-2.0560E-1 -2.1400E-1
-2.0550E-1 -2.0870E-1
-2.0540E-1 -2.1370E-1
-2.0530E-1 -2.0860E-1
-2.0520E-1 -2.1360E-1
-2.0510E-1 -2.0840E-1
-2.0500E-1 -2.1330E-1
-2.0490E-1 -2.0830E-1
-2.0480E-1 -2.1320E-1
-2.0470E-1 -2.1130E-1
-2.0460E-1 -2.1630E-1
-2.0450E-1 -2.1110E-1
-2.0440E-1 -2.1610E-1
-2.0430E-1 -2.1080E-1
-2.0420E-1 -2.1580E-1
-2.0410E-1 -2.1070E-1
-2.0400E-1 -2.1560E-1
-2.0390E-1 -2.1030E-1
-2.0380E-1 -2.1530E-1
-2.0370E-1 -2.1010E-1
-2.0360E-1 -2.1510E-1
-2.0350E-1 -2.0990E-1
-2.0340E-1 -2.1480E-1
-2.0330E-1 -2.0980E-1
-2.0320E-1 -2.1480E-1
-2.0310E-1 -2.0940E-1
-2.0300E-1 -2.1440E-1
-2.0290E-1 -2.0930E-1
-2.0280E-1 -2.1420E-1
-2.0270E-1 -2.0900E-1
-2.0260E-1 -2.1390E-1
-2.0250E-1 -2.0890E-1
-2.0240E-1 -2.1380E-1
-2.0230E-1 -2.0850E-1
-2.0220E-1 -2.1350E-1
-2.0210E-1 -2.0840E-1
-2.0200E-1 -2.1330E-1
-2.0190E-1 -2.0810E-1
-2.0180E-1 -2.1310E-1
-2.0170E-1 -2.0810E-1
-2.0160E-1 -2.1300E-1
-2.0150E-1 -2.0770E-1
-2.0140E-1 -2.1260E-1
-2.0130E-1 -2.0750E-1
-2.0120E-1 -2.1240E-1
-2.0110E-1 -2.0730E-1
-2.0100E-1 -2.1210E-1
-2.0090E-1 -2.0710E-1
-2.0080E-1 -2.1200E-1
-2.0070E-1 -2.0670E-1
-2.0060E-1 -2.1170E-1
-2.0050E-1 -2.0660E-1
-2.0040E-1 -2.1150E-1
-2.0030E-1 -2.0640E-1
-2.0020E-1 -2.1120E-1
-2.0010E-1 -2.0630E-1
-2.0000E-1 -2.1120E-1
-1.9990E-1 -2.0590E-1
-1.9980E-1 -2.1080E-1
-1.9970E-1 -2.0580E-1
-1.9960E-1 -2.1070E-1
-1.9950E-1 -2.0550E-1
-1.9940E-1 -2.1040E-1
-1.9930E-1 -2.0540E-1
-1.9920E-1 -2.1020E-1
-1.9910E-1 -2.0510E-1
-1.9900E-1 -2.0990E-1
-1.9890E-1 -2.0490E-1
-1.9880E-1 -2.0980E-1
-1.9870E-1 -2.0470E-1
-1.9860E-1 -2.0960E-1
-1.9850E-1 -2.0460E-1
-1.9840E-1 -2.0950E-1
-1.9830E-1 -2.0430E-1
-1.9820E-1 -2.0920E-1
-1.9810E-1 -2.0410E-1
-1.9800E-1 -2.0900E-1
-1.9790E-1 -2.0380E-1
-1.9780E-1 -2.0870E-1
-1.9770E-1 -2.0370E-1
-1.9760E-1 -2.0860E-1
-1.9750E-1 -2.0340E-1
-1.9740E-1 -2.0820E-1
-1.9730E-1 -2.0320E-1
-1.9720E-1 -2.0800E-1
-1.9710E-1 -2.0290E-1
-1.9700E-1 -2.0770E-1
-1.9690E-1 -2.0290E-1
-1.9680E-1 -2.0770E-1
-1.9670E-1 -2.0250E-1
-1.9660E-1 -2.0730E-1
-1.9650E-1 -2.0230E-1
-1.9640E-1 -2.0710E-1
-1.9630E-1 -2.0200E-1
-1.9620E-1 -2.0680E-1
-1.9610E-1 -2.0190E-1
-1.9600E-1 -2.0670E-1
-1.9590E-1 -2.0160E-1
-1.9580E-1 -2.0640E-1
-1.9570E-1 -2.0150E-1
-1.9560E-1 -2.0620E-1
-1.9550E-1 -2.0130E-1
-1.9540E-1 -2.0600E-1
-1.9530E-1 -2.0120E-1
-1.9520E-1 -2.0600E-1
-1.9510E-1 -2.0080E-1
-1.9500E-1 -2.0560E-1
-1.9490E-1 -2.0070E-1
-1.9480E-1 -2.0540E-1
-1.9470E-1 -2.0040E-1
-1.9460E-1 -2.0510E-1
-1.9450E-1 -2.0030E-1
-1.9440E-1 -2.0500E-1
-1.9430E-1 -1.9990E-1
-1.9420E-1 -2.0470E-1
-1.9410E-1 -1.9970E-1
-1.9400E-1 -2.0450E-1
-1.9390E-1 -1.9950E-1
-1.9380E-1 -2.0420E-1
-1.9370E-1 -1.9950E-1
-1.9360E-1 -2.0420E-1
-1.9350E-1 -1.9910E-1
-1.9340E-1 -2.0380E-1
-1.9330E-1 -1.9890E-1
-1.9320E-1 -2.0370E-1
-1.9310E-1 -1.9870E-1
-1.9300E-1 -2.0340E-1
-1.9290E-1 -1.9860E-1
-1.9280E-1 -2.0330E-1
-1.9270E-1 -1.9820E-1
-1.9260E-1 -2.0300E-1
-1.9250E-1 -1.9810E-1
-1.9240E-1 -2.0290E-1
-1.9230E-1 -1.9790E-1
-1.9220E-1 -2.0260E-1
-1.9210E-1 -1.9780E-1
-1.9200E-1 -2.0260E-1
-1.9190E-1 -1.9760E-1
-1.9180E-1 -2.0230E-1
-1.9170E-1 -1.9740E-1
-1.9160E-1 -2.0210E-1
-1.9150E-1 -1.9710E-1
-1.9140E-1 -2.0180E-1
-1.9130E-1 -1.9700E-1
-1.9120E-1 -2.0170E-1
-1.9110E-1 -1.9670E-1
-1.9100E-1 -2.0130E-1
-1.9090E-1 -1.9650E-1
-1.9080E-1 -2.0120E-1
-1.9070E-1 -1.9620E-1
-1.9060E-1 -2.0090E-1
-1.9050E-1 -1.9620E-1
-1.9040E-1 -2.0080E-1
-1.9030E-1 -1.9580E-1
-1.9020E-1 -2.0040E-1
-1.9010E-1 -1.9560E-1
-1.9000E-1 -2.0020E-1
-1.8990E-1 -1.9530E-1
-1.8980E-1 -1.9990E-1
-1.8970E-1 -1.9520E-1
-1.8960E-1 -1.9990E-1
-1.8950E-1 -1.9490E-1
-1.8940E-1 -1.9950E-1
-1.8930E-1 -1.9480E-1
-1.8920E-1 -1.9940E-1
-1.8910E-1 -1.9450E-1
-1.8900E-1 -1.9910E-1
-1.8890E-1 -1.9440E-1
-1.8880E-1 -1.9910E-1
-1.8870E-1 -1.9410E-1
-1.8860E-1 -1.9870E-1
-1.8850E-1 -1.9390E-1
-1.8840E-1 -1.9850E-1
-1.8830E-1 -1.9360E-1
-1.8820E-1 -1.9820E-1
-1.8810E-1 -1.9350E-1
-1.8800E-1 -1.9810E-1
-1.8790E-1 -1.9320E-1
-1.8780E-1 -1.9770E-1
-1.8770E-1 -1.9300E-1
-1.8760E-1 -1.9760E-1
-1.8750E-1 -1.9280E-1
-1.8740E-1 -1.9740E-1
-1.8730E-1 -1.9270E-1
-1.8720E-1 -1.9730E-1
-1.8710E-1 -1.9240E-1
-1.8700E-1 -1.9690E-1
-1.8690E-1 -1.9220E-1
-1.8680E-1 -1.9670E-1
-1.8670E-1 -1.9190E-1
-1.8660E-1 -1.9640E-1
-1.8650E-1 -1.9180E-1
-1.8640E-1 -1.9640E-1
-1.8630E-1 -1.9150E-1
-1.8620E-1 -1.9610E-1
-1.8610E-1 -1.9130E-1
-1.8600E-1 -1.9590E-1
-1.8590E-1 -1.9110E-1
-1.8580E-1 -1.9570E-1
-1.8570E-1 -1.9100E-1
-1.8560E-1 -1.9560E-1
-1.8550E-1 -1.9080E-1
-1.8540E-1 -1.9530E-1
-1.8530E-1 -1.9060E-1
-1.8520E-1 -1.9510E-1
-1.8510E-1 -1.9030E-1
-1.8500E-1 -1.9480E-1
-1.8490E-1 -1.9010E-1
-1.8480E-1 -1.9470E-1
-1.8470E-1 -1.8980E-1
-1.8460E-1 -1.9430E-1
-1.8450E-1 -1.8970E-1
-1.8440E-1 -1.9420E-1
-1.8430E-1 -1.8940E-1
-1.8420E-1 -1.9390E-1
-1.8410E-1 -1.8930E-1
-1.8400E-1 -1.9380E-1
-1.8390E-1 -1.8890E-1
-1.8380E-1 -1.9340E-1
-1.8370E-1 -1.8880E-1
-1.8360E-1 -1.9330E-1
-1.8350E-1 -1.8850E-1
-1.8340E-1 -1.9300E-1
-1.8330E-1 -1.8840E-1
-1.8320E-1 -1.9290E-1
-1.8310E-1 -1.8810E-1
-1.8300E-1 -1.9260E-1
-1.8290E-1 -1.8800E-1
-1.8280E-1 -1.9240E-1
-1.8270E-1 -1.8770E-1
-1.8260E-1 -1.9220E-1
-1.8250E-1 -1.8760E-1
-1.8240E-1 -1.9210E-1
-1.8230E-1 -1.8730E-1
-1.8220E-1 -1.9170E-1
-1.8210E-1 -1.8710E-1
-1.8200E-1 -1.9160E-1
-1.8190E-1 -1.8690E-1
-1.8180E-1 -1.9130E-1
-1.8170E-1 -1.8670E-1
-1.8160E-1 -1.9120E-1
-1.8150E-1 -1.8640E-1
-1.8140E-1 -1.9080E-1
-1.8130E-1 -1.8630E-1
-1.8120E-1 -1.9070E-1
-1.8110E-1 -1.8600E-1
-1.8100E-1 -1.9050E-1
-1.8090E-1 -1.8590E-1
-1.8080E-1 -1.9040E-1
-1.8070E-1 -1.8560E-1
-1.8060E-1 -1.9000E-1
-1.8050E-1 -1.8540E-1
-1.8040E-1 -1.8980E-1
-1.8030E-1 -1.8520E-1
-1.8020E-1 -1.8960E-1
-1.8010E-1 -1.8510E-1
-1.8000E-1 -1.8950E-1
-1.7990E-1 -1.8470E-1
-1.7980E-1 -1.8920E-1
-1.7970E-1 -1.8460E-1
-1.7960E-1 -1.8910E-1
-1.7950E-1 -1.8440E-1
-1.7940E-1 -1.8880E-1
-1.7930E-1 -1.8430E-1
-1.7920E-1 -1.8870E-1
-1.7910E-1 -1.8500E-1
-1.7900E-1 -1.8950E-1
-1.7890E-1 -1.8480E-1
-1.7880E-1 -1.8930E-1
-1.7870E-1 -1.8450E-1
-1.7860E-1 -1.8890E-1
-1.7850E-1 -1.8440E-1
-1.7840E-1 -1.8880E-1
-1.7830E-1 -1.8400E-1
-1.7820E-1 -1.8850E-1
-1.7810E-1 -1.8390E-1
-1.7800E-1 -1.8830E-1
-1.7790E-1 -1.8360E-1
-1.7780E-1 -1.8800E-1
-1.7770E-1 -1.8350E-1
-1.7760E-1 -1.8800E-1
-1.7750E-1 -1.8320E-1
-1.7740E-1 -1.8760E-1
-1.7730E-1 -1.8300E-1
-1.7720E-1 -1.8740E-1
-1.7710E-1 -1.8270E-1
-1.7700E-1 -1.8710E-1
-1.7690E-1 -1.8260E-1
-1.7680E-1 -1.8700E-1
-1.7670E-1 -1.8230E-1
-1.7660E-1 -1.8660E-1
-1.7650E-1 -1.8210E-1
-1.7640E-1 -1.8650E-1
-1.7630E-1 -1.8180E-1
-1.7620E-1 -1.8620E-1
-1.7610E-1 -1.8180E-1
-1.7600E-1 -1.8610E-1
-1.7590E-1 -1.8140E-1
-1.7580E-1 -1.8580E-1
-1.7570E-1 -1.8120E-1
-1.7560E-1 -1.8560E-1
-1.7550E-1 -1.8090E-1
-1.7540E-1 -1.8530E-1
-1.7530E-1 -1.8080E-1
-1.7520E-1 -1.8520E-1
-1.7510E-1 -1.8050E-1
-1.7500E-1 -1.8480E-1
-1.7490E-1 -1.8030E-1
-1.7480E-1 -1.8470E-1
-1.7470E-1 -1.8000E-1
-1.7460E-1 -1.8440E-1
-1.7450E-1 -1.8000E-1
-1.7440E-1 -1.8430E-1
-1.7430E-1 -1.7960E-1
-1.7420E-1 -1.8400E-1
-1.7410E-1 -1.7950E-1
-1.7400E-1 -1.8380E-1
-1.7390E-1 -1.7920E-1
-1.7380E-1 -1.8350E-1
-1.7370E-1 -1.7910E-1
-1.7360E-1 -1.8340E-1
-1.7350E-1 -1.7880E-1
-1.7340E-1 -1.8310E-1
-1.7330E-1 -1.7860E-1
-1.7320E-1 -1.8290E-1
-1.7310E-1 -1.7840E-1
-1.7300E-1 -1.8270E-1
-1.7290E-1 -1.7830E-1
-1.7280E-1 -1.8260E-1
-1.7270E-1 -1.7800E-1
-1.7260E-1 -1.8230E-1
-1.7250E-1 -1.7780E-1
-1.7240E-1 -1.8210E-1
-1.7230E-1 -1.7750E-1
-1.7220E-1 -1.8180E-1
-1.7210E-1 -1.7740E-1
-1.7200E-1 -1.8170E-1
-1.7190E-1 -1.7710E-1
-1.7180E-1 -1.8130E-1
-1.7170E-1 -1.7690E-1
-1.7160E-1 -1.8120E-1
-1.7150E-1 -1.7660E-1
-1.7140E-1 -1.8090E-1
-1.7130E-1 -1.7650E-1
-1.7120E-1 -1.8080E-1
-1.7110E-1 -1.7620E-1
-1.7100E-1 -1.8050E-1
-1.7090E-1 -1.7600E-1
-1.7080E-1 -1.8030E-1
-1.7070E-1 -1.7570E-1
-1.7060E-1 -1.8000E-1
-1.7050E-1 -1.7560E-1
-1.7040E-1 -1.7990E-1
-1.7030E-1 -1.7530E-1
-1.7020E-1 -1.7960E-1
-1.7010E-1 -1.7520E-1
-1.7000E-1 -1.7940E-1
-1.6990E-1 -1.7490E-1
-1.6980E-1 -1.7920E-1
-1.6970E-1 -1.7480E-1
-1.6960E-1 -1.7910E-1
-1.6950E-1 -1.7450E-1
-1.6940E-1 -1.7870E-1
-1.6930E-1 -1.7430E-1
-1.6920E-1 -1.7850E-1
-1.6910E-1 -1.7400E-1
-1.6900E-1 -1.7820E-1
-1.6890E-1 -1.7390E-1
-1.6880E-1 -1.7810E-1
-1.6870E-1 -1.7360E-1
-1.6860E-1 -1.7780E-1
-1.6850E-1 -1.7350E-1
-1.6840E-1 -1.7760E-1
-1.6830E-1 -1.7320E-1
-1.6820E-1 -1.7740E-1
-1.6810E-1 -1.7310E-1
-1.6800E-1 -1.7730E-1
-1.6790E-1 -1.7280E-1
-1.6780E-1 -1.7690E-1
-1.6770E-1 -1.7260E-1
-1.6760E-1 -1.7670E-1
-1.6750E-1 -1.7230E-1
-1.6740E-1 -1.7650E-1
-1.6730E-1 -1.7220E-1
-1.6720E-1 -1.7630E-1
-1.6710E-1 -1.7190E-1
-1.6700E-1 -1.7610E-1
-1.6690E-1 -1.7170E-1
-1.6680E-1 -1.7590E-1
-1.6670E-1 -1.7150E-1
-1.6660E-1 -1.7570E-1
-1.6650E-1 -1.7150E-1
-1.6640E-1 -1.7560E-1
-1.6630E-1 -1.7120E-1
-1.6620E-1 -1.7540E-1
-1.6610E-1 -1.7100E-1
-1.6600E-1 -1.7520E-1
-1.6590E-1 -1.7080E-1
-1.6580E-1 -1.7490E-1
-1.6570E-1 -1.7060E-1
-1.6560E-1 -1.7470E-1
-1.6550E-1 -1.7030E-1
-1.6540E-1 -1.7440E-1
-1.6530E-1 -1.7010E-1
-1.6520E-1 -1.7430E-1
-1.6510E-1 -1.6990E-1
-1.6500E-1 -1.7400E-1
-1.6490E-1 -1.6970E-1
-1.6480E-1 -1.7390E-1
-1.6470E-1 -1.6940E-1
-1.6460E-1 -1.7350E-1
-1.6450E-1 -1.6920E-1
-1.6440E-1 -1.7340E-1
-1.6430E-1 -1.6900E-1
-1.6420E-1 -1.7300E-1
-1.6410E-1 -1.6880E-1
-1.6400E-1 -1.7290E-1
-1.6390E-1 -1.6850E-1
-1.6380E-1 -1.7260E-1
-1.6370E-1 -1.6840E-1
-1.6360E-1 -1.7250E-1
-1.6350E-1 -1.6810E-1
-1.6340E-1 -1.7220E-1
-1.6330E-1 -1.6800E-1
-1.6320E-1 -1.7210E-1
-1.6310E-1 -1.6770E-1
-1.6300E-1 -1.7180E-1
-1.6290E-1 -1.6750E-1
-1.6280E-1 -1.7160E-1
-1.6270E-1 -1.6720E-1
-1.6260E-1 -1.7130E-1
-1.6250E-1 -1.6710E-1
-1.6240E-1 -1.7120E-1
-1.6230E-1 -1.6670E-1
-1.6220E-1 -1.7080E-1
-1.6210E-1 -1.6660E-1
-1.6200E-1 -1.7070E-1
-1.6190E-1 -1.6640E-1
-1.6180E-1 -1.7040E-1
-1.6170E-1 -1.6630E-1
-1.6160E-1 -1.7030E-1
-1.6150E-1 -1.6590E-1
-1.6140E-1 -1.7000E-1
-1.6130E-1 -1.6580E-1
-1.6120E-1 -1.6980E-1
-1.6110E-1 -1.6550E-1
-1.6100E-1 -1.6950E-1
-1.6090E-1 -1.6540E-1
-1.6080E-1 -1.6940E-1
-1.6070E-1 -1.6510E-1
-1.6060E-1 -1.6910E-1
-1.6050E-1 -1.6490E-1
-1.6040E-1 -1.6900E-1
-1.6030E-1 -1.6460E-1
-1.6020E-1 -1.6870E-1
-1.6010E-1 -1.6460E-1
-1.6000E-1 -1.6860E-1
-1.5990E-1 -1.6430E-1
-1.5980E-1 -1.6840E-1
-1.5970E-1 -1.6410E-1
-1.5960E-1 -1.6810E-1
-1.5950E-1 -1.6390E-1
-1.5940E-1 -1.6780E-1
-1.5930E-1 -1.6370E-1
-1.5920E-1 -1.6770E-1
-1.5910E-1 -1.6340E-1
-1.5900E-1 -1.6740E-1
-1.5890E-1 -1.6320E-1
-1.5880E-1 -1.6720E-1
-1.5870E-1 -1.6300E-1
-1.5860E-1 -1.6700E-1
-1.5850E-1 -1.6290E-1
-1.5840E-1 -1.6680E-1
-1.5830E-1 -1.6250E-1
-1.5820E-1 -1.6650E-1
-1.5810E-1 -1.6230E-1
-1.5800E-1 -1.6630E-1
-1.5790E-1 -1.6210E-1
-1.5780E-1 -1.6600E-1
-1.5770E-1 -1.6190E-1
-1.5760E-1 -1.6590E-1
-1.5750E-1 -1.6170E-1
-1.5740E-1 -1.6560E-1
-1.5730E-1 -1.6160E-1
-1.5720E-1 -1.6550E-1
-1.5710E-1 -1.6120E-1
-1.5700E-1 -1.6520E-1
-1.5690E-1 -1.6110E-1
-1.5680E-1 -1.6510E-1
-1.5670E-1 -1.6090E-1
-1.5660E-1 -1.6480E-1
-1.5650E-1 -1.6070E-1
-1.5640E-1 -1.6460E-1
-1.5630E-1 -1.6040E-1
-1.5620E-1 -1.6430E-1
-1.5610E-1 -1.6030E-1
-1.5600E-1 -1.6420E-1
-1.5590E-1 -1.6000E-1
-1.5580E-1 -1.6390E-1
-1.5570E-1 -1.5980E-1
-1.5560E-1 -1.6370E-1
-1.5550E-1 -1.5950E-1
-1.5540E-1 -1.6350E-1
-1.5530E-1 -1.5950E-1
-1.5520E-1 -1.6340E-1
-1.5510E-1 -1.5910E-1
-1.5500E-1 -1.6300E-1
-1.5490E-1 -1.5890E-1
-1.5480E-1 -1.6280E-1
-1.5470E-1 -1.5870E-1
-1.5460E-1 -1.6250E-1
-1.5450E-1 -1.5860E-1
-1.5440E-1 -1.6250E-1
-1.5430E-1 -1.5830E-1
-1.5420E-1 -1.6210E-1
-1.5410E-1 -1.5810E-1
-1.5400E-1 -1.6200E-1
-1.5390E-1 -1.5790E-1
-1.5380E-1 -1.6180E-1
-1.5370E-1 -1.5780E-1
-1.5360E-1 -1.6170E-1
-1.5350E-1 -1.5840E-1
-1.5340E-1 -1.6240E-1
-1.5330E-1 -1.5830E-1
-1.5320E-1 -1.6220E-1
-1.5310E-1 -1.5800E-1
-1.5300E-1 -1.6190E-1
-1.5290E-1 -1.5790E-1
-1.5280E-1 -1.6180E-1
-1.5270E-1 -1.5750E-1
-1.5260E-1 -1.6140E-1
-1.5250E-1 -1.5730E-1
-1.5240E-1 -1.6130E-1
-1.5230E-1 -1.5710E-1
-1.5220E-1 -1.6100E-1
-1.5210E-1 -1.5700E-1
-1.5200E-1 -1.6090E-1
-1.5190E-1 -1.5660E-1
-1.5180E-1 -1.6050E-1
-1.5170E-1 -1.5650E-1
-1.5160E-1 -1.6030E-1
-1.5150E-1 -1.5620E-1
-1.5140E-1 -1.6010E-1
-1.5130E-1 -1.5610E-1
-1.5120E-1 -1.5990E-1
-1.5110E-1 -1.5580E-1
-1.5100E-1 -1.5960E-1
-1.5090E-1 -1.5560E-1
-1.5080E-1 -1.5940E-1
-1.5070E-1 -1.5540E-1
-1.5060E-1 -1.5920E-1
-1.5050E-1 -1.5530E-1
-1.5040E-1 -1.5910E-1
-1.5030E-1 -1.5490E-1
-1.5020E-1 -1.5880E-1
-1.5010E-1 -1.5470E-1
-1.5000E-1 -1.5860E-1
-1.4990E-1 -1.5440E-1
-1.4980E-1 -1.5830E-1
-1.4970E-1 -1.5430E-1
-1.4960E-1 -1.5810E-1
-1.4950E-1 -1.5400E-1
-1.4940E-1 -1.5780E-1
-1.4930E-1 -1.5390E-1
-1.4920E-1 -1.5760E-1
-1.4910E-1 -1.5360E-1
-1.4900E-1 -1.5740E-1
-1.4890E-1 -1.5350E-1
-1.4880E-1 -1.5730E-1
-1.4870E-1 -1.5310E-1
-1.4860E-1 -1.5690E-1
-1.4850E-1 -1.5300E-1
-1.4840E-1 -1.5680E-1
-1.4830E-1 -1.5280E-1
-1.4820E-1 -1.5650E-1
-1.4810E-1 -1.5260E-1
-1.4800E-1 -1.5640E-1
-1.4790E-1 -1.5230E-1
-1.4780E-1 -1.5610E-1
-1.4770E-1 -1.5210E-1
-1.4760E-1 -1.5590E-1
-1.4750E-1 -1.5190E-1
-1.4740E-1 -1.5560E-1
-1.4730E-1 -1.5180E-1
-1.4720E-1 -1.5550E-1
-1.4710E-1 -1.5150E-1
-1.4700E-1 -1.5530E-1
-1.4690E-1 -1.5130E-1
-1.4680E-1 -1.5510E-1
-1.4670E-1 -1.5100E-1
-1.4660E-1 -1.5480E-1
-1.4650E-1 -1.5090E-1
-1.4640E-1 -1.5470E-1
-1.4630E-1 -1.5060E-1
-1.4620E-1 -1.5440E-1
-1.4610E-1 -1.5040E-1
-1.4600E-1 -1.5420E-1
-1.4590E-1 -1.5020E-1
-1.4580E-1 -1.5390E-1
-1.4570E-1 -1.5010E-1
-1.4560E-1 -1.5370E-1
-1.4550E-1 -1.4980E-1
-1.4540E-1 -1.5340E-1
-1.4530E-1 -1.4950E-1
-1.4520E-1 -1.5330E-1
-1.4510E-1 -1.4930E-1
-1.4500E-1 -1.5300E-1
-1.4490E-1 -1.4920E-1
-1.4480E-1 -1.5290E-1
-1.4470E-1 -1.4890E-1
-1.4460E-1 -1.5260E-1
-1.4450E-1 -1.4870E-1
-1.4440E-1 -1.5240E-1
-1.4430E-1 -1.4850E-1
-1.4420E-1 -1.5220E-1
-1.4410E-1 -1.4840E-1
-1.4400E-1 -1.5210E-1
-1.4390E-1 -1.4800E-1
-1.4380E-1 -1.5170E-1
-1.4370E-1 -1.4780E-1
-1.4360E-1 -1.5150E-1
-1.4350E-1 -1.4760E-1
-1.4340E-1 -1.5130E-1
-1.4330E-1 -1.4740E-1
-1.4320E-1 -1.5110E-1
-1.4310E-1 -1.4710E-1
-1.4300E-1 -1.5080E-1
-1.4290E-1 -1.4700E-1
-1.4280E-1 -1.5070E-1
-1.4270E-1 -1.4670E-1
-1.4260E-1 -1.5040E-1
-1.4250E-1 -1.4660E-1
-1.4240E-1 -1.5030E-1
-1.4230E-1 -1.4630E-1
-1.4220E-1 -1.4990E-1
-1.4210E-1 -1.4610E-1
-1.4200E-1 -1.4980E-1
-1.4190E-1 -1.4590E-1
-1.4180E-1 -1.4950E-1
-1.4170E-1 -1.4580E-1
-1.4160E-1 -1.4940E-1
-1.4150E-1 -1.4550E-1
-1.4140E-1 -1.4910E-1
-1.4130E-1 -1.4530E-1
-1.4120E-1 -1.4890E-1
-1.4110E-1 -1.4510E-1
-1.4100E-1 -1.4870E-1
-1.4090E-1 -1.4500E-1
-1.4080E-1 -1.4860E-1
-1.4070E-1 -1.4480E-1
-1.4060E-1 -1.4840E-1
-1.4050E-1 -1.4460E-1
-1.4040E-1 -1.4820E-1
-1.4030E-1 -1.4430E-1
-1.4020E-1 -1.4790E-1
-1.4010E-1 -1.4420E-1
-1.4000E-1 -1.4780E-1
-1.3990E-1 -1.4380E-1
-1.3980E-1 -1.4740E-1
-1.3970E-1 -1.4370E-1
-1.3960E-1 -1.4730E-1
-1.3950E-1 -1.4340E-1
-1.3940E-1 -1.4700E-1
-1.3930E-1 -1.4330E-1
-1.3920E-1 -1.4690E-1
-1.3910E-1 -1.4300E-1
-1.3900E-1 -1.4660E-1
-1.3890E-1 -1.4280E-1
-1.3880E-1 -1.4640E-1
-1.3870E-1 -1.4250E-1
-1.3860E-1 -1.4610E-1
-1.3850E-1 -1.4240E-1
-1.3840E-1 -1.4600E-1
-1.3830E-1 -1.4210E-1
-1.3820E-1 -1.4560E-1
-1.3810E-1 -1.4200E-1
-1.3800E-1 -1.4550E-1
-1.3790E-1 -1.4170E-1
-1.3780E-1 -1.4520E-1
-1.3770E-1 -1.4160E-1
-1.3760E-1 -1.4510E-1
-1.3750E-1 -1.4130E-1
-1.3740E-1 -1.4480E-1
-1.3730E-1 -1.4110E-1
-1.3720E-1 -1.4460E-1
-1.3710E-1 -1.4080E-1
-1.3700E-1 -1.4440E-1
-1.3690E-1 -1.4070E-1
-1.3680E-1 -1.4420E-1
-1.3670E-1 -1.4030E-1
-1.3660E-1 -1.4390E-1
-1.3650E-1 -1.4020E-1
-1.3640E-1 -1.4370E-1
-1.3630E-1 -1.4000E-1
-1.3620E-1 -1.4350E-1
-1.3610E-1 -1.3980E-1
-1.3600E-1 -1.4340E-1
-1.3590E-1 -1.3950E-1
-1.3580E-1 -1.4300E-1
-1.3570E-1 -1.3940E-1
-1.3560E-1 -1.4290E-1
-1.3550E-1 -1.3910E-1
-1.3540E-1 -1.4260E-1
-1.3530E-1 -1.3900E-1
-1.3520E-1 -1.4240E-1
-1.3510E-1 -1.3870E-1
-1.3500E-1 -1.4210E-1
-1.3490E-1 -1.3850E-1
-1.3480E-1 -1.4200E-1
-1.3470E-1 -1.3830E-1
-1.3460E-1 -1.4180E-1
-1.3450E-1 -1.3820E-1
-1.3440E-1 -1.4170E-1
-1.3430E-1 -1.3790E-1
-1.3420E-1 -1.4140E-1
-1.3410E-1 -1.3770E-1
-1.3400E-1 -1.4120E-1
-1.3390E-1 -1.3740E-1
-1.3380E-1 -1.4090E-1
-1.3370E-1 -1.3730E-1
-1.3360E-1 -1.4070E-1
-1.3350E-1 -1.3700E-1
-1.3340E-1 -1.4040E-1
-1.3330E-1 -1.3690E-1
-1.3320E-1 -1.4030E-1
-1.3310E-1 -1.3660E-1
-1.3300E-1 -1.4000E-1
-1.3290E-1 -1.3650E-1
-1.3280E-1 -1.3990E-1
-1.3270E-1 -1.3610E-1
-1.3260E-1 -1.3960E-1
-1.3250E-1 -1.3600E-1
-1.3240E-1 -1.3940E-1
-1.3230E-1 -1.3570E-1
-1.3220E-1 -1.3910E-1
-1.3210E-1 -1.3550E-1
-1.3200E-1 -1.3900E-1
-1.3190E-1 -1.3530E-1
-1.3180E-1 -1.3870E-1
-1.3170E-1 -1.3510E-1
-1.3160E-1 -1.3850E-1
-1.3150E-1 -1.3490E-1
-1.3140E-1 -1.3830E-1
-1.3130E-1 -1.3480E-1
-1.3120E-1 -1.3810E-1
-1.3110E-1 -1.3450E-1
-1.3100E-1 -1.3780E-1
-1.3090E-1 -1.3430E-1
-1.3080E-1 -1.3770E-1
-1.3070E-1 -1.3400E-1
-1.3060E-1 -1.3740E-1
-1.3050E-1 -1.3390E-1
-1.3040E-1 -1.3720E-1
-1.3030E-1 -1.3360E-1
-1.3020E-1 -1.3690E-1
-1.3010E-1 -1.3340E-1
-1.3000E-1 -1.3680E-1
-1.2990E-1 -1.3320E-1
-1.2980E-1 -1.3650E-1
-1.2970E-1 -1.3300E-1
-1.2960E-1 -1.3640E-1
-1.2950E-1 -1.3270E-1
-1.2940E-1 -1.3610E-1
-1.2930E-1 -1.3260E-1
-1.2920E-1 -1.3590E-1
-1.2910E-1 -1.3230E-1
-1.2900E-1 -1.3560E-1
-1.2890E-1 -1.3220E-1
-1.2880E-1 -1.3550E-1
-1.2870E-1 -1.3190E-1
-1.2860E-1 -1.3520E-1
-1.2850E-1 -1.3170E-1
-1.2840E-1 -1.3510E-1
-1.2830E-1 -1.3150E-1
-1.2820E-1 -1.3480E-1
-1.2810E-1 -1.3140E-1
-1.2800E-1 -1.3470E-1
-1.2790E-1 -1.3190E-1
-1.2780E-1 -1.3530E-1
-1.2770E-1 -1.3170E-1
-1.2760E-1 -1.3510E-1
-1.2750E-1 -1.3150E-1
-1.2740E-1 -1.3480E-1
-1.2730E-1 -1.3130E-1
-1.2720E-1 -1.3470E-1
-1.2710E-1 -1.3100E-1
-1.2700E-1 -1.3430E-1
-1.2690E-1 -1.3080E-1
-1.2680E-1 -1.3410E-1
-1.2670E-1 -1.3060E-1
-1.2660E-1 -1.3390E-1
-1.2650E-1 -1.3040E-1
-1.2640E-1 -1.3380E-1
-1.2630E-1 -1.3000E-1
-1.2620E-1 -1.3340E-1
-1.2610E-1 -1.2980E-1
-1.2600E-1 -1.3320E-1
-1.2590E-1 -1.2960E-1
-1.2580E-1 -1.3290E-1
-1.2570E-1 -1.2940E-1
-1.2560E-1 -1.3280E-1
-1.2550E-1 -1.2910E-1
-1.2540E-1 -1.3250E-1
-1.2530E-1 -1.2890E-1
-1.2520E-1 -1.3230E-1
-1.2510E-1 -1.2870E-1
-1.2500E-1 -1.3210E-1
-1.2490E-1 -1.2860E-1
-1.2480E-1 -1.3190E-1
-1.2470E-1 -1.2830E-1
-1.2460E-1 -1.3160E-1
-1.2450E-1 -1.2810E-1
-1.2440E-1 -1.3140E-1
-1.2430E-1 -1.2780E-1
-1.2420E-1 -1.3120E-1
-1.2410E-1 -1.2770E-1
-1.2400E-1 -1.3100E-1
-1.2390E-1 -1.2730E-1
-1.2380E-1 -1.3070E-1
-1.2370E-1 -1.2720E-1
-1.2360E-1 -1.3050E-1
-1.2350E-1 -1.2690E-1
-1.2340E-1 -1.3030E-1
-1.2330E-1 -1.2680E-1
-1.2320E-1 -1.3020E-1
-1.2310E-1 -1.2660E-1
-1.2300E-1 -1.2990E-1
-1.2290E-1 -1.2640E-1
-1.2280E-1 -1.2970E-1
-1.2270E-1 -1.2630E-1
-1.2260E-1 -1.2940E-1
-1.2250E-1 -1.2600E-1
-1.2240E-1 -1.2930E-1
-1.2230E-1 -1.2570E-1
-1.2220E-1 -1.2900E-1
-1.2210E-1 -1.2550E-1
-1.2200E-1 -1.2880E-1
-1.2190E-1 -1.2530E-1
-1.2180E-1 -1.2850E-1
-1.2170E-1 -1.2520E-1
-1.2160E-1 -1.2840E-1
-1.2150E-1 -1.2490E-1
-1.2140E-1 -1.2820E-1
-1.2130E-1 -1.2470E-1
-1.2120E-1 -1.2800E-1
-1.2110E-1 -1.2450E-1
-1.2100E-1 -1.2770E-1
-1.2090E-1 -1.2430E-1
-1.2080E-1 -1.2750E-1
-1.2070E-1 -1.2400E-1
-1.2060E-1 -1.2720E-1
-1.2050E-1 -1.2380E-1
-1.2040E-1 -1.2710E-1
-1.2030E-1 -1.2350E-1
-1.2020E-1 -1.2680E-1
-1.2010E-1 -1.2340E-1
-1.2000E-1 -1.2660E-1
-1.1990E-1 -1.2310E-1
-1.1980E-1 -1.2630E-1
-1.1970E-1 -1.2290E-1
-1.1960E-1 -1.2610E-1
-1.1950E-1 -1.2270E-1
-1.1940E-1 -1.2590E-1
-1.1930E-1 -1.2250E-1
-1.1920E-1 -1.2570E-1
-1.1910E-1 -1.2220E-1
-1.1900E-1 -1.2540E-1
-1.1890E-1 -1.2210E-1
-1.1880E-1 -1.2520E-1
-1.1870E-1 -1.2180E-1
-1.1860E-1 -1.2500E-1
-1.1850E-1 -1.2170E-1
-1.1840E-1 -1.2490E-1
-1.1830E-1 -1.2140E-1
-1.1820E-1 -1.2450E-1
-1.1810E-1 -1.2120E-1
-1.1800E-1 -1.2440E-1
-1.1790E-1 -1.2090E-1
-1.1780E-1 -1.2410E-1
-1.1770E-1 -1.2080E-1
-1.1760E-1 -1.2390E-1
-1.1750E-1 -1.2050E-1
-1.1740E-1 -1.2360E-1
-1.1730E-1 -1.2030E-1
-1.1720E-1 -1.2350E-1
-1.1710E-1 -1.2010E-1
-1.1700E-1 -1.2320E-1
-1.1690E-1 -1.1990E-1
-1.1680E-1 -1.2310E-1
-1.1670E-1 -1.1960E-1
-1.1660E-1 -1.2280E-1
-1.1650E-1 -1.1950E-1
-1.1640E-1 -1.2260E-1
-1.1630E-1 -1.1920E-1
-1.1620E-1 -1.2230E-1
-1.1610E-1 -1.1910E-1
-1.1600E-1 -1.2220E-1
-1.1590E-1 -1.1880E-1
-1.1580E-1 -1.2190E-1
-1.1570E-1 -1.1860E-1
-1.1560E-1 -1.2170E-1
-1.1550E-1 -1.1840E-1
-1.1540E-1 -1.2150E-1
-1.1530E-1 -1.1830E-1
-1.1520E-1 -1.2140E-1
-1.1510E-1 -1.1810E-1
-1.1500E-1 -1.2120E-1
-1.1490E-1 -1.1790E-1
-1.1480E-1 -1.2100E-1
-1.1470E-1 -1.1770E-1
-1.1460E-1 -1.2080E-1
-1.1450E-1 -1.1750E-1
-1.1440E-1 -1.2050E-1
-1.1430E-1 -1.1710E-1
-1.1420E-1 -1.2030E-1
-1.1410E-1 -1.1700E-1
-1.1400E-1 -1.2010E-1
-1.1390E-1 -1.1688E-1
-1.1380E-1 -1.1996E-1
-1.1370E-1 -1.1675E-1
-1.1360E-1 -1.1983E-1
-1.1350E-1 -1.1643E-1
-1.1340E-1 -1.1950E-1
-1.1330E-1 -1.1625E-1
-1.1320E-1 -1.1931E-1
-1.1310E-1 -1.1599E-1
-1.1300E-1 -1.1904E-1
-1.1290E-1 -1.1584E-1
-1.1280E-1 -1.1889E-1
-1.1270E-1 -1.1554E-1
-1.1260E-1 -1.1859E-1
-1.1250E-1 -1.1537E-1
-1.1240E-1 -1.1842E-1
-1.1230E-1 -1.1513E-1
-1.1220E-1 -1.1816E-1
-1.1210E-1 -1.1499E-1
-1.1200E-1 -3.4360E-2
-1.1190E-1 -1.1470E-1
-1.1180E-1 -1.1773E-1
-1.1170E-1 -1.1451E-1
-1.1160E-1 -1.1753E-1
-1.1150E-1 -1.1425E-1
-1.1140E-1 -1.1726E-1
-1.1130E-1 -1.1409E-1
-1.1120E-1 -1.1710E-1
-1.1110E-1 -1.1379E-1
-1.1100E-1 -1.1679E-1
-1.1090E-1 -1.1362E-1
-1.1080E-1 -1.1662E-1
-1.1070E-1 -1.1337E-1
-1.1060E-1 -1.1636E-1
-1.1050E-1 -1.1323E-1
-1.1040E-1 -1.1623E-1
-1.1030E-1 -1.1292E-1
-1.1020E-1 -1.1591E-1
-1.1010E-1 -1.1275E-1
-1.1000E-1 -1.1573E-1
-1.0990E-1 -1.1249E-1
-1.0980E-1 -1.1546E-1
-1.0970E-1 -1.1234E-1
-1.0960E-1 -1.1531E-1
-1.0950E-1 -1.1205E-1
-1.0940E-1 -1.1502E-1
-1.0930E-1 -1.1188E-1
-1.0920E-1 -1.1486E-1
-1.0910E-1 -1.1165E-1
-1.0900E-1 -1.1461E-1
-1.0890E-1 -1.1151E-1
-1.0880E-1 -1.1448E-1
-1.0870E-1 -1.1128E-1
-1.0860E-1 -1.1423E-1
-1.0850E-1 -1.1109E-1
-1.0840E-1 -1.1403E-1
-1.0830E-1 -1.1082E-1
-1.0820E-1 -1.1376E-1
-1.0810E-1 -1.1065E-1
-1.0800E-1 -1.1360E-1
-1.0790E-1 -1.1036E-1
-1.0780E-1 -1.1329E-1
-1.0770E-1 -1.1018E-1
-1.0760E-1 -1.1311E-1
-1.0750E-1 -1.0992E-1
-1.0740E-1 -1.1286E-1
-1.0730E-1 -1.0979E-1
-1.0720E-1 -1.1272E-1
-1.0710E-1 -4.4840E-2
-1.0700E-1 -1.1240E-1
-1.0690E-1 -1.0929E-1
-1.0680E-1 -1.1220E-1
-1.0670E-1 -1.0904E-1
-1.0660E-1 -1.1194E-1
-1.0650E-1 -1.0889E-1
-1.0640E-1 -1.1179E-1
-1.0630E-1 -1.0860E-1
-1.0620E-1 -1.1149E-1
-1.0610E-1 -1.0843E-1
-1.0600E-1 -1.1132E-1
-1.0590E-1 -1.0819E-1
-1.0580E-1 -1.1107E-1
-1.0570E-1 -1.0804E-1
-1.0560E-1 -1.1095E-1
-1.0550E-1 -1.0777E-1
-1.0540E-1 -1.1065E-1
-1.0530E-1 -1.0758E-1
-1.0520E-1 -1.1046E-1
-1.0510E-1 -1.0732E-1
-1.0500E-1 -1.1017E-1
-1.0490E-1 -1.0735E-1
-1.0480E-1 -1.1011E-1
-1.0470E-1 -1.0700E-1
-1.0460E-1 -1.0981E-1
-1.0450E-1 -1.0682E-1
-1.0440E-1 -1.0963E-1
-1.0430E-1 -1.0658E-1
-1.0420E-1 -1.0938E-1
-1.0410E-1 -1.0643E-1
-1.0400E-1 -1.0924E-1
-1.0390E-1 -1.0614E-1
-1.0380E-1 -1.0893E-1
-1.0370E-1 -1.0596E-1
-1.0360E-1 -1.0875E-1
-1.0350E-1 -1.0571E-1
-1.0340E-1 -1.0849E-1
-1.0330E-1 -1.0556E-1
-1.0320E-1 -1.0834E-1
-1.0310E-1 -1.0528E-1
-1.0300E-1 -1.0805E-1
-1.0290E-1 -1.0511E-1
-1.0280E-1 -1.0788E-1
-1.0270E-1 -1.0487E-1
-1.0260E-1 -1.0764E-1
-1.0250E-1 -1.0474E-1
-1.0240E-1 -1.0751E-1
-1.0230E-1 -1.0612E-1
-1.0220E-1 -1.0893E-1
-1.0210E-1 -1.0592E-1
-1.0200E-1 -1.0873E-1
-1.0190E-1 -1.0565E-1
-1.0180E-1 -1.0845E-1
-1.0170E-1 -1.0549E-1
-1.0160E-1 -1.0828E-1
-1.0150E-1 -1.0519E-1
-1.0140E-1 -1.0798E-1
-1.0130E-1 -1.0501E-1
-1.0120E-1 -1.0779E-1
-1.0110E-1 -1.0477E-1
-1.0100E-1 -1.0754E-1
-1.0090E-1 -1.0461E-1
-1.0080E-1 -1.0740E-1
-1.0070E-1 -1.0431E-1
-1.0060E-1 -1.0708E-1
-1.0050E-1 -1.0412E-1
-1.0040E-1 -1.0689E-1
-1.0030E-1 -1.0387E-1
-1.0020E-1 -1.0662E-1
-1.0010E-1 -1.0371E-1
-1.0000E-1 -1.0647E-1
-9.9900E-2 -1.0342E-1
-9.9800E-2 -1.0617E-1
-9.9700E-2 -1.0325E-1
-9.9600E-2 -1.0600E-1
-9.9500E-2 -1.0301E-1
-9.9400E-2 -1.0575E-1
-9.9300E-2 -1.0287E-1
-9.9200E-2 -1.0562E-1
-9.9100E-2 -1.0259E-1
-9.9000E-2 -1.0532E-1
-9.8900E-2 -1.0239E-1
-9.8800E-2 -1.0512E-1
-9.8700E-2 -1.0213E-1
-9.8600E-2 -1.0485E-1
-9.8500E-2 -1.0197E-1
-9.8400E-2 -1.0469E-1
-9.8300E-2 -1.0168E-1
-9.8200E-2 -1.0439E-1
-9.8100E-2 -1.0150E-1
-9.8000E-2 -1.0421E-1
-9.7900E-2 -1.0126E-1
-9.7800E-2 -1.0396E-1
-9.7700E-2 -1.0111E-1
-9.7600E-2 -1.0381E-1
-9.7500E-2 -1.0082E-1
-9.7400E-2 -1.0351E-1
-9.7300E-2 -1.0063E-1
-9.7200E-2 -1.0332E-1
-9.7100E-2 -1.0038E-1
-9.7000E-2 -1.0306E-1
-9.6900E-2 -1.0022E-1
-9.6800E-2 -1.0291E-1
-9.6700E-2 -9.9940E-2
-9.6600E-2 -1.0263E-1
-9.6500E-2 -9.9770E-2
-9.6400E-2 -1.0245E-1
-9.6300E-2 -9.9540E-2
-9.6200E-2 -1.0221E-1
-9.6100E-2 -9.9400E-2
-9.6000E-2 -1.0208E-1
-9.5900E-2 -9.9160E-2
-9.5800E-2 -1.0183E-1
-9.5700E-2 -9.8970E-2
-9.5600E-2 -1.0162E-1
-9.5500E-2 -9.8710E-2
-9.5400E-2 -1.0136E-1
-9.5300E-2 -9.8540E-2
-9.5200E-2 -1.0119E-1
-9.5100E-2 -9.8250E-2
-9.5000E-2 -1.0089E-1
-9.4900E-2 -9.8070E-2
-9.4800E-2 -1.0070E-1
-9.4700E-2 -9.7820E-2
-9.4600E-2 -1.0046E-1
-9.4500E-2 -9.7670E-2
-9.4400E-2 -1.0031E-1
-9.4300E-2 -9.7380E-2
-9.4200E-2 -1.0000E-1
-9.4100E-2 -9.7190E-2
-9.4000E-2 -9.9810E-2
-9.3900E-2 -9.6940E-2
-9.3800E-2 -9.9550E-2
-9.3700E-2 -9.6780E-2
-9.3600E-2 -9.9390E-2
-9.3500E-2 -9.6500E-2
-9.3400E-2 -9.9100E-2
-9.3300E-2 -9.6320E-2
-9.3200E-2 -9.8930E-2
-9.3100E-2 -9.6090E-2
-9.3000E-2 -9.8690E-2
-9.2900E-2 -9.5940E-2
-9.2800E-2 -9.8540E-2
-9.2700E-2 -9.5670E-2
-9.2600E-2 -9.8260E-2
-9.2500E-2 -9.5480E-2
-9.2400E-2 -9.8060E-2
-9.2300E-2 -9.5220E-2
-9.2200E-2 -9.7800E-2
-9.2100E-2 -9.5050E-2
-9.2000E-2 -9.7640E-2
-9.1900E-2 -9.4770E-2
-9.1800E-2 -9.7340E-2
-9.1700E-2 -9.4590E-2
-9.1600E-2 -9.7170E-2
-9.1500E-2 -9.4340E-2
-9.1400E-2 -9.6920E-2
-9.1300E-2 -9.4200E-2
-9.1200E-2 -9.6770E-2
-9.1100E-2 -9.3900E-2
-9.1000E-2 -9.6470E-2
-9.0900E-2 -9.3720E-2
-9.0800E-2 -9.6280E-2
-9.0700E-2 -9.3470E-2
-9.0600E-2 -9.6020E-2
-9.0500E-2 -9.3310E-2
-9.0400E-2 -9.5860E-2
-9.0300E-2 -9.3030E-2
-9.0200E-2 -9.5580E-2
-9.0100E-2 -9.2850E-2
-9.0000E-2 -9.5400E-2
