1.2800E+0 1.4130E+0
1.2803E+0 1.4120E+0
1.2806E+0 1.4120E+0
1.2809E+0 1.4120E+0
1.2812E+0 1.4130E+0
1.2815E+0 1.4130E+0
1.2818E+0 1.4140E+0
1.2821E+0 1.4130E+0
1.2824E+0 1.4150E+0
1.2827E+0 1.4140E+0
1.2830E+0 1.4150E+0
1.2833E+0 1.4150E+0
1.2836E+0 1.4150E+0
1.2839E+0 1.4150E+0
1.2842E+0 1.4160E+0
1.2845E+0 1.4160E+0
1.2848E+0 1.4180E+0
1.2851E+0 1.4170E+0
1.2854E+0 1.4180E+0
1.2857E+0 1.4170E+0
1.2860E+0 1.4190E+0
1.2863E+0 1.4190E+0
1.2866E+0 1.4190E+0
1.2869E+0 1.4190E+0
1.2872E+0 1.4200E+0
1.2875E+0 1.4190E+0
1.2878E+0 1.4200E+0
1.2881E+0 1.4200E+0
1.2884E+0 1.4210E+0
1.2887E+0 1.4210E+0
1.2890E+0 1.4220E+0
1.2893E+0 1.4210E+0
1.2896E+0 1.4230E+0
1.2899E+0 1.4220E+0
1.2902E+0 1.4220E+0
1.2905E+0 1.4230E+0
1.2908E+0 1.4240E+0
1.2911E+0 1.4230E+0
1.2914E+0 1.4240E+0
1.2917E+0 1.4240E+0
1.2920E+0 1.4260E+0
1.2923E+0 1.4250E+0
1.2926E+0 1.4260E+0
1.2929E+0 1.4270E+0
1.2932E+0 1.4270E+0
1.2935E+0 1.4260E+0
1.2938E+0 1.4270E+0
1.2941E+0 1.4270E+0
1.2944E+0 1.4290E+0
1.2947E+0 1.4270E+0
1.2950E+0 1.4280E+0
1.2953E+0 1.4280E+0
1.2956E+0 1.4290E+0
1.2959E+0 1.4300E+0
1.2962E+0 1.4300E+0
1.2965E+0 1.4300E+0
1.2968E+0 1.4310E+0
1.2971E+0 1.4300E+0
1.2974E+0 1.4310E+0
1.2977E+0 1.4310E+0
1.2980E+0 1.4320E+0
1.2983E+0 1.4320E+0
1.2986E+0 1.4320E+0
1.2989E+0 1.4330E+0
1.2992E+0 1.4340E+0
1.2995E+0 1.4330E+0
1.2998E+0 1.4330E+0
1.3001E+0 1.4340E+0
1.3004E+0 1.4340E+0
1.3007E+0 1.4350E+0
1.3010E+0 1.4350E+0
1.3013E+0 1.4350E+0
1.3016E+0 1.4370E+0
1.3019E+0 1.4360E+0
1.3022E+0 1.4370E+0
1.3025E+0 1.4370E+0
1.3028E+0 1.4380E+0
1.3031E+0 1.4380E+0
1.3034E+0 1.4380E+0
1.3037E+0 1.4380E+0
1.3040E+0 1.4400E+0
1.3043E+0 1.4390E+0
1.3046E+0 1.4400E+0
1.3049E+0 1.4410E+0
1.3052E+0 1.4410E+0
1.3055E+0 1.4420E+0
1.3058E+0 1.4410E+0
1.3061E+0 1.4410E+0
1.3064E+0 1.4420E+0
1.3067E+0 1.4410E+0
1.3070E+0 1.4420E+0
1.3073E+0 1.4420E+0
1.3076E+0 1.4430E+0
1.3079E+0 1.4420E+0
1.3082E+0 1.4430E+0
1.3085E+0 1.4430E+0
1.3088E+0 1.4450E+0
1.3091E+0 1.4440E+0
1.3094E+0 1.4440E+0
1.3097E+0 1.4440E+0
1.3100E+0 1.4450E+0
1.3103E+0 1.4450E+0
1.3106E+0 1.4450E+0
1.3109E+0 1.4460E+0
1.3112E+0 1.4470E+0
1.3115E+0 1.4460E+0
1.3118E+0 1.4480E+0
1.3121E+0 1.4480E+0
1.3124E+0 1.4480E+0
1.3127E+0 1.4480E+0
1.3130E+0 1.4490E+0
1.3133E+0 1.4480E+0
1.3136E+0 1.4500E+0
1.3139E+0 1.4490E+0
1.3142E+0 1.4500E+0
1.3145E+0 1.4500E+0
1.3148E+0 1.4510E+0
1.3151E+0 1.4510E+0
1.3154E+0 1.4520E+0
1.3157E+0 1.4510E+0
1.3160E+0 1.4530E+0
1.3163E+0 1.4520E+0
1.3166E+0 1.4530E+0
1.3169E+0 1.4530E+0
1.3172E+0 1.4540E+0
1.3175E+0 1.4540E+0
1.3178E+0 1.4540E+0
1.3181E+0 1.4550E+0
1.3184E+0 1.4570E+0
1.3187E+0 1.4560E+0
1.3190E+0 1.4560E+0
1.3193E+0 1.4560E+0
1.3196E+0 1.4570E+0
1.3199E+0 1.4560E+0
1.3202E+0 1.4570E+0
1.3205E+0 1.4570E+0
1.3208E+0 1.4580E+0
1.3211E+0 1.4580E+0
1.3214E+0 1.4580E+0
1.3217E+0 1.4590E+0
1.3220E+0 1.4590E+0
1.3223E+0 1.4590E+0
1.3226E+0 1.4590E+0
1.3229E+0 1.4600E+0
1.3232E+0 1.4620E+0
1.3235E+0 1.4600E+0
1.3238E+0 1.4610E+0
1.3241E+0 1.4610E+0
1.3244E+0 1.4630E+0
1.3247E+0 1.4630E+0
1.3250E+0 1.4630E+0
1.3253E+0 1.4630E+0
1.3256E+0 1.4640E+0
1.3259E+0 1.4630E+0
1.3262E+0 1.4640E+0
1.3265E+0 1.4640E+0
1.3268E+0 1.4650E+0
1.3271E+0 1.4650E+0
1.3274E+0 1.4660E+0
1.3277E+0 1.4660E+0
1.3280E+0 1.4680E+0
1.3283E+0 1.4670E+0
1.3286E+0 1.4670E+0
1.3289E+0 1.4670E+0
1.3292E+0 1.4680E+0
1.3295E+0 1.4690E+0
1.3298E+0 1.4690E+0
1.3301E+0 1.4690E+0
1.3304E+0 1.4710E+0
1.3307E+0 1.4700E+0
1.3310E+0 1.4710E+0
1.3313E+0 1.4700E+0
1.3316E+0 1.4700E+0
1.3319E+0 1.4700E+0
1.3322E+0 1.4700E+0
1.3325E+0 1.4700E+0
1.3328E+0 1.4710E+0
1.3331E+0 1.4710E+0
1.3334E+0 1.4710E+0
1.3337E+0 1.4710E+0
1.3340E+0 1.4720E+0
1.3343E+0 1.4730E+0
1.3346E+0 1.4730E+0
1.3349E+0 1.4730E+0
1.3352E+0 1.4740E+0
1.3355E+0 1.4730E+0
1.3358E+0 1.4740E+0
1.3361E+0 1.4740E+0
1.3364E+0 1.4750E+0
1.3367E+0 1.4750E+0
1.3370E+0 1.4750E+0
1.3373E+0 1.4750E+0
1.3376E+0 1.4780E+0
1.3379E+0 1.4760E+0
1.3382E+0 1.4770E+0
1.3385E+0 1.4760E+0
1.3388E+0 1.4770E+0
1.3391E+0 1.4770E+0
1.3394E+0 1.4770E+0
1.3397E+0 1.4770E+0
1.3400E+0 1.4790E+0
1.3403E+0 1.4790E+0
1.3406E+0 1.4790E+0
1.3409E+0 1.4800E+0
1.3412E+0 1.4800E+0
1.3415E+0 1.4800E+0
1.3418E+0 1.4800E+0
1.3421E+0 1.4800E+0
1.3424E+0 1.4820E+0
1.3427E+0 1.4820E+0
1.3430E+0 1.4820E+0
1.3433E+0 1.4820E+0
1.3436E+0 1.4840E+0
1.3439E+0 1.4840E+0
1.3442E+0 1.4840E+0
1.3445E+0 1.4830E+0
1.3448E+0 1.4850E+0
1.3451E+0 1.4840E+0
1.3454E+0 1.4850E+0
1.3457E+0 1.4850E+0
1.3460E+0 1.4860E+0
1.3463E+0 1.4850E+0
1.3466E+0 1.4860E+0
1.3469E+0 1.4860E+0
1.3472E+0 1.4880E+0
1.3475E+0 1.4870E+0
1.3478E+0 1.4870E+0
1.3481E+0 1.4870E+0
1.3484E+0 1.4880E+0
1.3487E+0 1.4880E+0
1.3490E+0 1.4880E+0
1.3493E+0 1.4890E+0
1.3496E+0 1.4900E+0
1.3499E+0 1.4890E+0
1.3502E+0 1.4910E+0
1.3505E+0 1.4910E+0
1.3508E+0 1.4910E+0
1.3511E+0 1.4910E+0
1.3514E+0 1.4920E+0
1.3517E+0 1.4910E+0
1.3520E+0 1.4930E+0
1.3523E+0 1.4920E+0
1.3526E+0 1.4930E+0
1.3529E+0 1.4930E+0
1.3532E+0 1.4940E+0
1.3535E+0 1.4940E+0
1.3538E+0 1.4940E+0
1.3541E+0 1.4940E+0
1.3544E+0 1.4960E+0
1.3547E+0 1.4950E+0
1.3550E+0 1.4960E+0
1.3553E+0 1.4960E+0
1.3556E+0 1.4970E+0
1.3559E+0 1.4970E+0
1.3562E+0 1.4980E+0
1.3565E+0 1.4980E+0
1.3568E+0 1.4990E+0
1.3571E+0 1.4980E+0
1.3574E+0 1.4990E+0
1.3577E+0 1.4980E+0
1.3580E+0 1.4990E+0
1.3583E+0 1.4990E+0
1.3586E+0 1.4990E+0
1.3589E+0 1.4990E+0
1.3592E+0 1.5000E+0
1.3595E+0 1.5000E+0
1.3598E+0 1.5010E+0
1.3601E+0 1.5010E+0
1.3604E+0 1.5010E+0
1.3607E+0 1.5010E+0
1.3610E+0 1.5020E+0
1.3613E+0 1.5020E+0
1.3616E+0 1.5030E+0
1.3619E+0 1.5030E+0
1.3622E+0 1.5030E+0
1.3625E+0 1.5030E+0
1.3628E+0 1.5050E+0
1.3631E+0 1.5050E+0
1.3634E+0 1.5050E+0
1.3637E+0 1.5050E+0
1.3640E+0 1.5060E+0
1.3643E+0 1.5050E+0
1.3646E+0 1.5060E+0
1.3649E+0 1.5060E+0
1.3652E+0 1.5070E+0
1.3655E+0 1.5070E+0
1.3658E+0 1.5070E+0
1.3661E+0 1.5070E+0
1.3664E+0 1.5100E+0
1.3667E+0 1.5080E+0
1.3670E+0 1.5080E+0
1.3673E+0 1.5090E+0
1.3676E+0 1.5100E+0
1.3679E+0 1.5100E+0
1.3682E+0 1.5110E+0
1.3685E+0 1.5100E+0
1.3688E+0 1.5120E+0
1.3691E+0 1.5120E+0
1.3694E+0 1.5130E+0
1.3697E+0 1.5130E+0
1.3700E+0 1.5130E+0
1.3703E+0 1.5130E+0
1.3706E+0 1.5130E+0
1.3709E+0 1.5130E+0
1.3712E+0 1.5150E+0
1.3715E+0 1.5140E+0
1.3718E+0 1.5140E+0
1.3721E+0 1.5140E+0
1.3724E+0 1.5160E+0
1.3727E+0 1.5160E+0
1.3730E+0 1.5160E+0
1.3733E+0 1.5150E+0
1.3736E+0 1.5170E+0
1.3739E+0 1.5160E+0
1.3742E+0 1.5180E+0
1.3745E+0 1.5180E+0
1.3748E+0 1.5180E+0
1.3751E+0 1.5180E+0
1.3754E+0 1.5190E+0
1.3757E+0 1.5190E+0
1.3760E+0 1.5210E+0
1.3763E+0 1.5200E+0
1.3766E+0 1.5200E+0
1.3769E+0 1.5200E+0
1.3772E+0 1.5210E+0
1.3775E+0 1.5220E+0
1.3778E+0 1.5210E+0
1.3781E+0 1.5210E+0
1.3784E+0 1.5230E+0
1.3787E+0 1.5220E+0
1.3790E+0 1.5230E+0
1.3793E+0 1.5240E+0
1.3796E+0 1.5250E+0
1.3799E+0 1.5240E+0
1.3802E+0 1.5240E+0
1.3805E+0 1.5250E+0
1.3808E+0 1.5270E+0
1.3811E+0 1.5260E+0
1.3814E+0 1.5270E+0
1.3817E+0 1.5270E+0
1.3820E+0 1.5280E+0
1.3823E+0 1.5280E+0
1.3826E+0 1.5280E+0
1.3829E+0 1.5280E+0
1.3832E+0 1.5280E+0
1.3835E+0 1.5270E+0
1.3838E+0 1.5290E+0
1.3841E+0 1.5290E+0
1.3844E+0 1.5290E+0
1.3847E+0 1.5280E+0
1.3850E+0 1.5290E+0
1.3853E+0 1.5290E+0
1.3856E+0 1.5320E+0
1.3859E+0 1.5300E+0
1.3862E+0 1.5310E+0
1.3865E+0 1.5300E+0
1.3868E+0 1.5310E+0
1.3871E+0 1.5320E+0
1.3874E+0 1.5320E+0
1.3877E+0 1.5320E+0
1.3880E+0 1.5330E+0
1.3883E+0 1.5330E+0
1.3886E+0 1.5340E+0
1.3889E+0 1.5340E+0
1.3892E+0 1.5340E+0
1.3895E+0 1.5340E+0
1.3898E+0 1.5340E+0
1.3901E+0 1.5340E+0
1.3904E+0 1.5360E+0
1.3907E+0 1.5350E+0
1.3910E+0 1.5360E+0
1.3913E+0 1.5360E+0
1.3916E+0 1.5370E+0
1.3919E+0 1.5380E+0
1.3922E+0 1.5380E+0
1.3925E+0 1.5370E+0
1.3928E+0 1.5390E+0
1.3931E+0 1.5380E+0
1.3934E+0 1.5390E+0
1.3937E+0 1.5390E+0
1.3940E+0 1.5400E+0
1.3943E+0 1.5400E+0
1.3946E+0 1.5400E+0
1.3949E+0 1.5410E+0
1.3952E+0 1.5430E+0
1.3955E+0 1.5410E+0
1.3958E+0 1.5420E+0
1.3961E+0 1.5420E+0
1.3964E+0 1.5430E+0
1.3967E+0 1.5430E+0
1.3970E+0 1.5430E+0
1.3973E+0 1.5430E+0
1.3976E+0 1.5440E+0
1.3979E+0 1.5430E+0
1.3982E+0 1.5450E+0
1.3985E+0 1.5450E+0
1.3988E+0 1.5450E+0
1.3991E+0 1.5450E+0
1.3994E+0 1.5450E+0
1.3997E+0 1.5460E+0
1.4000E+0 1.5470E+0
1.4003E+0 1.5460E+0
1.4006E+0 1.5470E+0
1.4009E+0 1.5470E+0
1.4012E+0 1.5490E+0
1.4015E+0 1.5490E+0
1.4018E+0 1.5490E+0
1.4021E+0 1.5490E+0
1.4024E+0 1.5500E+0
1.4027E+0 1.5490E+0
1.4030E+0 1.5500E+0
1.4033E+0 1.5500E+0
1.4036E+0 1.5510E+0
1.4039E+0 1.5510E+0
1.4042E+0 1.5520E+0
1.4045E+0 1.5520E+0
1.4048E+0 1.5540E+0
1.4051E+0 1.5520E+0
1.4054E+0 1.5530E+0
1.4057E+0 1.5530E+0
1.4060E+0 1.5540E+0
1.4063E+0 1.5540E+0
1.4066E+0 1.5550E+0
1.4069E+0 1.5550E+0
1.4072E+0 1.5570E+0
1.4075E+0 1.5560E+0
1.4078E+0 1.5570E+0
1.4081E+0 1.5560E+0
1.4084E+0 1.5560E+0
1.4087E+0 1.5560E+0
1.4090E+0 1.5560E+0
1.4093E+0 1.5560E+0
1.4096E+0 1.5580E+0
1.4099E+0 1.5570E+0
1.4102E+0 1.5580E+0
1.4105E+0 1.5570E+0
1.4108E+0 1.5590E+0
1.4111E+0 1.5590E+0
1.4114E+0 1.5590E+0
1.4117E+0 1.5590E+0
1.4120E+0 1.5600E+0
1.4123E+0 1.5600E+0
1.4126E+0 1.5600E+0
1.4129E+0 1.5610E+0
1.4132E+0 1.5610E+0
1.4135E+0 1.5610E+0
1.4138E+0 1.5620E+0
1.4141E+0 1.5620E+0
1.4144E+0 1.5640E+0
1.4147E+0 1.5630E+0
1.4150E+0 1.5630E+0
1.4153E+0 1.5630E+0
1.4156E+0 1.5640E+0
1.4159E+0 1.5640E+0
1.4162E+0 1.5650E+0
1.4165E+0 1.5640E+0
1.4168E+0 1.5660E+0
1.4171E+0 1.5650E+0
1.4174E+0 1.5670E+0
1.4177E+0 1.5670E+0
1.4180E+0 1.5670E+0
1.4183E+0 1.5670E+0
1.4186E+0 1.5670E+0
1.4189E+0 1.5680E+0
1.4192E+0 1.5700E+0
1.4195E+0 1.5680E+0
1.4198E+0 1.5690E+0
1.4201E+0 1.5700E+0
1.4204E+0 1.5710E+0
1.4207E+0 1.5710E+0
1.4210E+0 1.5710E+0
1.4213E+0 1.5710E+0
1.4216E+0 1.5720E+0
1.4219E+0 1.5710E+0
1.4222E+0 1.5720E+0
1.4225E+0 1.5720E+0
1.4228E+0 1.5730E+0
1.4231E+0 1.5730E+0
1.4234E+0 1.5730E+0
1.4237E+0 1.5730E+0
1.4240E+0 1.5760E+0
1.4243E+0 1.5740E+0
1.4246E+0 1.5750E+0
1.4249E+0 1.5740E+0
1.4252E+0 1.5760E+0
1.4255E+0 1.5750E+0
1.4258E+0 1.5770E+0
1.4261E+0 1.5760E+0
1.4264E+0 1.5780E+0
1.4267E+0 1.5770E+0
1.4270E+0 1.5780E+0
1.4273E+0 1.5780E+0
1.4276E+0 1.5790E+0
1.4279E+0 1.5790E+0
1.4282E+0 1.5790E+0
1.4285E+0 1.5790E+0
1.4288E+0 1.5810E+0
1.4291E+0 1.5800E+0
1.4294E+0 1.5810E+0
1.4297E+0 1.5810E+0
1.4300E+0 1.5820E+0
1.4303E+0 1.5820E+0
1.4306E+0 1.5820E+0
1.4309E+0 1.5820E+0
1.4312E+0 1.5840E+0
1.4315E+0 1.5830E+0
1.4318E+0 1.5840E+0
1.4321E+0 1.5840E+0
1.4324E+0 1.5850E+0
1.4327E+0 1.5850E+0
1.4330E+0 1.5860E+0
1.4333E+0 1.5860E+0
1.4336E+0 1.5850E+0
1.4339E+0 1.5830E+0
1.4342E+0 1.5840E+0
1.4345E+0 1.5840E+0
1.4348E+0 1.5850E+0
1.4351E+0 1.5840E+0
1.4354E+0 1.5850E+0
1.4357E+0 1.5850E+0
1.4360E+0 1.5860E+0
1.4363E+0 1.5850E+0
1.4366E+0 1.5860E+0
1.4369E+0 1.5870E+0
1.4372E+0 1.5870E+0
1.4375E+0 1.5870E+0
1.4378E+0 1.5870E+0
1.4381E+0 1.5880E+0
1.4384E+0 1.5890E+0
1.4387E+0 1.5880E+0
1.4390E+0 1.5890E+0
1.4393E+0 1.5890E+0
1.4396E+0 1.5900E+0
1.4399E+0 1.5900E+0
1.4402E+0 1.5900E+0
1.4405E+0 1.5900E+0
1.4408E+0 1.5910E+0
1.4411E+0 1.5900E+0
1.4414E+0 1.5910E+0
1.4417E+0 1.5910E+0
1.4420E+0 1.5920E+0
1.4423E+0 1.5920E+0
1.4426E+0 1.5920E+0
1.4429E+0 1.5930E+0
1.4432E+0 1.5950E+0
1.4435E+0 1.5940E+0
1.4438E+0 1.5940E+0
1.4441E+0 1.5940E+0
1.4444E+0 1.5950E+0
1.4447E+0 1.5950E+0
1.4450E+0 1.5960E+0
1.4453E+0 1.5950E+0
1.4456E+0 1.5970E+0
1.4459E+0 1.5970E+0
1.4462E+0 1.5980E+0
1.4465E+0 1.5980E+0
1.4468E+0 1.5980E+0
1.4471E+0 1.5980E+0
1.4474E+0 1.5980E+0
1.4477E+0 1.5980E+0
1.4480E+0 1.6000E+0
1.4483E+0 1.5990E+0
1.4486E+0 1.5990E+0
1.4489E+0 1.5990E+0
1.4492E+0 1.6000E+0
1.4495E+0 1.6010E+0
1.4498E+0 1.6010E+0
1.4501E+0 1.6010E+0
1.4504E+0 1.6020E+0
1.4507E+0 1.6010E+0
1.4510E+0 1.6020E+0
1.4513E+0 1.6020E+0
1.4516E+0 1.6030E+0
1.4519E+0 1.6030E+0
1.4522E+0 1.6040E+0
1.4525E+0 1.6040E+0
1.4528E+0 1.6060E+0
1.4531E+0 1.6050E+0
1.4534E+0 1.6050E+0
1.4537E+0 1.6050E+0
1.4540E+0 1.6060E+0
1.4543E+0 1.6060E+0
1.4546E+0 1.6060E+0
1.4549E+0 1.6060E+0
1.4552E+0 1.6080E+0
1.4555E+0 1.6070E+0
1.4558E+0 1.6080E+0
1.4561E+0 1.6090E+0
1.4564E+0 1.6090E+0
1.4567E+0 1.6090E+0
1.4570E+0 1.6100E+0
1.4573E+0 1.6090E+0
1.4576E+0 1.6120E+0
1.4579E+0 1.6100E+0
1.4582E+0 1.6110E+0
1.4585E+0 1.6120E+0
1.4588E+0 1.6130E+0
1.4591E+0 1.6130E+0
1.4594E+0 1.6130E+0
1.4597E+0 1.6120E+0
1.4600E+0 1.6140E+0
1.4603E+0 1.6120E+0
1.4606E+0 1.6130E+0
1.4609E+0 1.6130E+0
1.4612E+0 1.6140E+0
1.4615E+0 1.6140E+0
1.4618E+0 1.6140E+0
1.4621E+0 1.6140E+0
1.4624E+0 1.6160E+0
1.4627E+0 1.6150E+0
1.4630E+0 1.6150E+0
1.4633E+0 1.6150E+0
1.4636E+0 1.6170E+0
1.4639E+0 1.6170E+0
1.4642E+0 1.6170E+0
1.4645E+0 1.6160E+0
1.4648E+0 1.6190E+0
1.4651E+0 1.6170E+0
1.4654E+0 1.6190E+0
1.4657E+0 1.6190E+0
1.4660E+0 1.6190E+0
1.4663E+0 1.6190E+0
1.4666E+0 1.6190E+0
1.4669E+0 1.6190E+0
1.4672E+0 1.6210E+0
1.4675E+0 1.6200E+0
1.4678E+0 1.6210E+0
1.4681E+0 1.6210E+0
1.4684E+0 1.6220E+0
1.4687E+0 1.6220E+0
1.4690E+0 1.6220E+0
1.4693E+0 1.6220E+0
1.4696E+0 1.6230E+0
1.4699E+0 1.6230E+0
1.4702E+0 1.6230E+0
1.4705E+0 1.6240E+0
1.4708E+0 1.6250E+0
1.4711E+0 1.6250E+0
1.4714E+0 1.6260E+0
1.4717E+0 1.6260E+0
1.4720E+0 1.6280E+0
1.4723E+0 1.6260E+0
1.4726E+0 1.6270E+0
1.4729E+0 1.6270E+0
1.4732E+0 1.6280E+0
1.4735E+0 1.6280E+0
1.4738E+0 1.6280E+0
1.4741E+0 1.6280E+0
1.4744E+0 1.6290E+0
1.4747E+0 1.6280E+0
1.4750E+0 1.6290E+0
1.4753E+0 1.6300E+0
1.4756E+0 1.6310E+0
1.4759E+0 1.6300E+0
1.4762E+0 1.6300E+0
1.4765E+0 1.6300E+0
1.4768E+0 1.6320E+0
1.4771E+0 1.6310E+0
1.4774E+0 1.6320E+0
1.4777E+0 1.6320E+0
1.4780E+0 1.6340E+0
1.4783E+0 1.6340E+0
1.4786E+0 1.6340E+0
1.4789E+0 1.6340E+0
1.4792E+0 1.6350E+0
1.4795E+0 1.6340E+0
1.4798E+0 1.6350E+0
1.4801E+0 1.6350E+0
1.4804E+0 1.6360E+0
1.4807E+0 1.6360E+0
1.4810E+0 1.6360E+0
1.4813E+0 1.6370E+0
1.4816E+0 1.6390E+0
1.4819E+0 1.6370E+0
1.4822E+0 1.6380E+0
1.4825E+0 1.6380E+0
1.4828E+0 1.6390E+0
1.4831E+0 1.6390E+0
1.4834E+0 1.6400E+0
1.4837E+0 1.6400E+0
1.4840E+0 1.6410E+0
1.4843E+0 1.6400E+0
1.4846E+0 1.6420E+0
1.4849E+0 1.6410E+0
1.4852E+0 1.6420E+0
1.4855E+0 1.6410E+0
1.4858E+0 1.6410E+0
1.4861E+0 1.6420E+0
1.4864E+0 1.6430E+0
1.4867E+0 1.6420E+0
1.4870E+0 1.6430E+0
1.4873E+0 1.6420E+0
1.4876E+0 1.6440E+0
1.4879E+0 1.6440E+0
1.4882E+0 1.6440E+0
1.4885E+0 1.6430E+0
1.4888E+0 1.6450E+0
1.4891E+0 1.6440E+0
1.4894E+0 1.6450E+0
1.4897E+0 1.6460E+0
1.4900E+0 1.6460E+0
1.4903E+0 1.6460E+0
1.4906E+0 1.6470E+0
1.4909E+0 1.6470E+0
1.4912E+0 1.6480E+0
1.4915E+0 1.6480E+0
1.4918E+0 1.6480E+0
1.4921E+0 1.6480E+0
1.4924E+0 1.6490E+0
1.4927E+0 1.6490E+0
1.4930E+0 1.6490E+0
1.4933E+0 1.6490E+0
1.4936E+0 1.6510E+0
1.4939E+0 1.6500E+0
1.4942E+0 1.6510E+0
1.4945E+0 1.6510E+0
1.4948E+0 1.6520E+0
1.4951E+0 1.6510E+0
1.4954E+0 1.6520E+0
1.4957E+0 1.6520E+0
1.4960E+0 1.6540E+0
1.4963E+0 1.6530E+0
1.4966E+0 1.6540E+0
1.4969E+0 1.6540E+0
1.4972E+0 1.6550E+0
1.4975E+0 1.6560E+0
1.4978E+0 1.6560E+0
1.4981E+0 1.6550E+0
1.4984E+0 1.6570E+0
1.4987E+0 1.6560E+0
1.4990E+0 1.6560E+0
1.4993E+0 1.6570E+0
1.4996E+0 1.6570E+0
1.4999E+0 1.6570E+0
1.5002E+0 1.6570E+0
1.5005E+0 1.6580E+0
1.5008E+0 1.6600E+0
1.5011E+0 1.6580E+0
1.5014E+0 1.6590E+0
1.5017E+0 1.6590E+0
1.5020E+0 1.6600E+0
1.5023E+0 1.6600E+0
1.5026E+0 1.6610E+0
1.5029E+0 1.6600E+0
1.5032E+0 1.6620E+0
1.5035E+0 1.6610E+0
1.5038E+0 1.6630E+0
1.5041E+0 1.6630E+0
1.5044E+0 1.6630E+0
1.5047E+0 1.6620E+0
1.5050E+0 1.6630E+0
1.5053E+0 1.6630E+0
1.5056E+0 1.6650E+0
1.5059E+0 1.6640E+0
1.5062E+0 1.6640E+0
1.5065E+0 1.6650E+0
1.5068E+0 1.6660E+0
1.5071E+0 1.6660E+0
1.5074E+0 1.6660E+0
1.5077E+0 1.6670E+0
1.5080E+0 1.6680E+0
1.5083E+0 1.6670E+0
1.5086E+0 1.6680E+0
1.5089E+0 1.6680E+0
1.5092E+0 1.6690E+0
1.5095E+0 1.6690E+0
1.5098E+0 1.6700E+0
1.5101E+0 1.6700E+0
1.5104E+0 1.6710E+0
1.5107E+0 1.6700E+0
1.5110E+0 1.6700E+0
1.5113E+0 1.6700E+0
1.5116E+0 1.6710E+0
1.5119E+0 1.6710E+0
1.5122E+0 1.6710E+0
1.5125E+0 1.6710E+0
1.5128E+0 1.6730E+0
1.5131E+0 1.6720E+0
1.5134E+0 1.6730E+0
1.5137E+0 1.6730E+0
1.5140E+0 1.6740E+0
1.5143E+0 1.6730E+0
1.5146E+0 1.6730E+0
1.5149E+0 1.6740E+0
1.5152E+0 1.6760E+0
1.5155E+0 1.6750E+0
1.5158E+0 1.6750E+0
1.5161E+0 1.6750E+0
1.5164E+0 1.6760E+0
1.5167E+0 1.6770E+0
1.5170E+0 1.6770E+0
1.5173E+0 1.6770E+0
1.5176E+0 1.6780E+0
1.5179E+0 1.6770E+0
1.5182E+0 1.6780E+0
1.5185E+0 1.6780E+0
1.5188E+0 1.6790E+0
1.5191E+0 1.6780E+0
1.5194E+0 1.6790E+0
1.5197E+0 1.6790E+0
1.5200E+0 1.6810E+0
1.5203E+0 1.6800E+0
1.5206E+0 1.6810E+0
1.5209E+0 1.6810E+0
1.5212E+0 1.6820E+0
1.5215E+0 1.6820E+0
1.5218E+0 1.6830E+0
1.5221E+0 1.6820E+0
1.5224E+0 1.6840E+0
1.5227E+0 1.6840E+0
1.5230E+0 1.6850E+0
1.5233E+0 1.6850E+0
1.5236E+0 1.6850E+0
1.5239E+0 1.6850E+0
1.5242E+0 1.6850E+0
1.5245E+0 1.6850E+0
1.5248E+0 1.6870E+0
1.5251E+0 1.6860E+0
1.5254E+0 1.6870E+0
1.5257E+0 1.6870E+0
1.5260E+0 1.6880E+0
1.5263E+0 1.6870E+0
1.5266E+0 1.6880E+0
1.5269E+0 1.6880E+0
1.5272E+0 1.6890E+0
1.5275E+0 1.6880E+0
1.5278E+0 1.6890E+0
1.5281E+0 1.6900E+0
1.5284E+0 1.6900E+0
1.5287E+0 1.6900E+0
1.5290E+0 1.6910E+0
1.5293E+0 1.6910E+0
1.5296E+0 1.6930E+0
1.5299E+0 1.6920E+0
1.5302E+0 1.6920E+0
1.5305E+0 1.6930E+0
1.5308E+0 1.6930E+0
1.5311E+0 1.6930E+0
1.5314E+0 1.6930E+0
1.5317E+0 1.6940E+0
1.5320E+0 1.6950E+0
1.5323E+0 1.6940E+0
1.5326E+0 1.6960E+0
1.5329E+0 1.6960E+0
1.5332E+0 1.6970E+0
1.5335E+0 1.6960E+0
1.5338E+0 1.6970E+0
1.5341E+0 1.6970E+0
1.5344E+0 1.6990E+0
1.5347E+0 1.6980E+0
1.5350E+0 1.6990E+0
1.5353E+0 1.7000E+0
1.5356E+0 1.7000E+0
1.5359E+0 1.7010E+0
1.5362E+0 1.7000E+0
1.5365E+0 1.6990E+0
1.5368E+0 1.7000E+0
1.5371E+0 1.6990E+0
1.5374E+0 1.7000E+0
1.5377E+0 1.7000E+0
1.5380E+0 1.7010E+0
1.5383E+0 1.7000E+0
1.5386E+0 1.7010E+0
1.5389E+0 1.7010E+0
1.5392E+0 1.7030E+0
1.5395E+0 1.7020E+0
1.5398E+0 1.7020E+0
1.5401E+0 1.7020E+0
1.5404E+0 1.7030E+0
1.5407E+0 1.7030E+0
1.5410E+0 1.7040E+0
1.5413E+0 1.7030E+0
1.5416E+0 1.7050E+0
1.5419E+0 1.7040E+0
1.5422E+0 1.7060E+0
1.5425E+0 1.7060E+0
1.5428E+0 1.7060E+0
1.5431E+0 1.7050E+0
1.5434E+0 1.7060E+0
1.5437E+0 1.7060E+0
1.5440E+0 1.7070E+0
1.5443E+0 1.7070E+0
1.5446E+0 1.7070E+0
1.5449E+0 1.7070E+0
1.5452E+0 1.7090E+0
1.5455E+0 1.7090E+0
1.5458E+0 1.7090E+0
1.5461E+0 1.7090E+0
1.5464E+0 1.7100E+0
1.5467E+0 1.7090E+0
1.5470E+0 1.7100E+0
1.5473E+0 1.7110E+0
1.5476E+0 1.7110E+0
1.5479E+0 1.7110E+0
1.5482E+0 1.7120E+0
1.5485E+0 1.7120E+0
1.5488E+0 1.7140E+0
1.5491E+0 1.7130E+0
1.5494E+0 1.7140E+0
1.5497E+0 1.7130E+0
1.5500E+0 1.7140E+0
1.5503E+0 1.7140E+0
1.5506E+0 1.7140E+0
1.5509E+0 1.7140E+0
1.5512E+0 1.7160E+0
1.5515E+0 1.7150E+0
1.5518E+0 1.7160E+0
1.5521E+0 1.7160E+0
1.5524E+0 1.7170E+0
1.5527E+0 1.7160E+0
1.5530E+0 1.7170E+0
1.5533E+0 1.7170E+0
1.5536E+0 1.7190E+0
1.5539E+0 1.7180E+0
1.5542E+0 1.7180E+0
1.5545E+0 1.7190E+0
1.5548E+0 1.7200E+0
1.5551E+0 1.7200E+0
1.5554E+0 1.7200E+0
1.5557E+0 1.7200E+0
1.5560E+0 1.7220E+0
1.5563E+0 1.7200E+0
1.5566E+0 1.7210E+0
1.5569E+0 1.7210E+0
1.5572E+0 1.7220E+0
1.5575E+0 1.7220E+0
1.5578E+0 1.7230E+0
1.5581E+0 1.7230E+0
1.5584E+0 1.7250E+0
1.5587E+0 1.7240E+0
1.5590E+0 1.7240E+0
1.5593E+0 1.7240E+0
1.5596E+0 1.7250E+0
1.5599E+0 1.7250E+0
1.5602E+0 1.7260E+0
1.5605E+0 1.7260E+0
1.5608E+0 1.7280E+0
1.5611E+0 1.7270E+0
1.5614E+0 1.7280E+0
1.5617E+0 1.7280E+0
1.5620E+0 1.7280E+0
1.5623E+0 1.7270E+0
1.5626E+0 1.7280E+0
1.5629E+0 1.7280E+0
1.5632E+0 1.7300E+0
1.5635E+0 1.7280E+0
1.5638E+0 1.7290E+0
1.5641E+0 1.7290E+0
1.5644E+0 1.7300E+0
1.5647E+0 1.7310E+0
1.5650E+0 1.7310E+0
1.5653E+0 1.7300E+0
1.5656E+0 1.7320E+0
1.5659E+0 1.7310E+0
1.5662E+0 1.7320E+0
1.5665E+0 1.7320E+0
1.5668E+0 1.7330E+0
1.5671E+0 1.7330E+0
1.5674E+0 1.7340E+0
1.5677E+0 1.7340E+0
1.5680E+0 1.7360E+0
1.5683E+0 1.7340E+0
1.5686E+0 1.7350E+0
1.5689E+0 1.7350E+0
1.5692E+0 1.7350E+0
1.5695E+0 1.7350E+0
1.5698E+0 1.7360E+0
1.5701E+0 1.7350E+0
1.5704E+0 1.7370E+0
1.5707E+0 1.7370E+0
1.5710E+0 1.7380E+0
1.5713E+0 1.7380E+0
1.5716E+0 1.7390E+0
1.5719E+0 1.7380E+0
1.5722E+0 1.7380E+0
1.5725E+0 1.7380E+0
1.5728E+0 1.7410E+0
1.5731E+0 1.7400E+0
1.5734E+0 1.7400E+0
1.5737E+0 1.7410E+0
1.5740E+0 1.7420E+0
1.5743E+0 1.7420E+0
1.5746E+0 1.7420E+0
1.5749E+0 1.7420E+0
1.5752E+0 1.7430E+0
1.5755E+0 1.7420E+0
1.5758E+0 1.7430E+0
1.5761E+0 1.7430E+0
1.5764E+0 1.7440E+0
1.5767E+0 1.7440E+0
1.5770E+0 1.7440E+0
1.5773E+0 1.7450E+0
1.5776E+0 1.7470E+0
1.5779E+0 1.7450E+0
1.5782E+0 1.7460E+0
1.5785E+0 1.7460E+0
1.5788E+0 1.7470E+0
1.5791E+0 1.7460E+0
1.5794E+0 1.7470E+0
1.5797E+0 1.7470E+0
1.5800E+0 1.7490E+0
1.5803E+0 1.7480E+0
1.5806E+0 1.7500E+0
1.5809E+0 1.7500E+0
1.5812E+0 1.7500E+0
1.5815E+0 1.7500E+0
1.5818E+0 1.7500E+0
1.5821E+0 1.7500E+0
1.5824E+0 1.7520E+0
1.5827E+0 1.7510E+0
1.5830E+0 1.7510E+0
1.5833E+0 1.7520E+0
1.5836E+0 1.7530E+0
1.5839E+0 1.7530E+0
1.5842E+0 1.7540E+0
1.5845E+0 1.7530E+0
1.5848E+0 1.7550E+0
1.5851E+0 1.7540E+0
1.5854E+0 1.7560E+0
1.5857E+0 1.7560E+0
1.5860E+0 1.7560E+0
1.5863E+0 1.7560E+0
1.5866E+0 1.7570E+0
1.5869E+0 1.7580E+0
1.5872E+0 1.7590E+0
1.5875E+0 1.7570E+0
1.5878E+0 1.7570E+0
1.5881E+0 1.7570E+0
1.5884E+0 1.7580E+0
1.5887E+0 1.7580E+0
1.5890E+0 1.7580E+0
1.5893E+0 1.7580E+0
1.5896E+0 1.7600E+0
1.5899E+0 1.7580E+0
1.5902E+0 1.7600E+0
1.5905E+0 1.7600E+0
1.5908E+0 1.7610E+0
1.5911E+0 1.7600E+0
1.5914E+0 1.7600E+0
1.5917E+0 1.7610E+0
1.5920E+0 1.7630E+0
1.5923E+0 1.7610E+0
1.5926E+0 1.7620E+0
1.5929E+0 1.7620E+0
1.5932E+0 1.7640E+0
1.5935E+0 1.7640E+0
1.5938E+0 1.7640E+0
1.5941E+0 1.7630E+0
1.5944E+0 1.7650E+0
1.5947E+0 1.7640E+0
1.5950E+0 1.7650E+0
1.5953E+0 1.7650E+0
1.5956E+0 1.7660E+0
1.5959E+0 1.7650E+0
1.5962E+0 1.7660E+0
1.5965E+0 1.7670E+0
1.5968E+0 1.7690E+0
1.5971E+0 1.7670E+0
1.5974E+0 1.7670E+0
1.5977E+0 1.7680E+0
1.5980E+0 1.7690E+0
1.5983E+0 1.7680E+0
1.5986E+0 1.7690E+0
1.5989E+0 1.7690E+0
1.5992E+0 1.7710E+0
1.5995E+0 1.7710E+0
1.5998E+0 1.7720E+0
1.6001E+0 1.7720E+0
1.6004E+0 1.7720E+0
1.6007E+0 1.7720E+0
1.6010E+0 1.7720E+0
1.6013E+0 1.7720E+0
1.6016E+0 1.7740E+0
1.6019E+0 1.7730E+0
1.6022E+0 1.7730E+0
1.6025E+0 1.7730E+0
1.6028E+0 1.7740E+0
1.6031E+0 1.7740E+0
1.6034E+0 1.7750E+0
1.6037E+0 1.7750E+0
1.6040E+0 1.7760E+0
1.6043E+0 1.7750E+0
1.6046E+0 1.7760E+0
1.6049E+0 1.7760E+0
1.6052E+0 1.7770E+0
1.6055E+0 1.7770E+0
1.6058E+0 1.7770E+0
1.6061E+0 1.7780E+0
1.6064E+0 1.7800E+0
1.6067E+0 1.7780E+0
1.6070E+0 1.7790E+0
1.6073E+0 1.7790E+0
1.6076E+0 1.7800E+0
1.6079E+0 1.7800E+0
1.6082E+0 1.7800E+0
1.6085E+0 1.7800E+0
1.6088E+0 1.7820E+0
1.6091E+0 1.7810E+0
1.6094E+0 1.7820E+0
1.6097E+0 1.7820E+0
1.6100E+0 1.7830E+0
1.6103E+0 1.7830E+0
1.6106E+0 1.7830E+0
1.6109E+0 1.7830E+0
1.6112E+0 1.7860E+0
1.6115E+0 1.7840E+0
1.6118E+0 1.7850E+0
1.6121E+0 1.7860E+0
1.6124E+0 1.7870E+0
1.6127E+0 1.7870E+0
1.6130E+0 1.7860E+0
1.6133E+0 1.7860E+0
1.6136E+0 1.7870E+0
1.6139E+0 1.7860E+0
1.6142E+0 1.7870E+0
1.6145E+0 1.7870E+0
1.6148E+0 1.7880E+0
1.6151E+0 1.7880E+0
1.6154E+0 1.7880E+0
1.6157E+0 1.7890E+0
1.6160E+0 1.7900E+0
1.6163E+0 1.7890E+0
1.6166E+0 1.7890E+0
1.6169E+0 1.7900E+0
1.6172E+0 1.7910E+0
1.6175E+0 1.7900E+0
1.6178E+0 1.7910E+0
1.6181E+0 1.7910E+0
1.6184E+0 1.7920E+0
1.6187E+0 1.7920E+0
1.6190E+0 1.7930E+0
1.6193E+0 1.7930E+0
1.6196E+0 1.7940E+0
1.6199E+0 1.7930E+0
1.6202E+0 1.7940E+0
1.6205E+0 1.7940E+0
1.6208E+0 1.7960E+0
1.6211E+0 1.7940E+0
1.6214E+0 1.7950E+0
1.6217E+0 1.7950E+0
1.6220E+0 1.7960E+0
1.6223E+0 1.7970E+0
1.6226E+0 1.7970E+0
1.6229E+0 1.7960E+0
1.6232E+0 1.7980E+0
1.6235E+0 1.7970E+0
1.6238E+0 1.7980E+0
1.6241E+0 1.7990E+0
1.6244E+0 1.7990E+0
1.6247E+0 1.7990E+0
1.6250E+0 1.8000E+0
1.6253E+0 1.8000E+0
1.6256E+0 1.8030E+0
1.6259E+0 1.8010E+0
1.6262E+0 1.8010E+0
1.6265E+0 1.8010E+0
1.6268E+0 1.8020E+0
1.6271E+0 1.8020E+0
1.6274E+0 1.8030E+0
1.6277E+0 1.8020E+0
1.6280E+0 1.8040E+0
1.6283E+0 1.8030E+0
1.6286E+0 1.8040E+0
1.6289E+0 1.8040E+0
1.6292E+0 1.8050E+0
1.6295E+0 1.8050E+0
1.6298E+0 1.8050E+0
1.6301E+0 1.8050E+0
1.6304E+0 1.8070E+0
1.6307E+0 1.8060E+0
1.6310E+0 1.8070E+0
1.6313E+0 1.8070E+0
1.6316E+0 1.8090E+0
1.6319E+0 1.8090E+0
1.6322E+0 1.8090E+0
1.6325E+0 1.8090E+0
1.6328E+0 1.8100E+0
1.6331E+0 1.8090E+0
1.6334E+0 1.8100E+0
1.6337E+0 1.8100E+0
1.6340E+0 1.8110E+0
1.6343E+0 1.8110E+0
1.6346E+0 1.8110E+0
1.6349E+0 1.8110E+0
1.6352E+0 1.8140E+0
1.6355E+0 1.8120E+0
1.6358E+0 1.8130E+0
1.6361E+0 1.8140E+0
1.6364E+0 1.8140E+0
1.6367E+0 1.8150E+0
1.6370E+0 1.8150E+0
1.6373E+0 1.8150E+0
1.6376E+0 1.8160E+0
1.6379E+0 1.8160E+0
1.6382E+0 1.8180E+0
1.6385E+0 1.7920E+0
1.6388E+0 1.7920E+0
1.6391E+0 1.7920E+0
1.6394E+0 1.7910E+0
1.6397E+0 1.7920E+0
1.6400E+0 1.7940E+0
1.6403E+0 1.7920E+0
1.6406E+0 1.7930E+0
1.6409E+0 1.7930E+0
1.6412E+0 1.7940E+0
1.6415E+0 1.7940E+0
1.6418E+0 1.7940E+0
1.6421E+0 1.7940E+0
1.6424E+0 1.7950E+0
1.6427E+0 1.7940E+0
1.6430E+0 1.7950E+0
1.6433E+0 1.7960E+0
1.6436E+0 1.7960E+0
1.6439E+0 1.7960E+0
1.6442E+0 1.7970E+0
1.6445E+0 1.7970E+0
1.6448E+0 1.7990E+0
1.6451E+0 1.7980E+0
1.6454E+0 1.7980E+0
1.6457E+0 1.7980E+0
1.6460E+0 1.7990E+0
1.6463E+0 1.7990E+0
1.6466E+0 1.7990E+0
1.6469E+0 1.7990E+0
1.6472E+0 1.8010E+0
1.6475E+0 1.7990E+0
1.6478E+0 1.8010E+0
1.6481E+0 1.8010E+0
1.6484E+0 1.8010E+0
1.6487E+0 1.8010E+0
1.6490E+0 1.8020E+0
1.6493E+0 1.8020E+0
1.6496E+0 1.8040E+0
1.6499E+0 1.8020E+0
1.6502E+0 1.8040E+0
1.6505E+0 1.8040E+0
1.6508E+0 1.8050E+0
1.6511E+0 1.8060E+0
1.6514E+0 1.8060E+0
1.6517E+0 1.8050E+0
1.6520E+0 1.8070E+0
1.6523E+0 1.8050E+0
1.6526E+0 1.8060E+0
1.6529E+0 1.8060E+0
1.6532E+0 1.8070E+0
1.6535E+0 1.8060E+0
1.6538E+0 1.8070E+0
1.6541E+0 1.8070E+0
1.6544E+0 1.8100E+0
1.6547E+0 1.8080E+0
1.6550E+0 1.8080E+0
1.6553E+0 1.8090E+0
1.6556E+0 1.8100E+0
1.6559E+0 1.8100E+0
1.6562E+0 1.8100E+0
1.6565E+0 1.8100E+0
1.6568E+0 1.8120E+0
1.6571E+0 1.8110E+0
1.6574E+0 1.8120E+0
1.6577E+0 1.8130E+0
1.6580E+0 1.8130E+0
1.6583E+0 1.8130E+0
1.6586E+0 1.8120E+0
1.6589E+0 1.8130E+0
1.6592E+0 1.8150E+0
1.6595E+0 1.8130E+0
1.6598E+0 1.8140E+0
1.6601E+0 1.8140E+0
1.6604E+0 1.8160E+0
1.6607E+0 1.8150E+0
1.6610E+0 1.8160E+0
1.6613E+0 1.8160E+0
1.6616E+0 1.8170E+0
1.6619E+0 1.8160E+0
1.6622E+0 1.8170E+0
1.6625E+0 1.8180E+0
1.6628E+0 1.8190E+0
1.6631E+0 1.8180E+0
1.6634E+0 1.8190E+0
1.6637E+0 1.8200E+0
1.6640E+0 1.8210E+0
1.6643E+0 1.8190E+0
1.6646E+0 1.8200E+0
1.6649E+0 1.8200E+0
1.6652E+0 1.8200E+0
1.6655E+0 1.8200E+0
1.6658E+0 1.8210E+0
1.6661E+0 1.8200E+0
1.6664E+0 1.8220E+0
1.6667E+0 1.8210E+0
1.6670E+0 1.8220E+0
1.6673E+0 1.8230E+0
1.6676E+0 1.8230E+0
1.6679E+0 1.8220E+0
1.6682E+0 1.8230E+0
1.6685E+0 1.8220E+0
1.6688E+0 1.8250E+0
1.6691E+0 1.8240E+0
1.6694E+0 1.8240E+0
1.6697E+0 1.8250E+0
1.6700E+0 1.8260E+0
1.6703E+0 1.8260E+0
1.6706E+0 1.8270E+0
1.6709E+0 1.8260E+0
1.6712E+0 1.8270E+0
1.6715E+0 1.8260E+0
1.6718E+0 1.8270E+0
1.6721E+0 1.8270E+0
1.6724E+0 1.8280E+0
1.6727E+0 1.8280E+0
1.6730E+0 1.8280E+0
1.6733E+0 1.8290E+0
1.6736E+0 1.8310E+0
1.6739E+0 1.8290E+0
1.6742E+0 1.8300E+0
1.6745E+0 1.8300E+0
1.6748E+0 1.8310E+0
1.6751E+0 1.8310E+0
1.6754E+0 1.8320E+0
1.6757E+0 1.8310E+0
1.6760E+0 1.8330E+0
1.6763E+0 1.8320E+0
1.6766E+0 1.8340E+0
1.6769E+0 1.8340E+0
1.6772E+0 1.8340E+0
1.6775E+0 1.8340E+0
1.6778E+0 1.8340E+0
1.6781E+0 1.8340E+0
1.6784E+0 1.8360E+0
1.6787E+0 1.8350E+0
1.6790E+0 1.8350E+0
1.6793E+0 1.8350E+0
1.6796E+0 1.8360E+0
1.6799E+0 1.8370E+0
1.6802E+0 1.8370E+0
1.6805E+0 1.8360E+0
1.6808E+0 1.8380E+0
1.6811E+0 1.8370E+0
1.6814E+0 1.8390E+0
1.6817E+0 1.8390E+0
1.6820E+0 1.8390E+0
1.6823E+0 1.8390E+0
1.6826E+0 1.8400E+0
1.6829E+0 1.8400E+0
1.6832E+0 1.8430E+0
1.6835E+0 1.8410E+0
1.6838E+0 1.8420E+0
1.6841E+0 1.8410E+0
1.6844E+0 1.8420E+0
1.6847E+0 1.8420E+0
1.6850E+0 1.8430E+0
1.6853E+0 1.8420E+0
1.6856E+0 1.8440E+0
1.6859E+0 1.8430E+0
1.6862E+0 1.8440E+0
1.6865E+0 1.8450E+0
1.6868E+0 1.8450E+0
1.6871E+0 1.8450E+0
1.6874E+0 1.8460E+0
1.6877E+0 1.8460E+0
1.6880E+0 1.8480E+0
1.6883E+0 1.8470E+0
1.6886E+0 1.8470E+0
1.6889E+0 1.8480E+0
1.6892E+0 1.8490E+0
1.6895E+0 1.8490E+0
1.6898E+0 1.8490E+0
1.6901E+0 1.8480E+0
1.6904E+0 1.8500E+0
1.6907E+0 1.8480E+0
1.6910E+0 1.8490E+0
1.6913E+0 1.8500E+0
1.6916E+0 1.8500E+0
1.6919E+0 1.8500E+0
1.6922E+0 1.8500E+0
1.6925E+0 1.8500E+0
1.6928E+0 1.8520E+0
1.6931E+0 1.8510E+0
1.6934E+0 1.8520E+0
1.6937E+0 1.8510E+0
1.6940E+0 1.8520E+0
1.6943E+0 1.8520E+0
1.6946E+0 1.8530E+0
1.6949E+0 1.8520E+0
1.6952E+0 1.8550E+0
1.6955E+0 1.8530E+0
1.6958E+0 1.8550E+0
1.6961E+0 1.8550E+0
1.6964E+0 1.8550E+0
1.6967E+0 1.8550E+0
1.6970E+0 1.8550E+0
1.6973E+0 1.8550E+0
1.6976E+0 1.8570E+0
1.6979E+0 1.8550E+0
1.6982E+0 1.8570E+0
1.6985E+0 1.8570E+0
1.6988E+0 1.8580E+0
1.6991E+0 1.8580E+0
1.6994E+0 1.8580E+0
1.6997E+0 1.8580E+0
1.7000E+0 1.8600E+0
1.7003E+0 1.8580E+0
1.7006E+0 1.8600E+0
1.7009E+0 1.8600E+0
1.7012E+0 1.8600E+0
1.7015E+0 1.8610E+0
1.7018E+0 1.8610E+0
1.7021E+0 1.8620E+0
1.7024E+0 1.8640E+0
1.7027E+0 1.8620E+0
1.7030E+0 1.8630E+0
1.7033E+0 1.8630E+0
1.7036E+0 1.8640E+0
1.7039E+0 1.8630E+0
1.7042E+0 1.8640E+0
1.7045E+0 1.8630E+0
1.7048E+0 1.8650E+0
1.7051E+0 1.8640E+0
1.7054E+0 1.8650E+0
1.7057E+0 1.8650E+0
1.7060E+0 1.8660E+0
1.7063E+0 1.8650E+0
1.7066E+0 1.8660E+0
1.7069E+0 1.8660E+0
1.7072E+0 1.8680E+0
1.7075E+0 1.8670E+0
1.7078E+0 1.8680E+0
1.7081E+0 1.8680E+0
1.7084E+0 1.8690E+0
1.7087E+0 1.8700E+0
1.7090E+0 1.8700E+0
1.7093E+0 1.8690E+0
1.7096E+0 1.8710E+0
1.7099E+0 1.8700E+0
1.7102E+0 1.8700E+0
1.7105E+0 1.8710E+0
1.7108E+0 1.8720E+0
1.7111E+0 1.8710E+0
1.7114E+0 1.8720E+0
1.7117E+0 1.8720E+0
1.7120E+0 1.8740E+0
1.7123E+0 1.8730E+0
1.7126E+0 1.8730E+0
1.7129E+0 1.8740E+0
1.7132E+0 1.8750E+0
1.7135E+0 1.8750E+0
1.7138E+0 1.8750E+0
1.7141E+0 1.8750E+0
1.7144E+0 1.8770E+0
1.7147E+0 1.8760E+0
1.7150E+0 1.8780E+0
1.7153E+0 1.8770E+0
1.7156E+0 1.8770E+0
1.7159E+0 1.8770E+0
1.7162E+0 1.8770E+0
1.7165E+0 1.8770E+0
1.7168E+0 1.8790E+0
1.7171E+0 1.8770E+0
1.7174E+0 1.8780E+0
1.7177E+0 1.8780E+0
1.7180E+0 1.8790E+0
1.7183E+0 1.8790E+0
1.7186E+0 1.8800E+0
1.7189E+0 1.8790E+0
1.7192E+0 1.8810E+0
1.7195E+0 1.8790E+0
1.7198E+0 1.8810E+0
1.7201E+0 1.8810E+0
1.7204E+0 1.8820E+0
1.7207E+0 1.8810E+0
1.7210E+0 1.8820E+0
1.7213E+0 1.8820E+0
1.7216E+0 1.8850E+0
1.7219E+0 1.8830E+0
1.7222E+0 1.8830E+0
1.7225E+0 1.8840E+0
1.7228E+0 1.8840E+0
1.7231E+0 1.8840E+0
1.7234E+0 1.8850E+0
1.7237E+0 1.8840E+0
1.7240E+0 1.8870E+0
1.7243E+0 1.8850E+0
1.7246E+0 1.8870E+0
1.7249E+0 1.8870E+0
1.7252E+0 1.8870E+0
1.7255E+0 1.8870E+0
1.7258E+0 1.8880E+0
1.7261E+0 1.8880E+0
1.7264E+0 1.8900E+0
1.7267E+0 1.8890E+0
1.7270E+0 1.8890E+0
1.7273E+0 1.8900E+0
1.7276E+0 1.8920E+0
1.7279E+0 1.8920E+0
1.7282E+0 1.8920E+0
1.7285E+0 1.8910E+0
1.7288E+0 1.8930E+0
1.7291E+0 1.8910E+0
1.7294E+0 1.8930E+0
1.7297E+0 1.8920E+0
1.7300E+0 1.8930E+0
1.7303E+0 1.8920E+0
1.7306E+0 1.8930E+0
1.7309E+0 1.8930E+0
1.7312E+0 1.8950E+0
1.7315E+0 1.8940E+0
1.7318E+0 1.8950E+0
1.7321E+0 1.8950E+0
1.7324E+0 1.8960E+0
1.7327E+0 1.8960E+0
1.7330E+0 1.8960E+0
1.7333E+0 1.8960E+0
1.7336E+0 1.8980E+0
1.7339E+0 1.8970E+0
1.7342E+0 1.8990E+0
1.7345E+0 1.8990E+0
1.7348E+0 1.9000E+0
1.7351E+0 1.8990E+0
1.7354E+0 1.8990E+0
1.7357E+0 1.8990E+0
1.7360E+0 1.9010E+0
1.7363E+0 1.9000E+0
1.7366E+0 1.9010E+0
1.7369E+0 1.9010E+0
1.7372E+0 1.9020E+0
1.7375E+0 1.9020E+0
1.7378E+0 1.9030E+0
1.7381E+0 1.9020E+0
1.7384E+0 1.9040E+0
1.7387E+0 1.9030E+0
1.7390E+0 1.9040E+0
1.7393E+0 1.9040E+0
1.7396E+0 1.9050E+0
1.7399E+0 1.9050E+0
1.7402E+0 1.9060E+0
1.7405E+0 1.9070E+0
1.7408E+0 1.9070E+0
1.7411E+0 1.9050E+0
1.7414E+0 1.9060E+0
1.7417E+0 1.9050E+0
1.7420E+0 1.9060E+0
1.7423E+0 1.9060E+0
1.7426E+0 1.9070E+0
1.7429E+0 1.9060E+0
1.7432E+0 1.9080E+0
1.7435E+0 1.9070E+0
1.7438E+0 1.9080E+0
1.7441E+0 1.9080E+0
1.7444E+0 1.9090E+0
1.7447E+0 1.9080E+0
1.7450E+0 1.9090E+0
1.7453E+0 1.9090E+0
1.7456E+0 1.9110E+0
1.7459E+0 1.9090E+0
1.7462E+0 1.9100E+0
1.7465E+0 1.9110E+0
1.7468E+0 1.9120E+0
1.7471E+0 1.9120E+0
1.7474E+0 1.9120E+0
1.7477E+0 1.9110E+0
1.7480E+0 1.9140E+0
1.7483E+0 1.9120E+0
1.7486E+0 1.9130E+0
1.7489E+0 1.9130E+0
1.7492E+0 1.9140E+0
1.7495E+0 1.9130E+0
1.7498E+0 1.9140E+0
1.7501E+0 1.9140E+0
1.7504E+0 1.9170E+0
1.7507E+0 1.9150E+0
1.7510E+0 1.9160E+0
1.7513E+0 1.9150E+0
1.7516E+0 1.9170E+0
1.7519E+0 1.9170E+0
1.7522E+0 1.9170E+0
1.7525E+0 1.9170E+0
1.7528E+0 1.9190E+0
1.7531E+0 1.9180E+0
1.7534E+0 1.9190E+0
1.7537E+0 1.9190E+0
1.7540E+0 1.9200E+0
1.7543E+0 1.9190E+0
1.7546E+0 1.9190E+0
1.7549E+0 1.9200E+0
1.7552E+0 1.9220E+0
1.7555E+0 1.9200E+0
1.7558E+0 1.9210E+0
1.7561E+0 1.9210E+0
1.7564E+0 1.9220E+0
1.7567E+0 1.9220E+0
1.7570E+0 1.9220E+0
1.7573E+0 1.9220E+0
1.7576E+0 1.9240E+0
1.7579E+0 1.9220E+0
1.7582E+0 1.9230E+0
1.7585E+0 1.9240E+0
1.7588E+0 1.9240E+0
1.7591E+0 1.9240E+0
1.7594E+0 1.9250E+0
1.7597E+0 1.9250E+0
1.7600E+0 1.9280E+0
1.7603E+0 1.9260E+0
1.7606E+0 1.9260E+0
1.7609E+0 1.9270E+0
1.7612E+0 1.9270E+0
1.7615E+0 1.9270E+0
1.7618E+0 1.9270E+0
1.7621E+0 1.9270E+0
1.7624E+0 1.9290E+0
1.7627E+0 1.9280E+0
1.7630E+0 1.9300E+0
1.7633E+0 1.9300E+0
1.7636E+0 1.9310E+0
1.7639E+0 1.9300E+0
1.7642E+0 1.9310E+0
1.7645E+0 1.9310E+0
1.7648E+0 1.9330E+0
1.7651E+0 1.9320E+0
1.7654E+0 1.9320E+0
1.7657E+0 1.9330E+0
1.7660E+0 1.9340E+0
1.7663E+0 1.9350E+0
1.7666E+0 1.9350E+0
1.7669E+0 1.9340E+0
1.7672E+0 1.9350E+0
1.7675E+0 1.9340E+0
1.7678E+0 1.9340E+0
1.7681E+0 1.9340E+0
1.7684E+0 1.9350E+0
1.7687E+0 1.9340E+0
1.7690E+0 1.9350E+0
1.7693E+0 1.9350E+0
1.7696E+0 1.9380E+0
1.7699E+0 1.9360E+0
1.7702E+0 1.9360E+0
1.7705E+0 1.9360E+0
1.7708E+0 1.9370E+0
1.7711E+0 1.9380E+0
1.7714E+0 1.9380E+0
1.7717E+0 1.9380E+0
1.7720E+0 1.9400E+0
1.7723E+0 1.9390E+0
1.7726E+0 1.9400E+0
1.7729E+0 1.9400E+0
1.7732E+0 1.9410E+0
1.7735E+0 1.9400E+0
1.7738E+0 1.9410E+0
1.7741E+0 1.9410E+0
1.7744E+0 1.9430E+0
1.7747E+0 1.9410E+0
1.7750E+0 1.9420E+0
1.7753E+0 1.9420E+0
1.7756E+0 1.9430E+0
1.7759E+0 1.9430E+0
1.7762E+0 1.9440E+0
1.7765E+0 1.9430E+0
1.7768E+0 1.9450E+0
1.7771E+0 1.9440E+0
1.7774E+0 1.9450E+0
1.7777E+0 1.9450E+0
1.7780E+0 1.9460E+0
1.7783E+0 1.9460E+0
1.7786E+0 1.9470E+0
1.7789E+0 1.9470E+0
1.7792E+0 1.9500E+0
1.7795E+0 1.9480E+0
1.7798E+0 1.9480E+0
1.7801E+0 1.9480E+0
1.7804E+0 1.9490E+0
1.7807E+0 1.9490E+0
1.7810E+0 1.9490E+0
1.7813E+0 1.9490E+0
1.7816E+0 1.9510E+0
1.7819E+0 1.9500E+0
1.7822E+0 1.9510E+0
1.7825E+0 1.9510E+0
1.7828E+0 1.9520E+0
1.7831E+0 1.9510E+0
1.7834E+0 1.9520E+0
1.7837E+0 1.9510E+0
1.7840E+0 1.9540E+0
1.7843E+0 1.9520E+0
1.7846E+0 1.9530E+0
1.7849E+0 1.9540E+0
1.7852E+0 1.9550E+0
1.7855E+0 1.9550E+0
1.7858E+0 1.9560E+0
1.7861E+0 1.9550E+0
1.7864E+0 1.9560E+0
1.7867E+0 1.9550E+0
1.7870E+0 1.9570E+0
1.7873E+0 1.9560E+0
1.7876E+0 1.9570E+0
1.7879E+0 1.9570E+0
1.7882E+0 1.9580E+0
1.7885E+0 1.9580E+0
1.7888E+0 1.9600E+0
1.7891E+0 1.9590E+0
1.7894E+0 1.9590E+0
1.7897E+0 1.9590E+0
1.7900E+0 1.9610E+0
1.7903E+0 1.9610E+0
1.7906E+0 1.9610E+0
1.7909E+0 1.9610E+0
1.7912E+0 1.9630E+0
1.7915E+0 1.9620E+0
1.7918E+0 1.9640E+0
1.7921E+0 1.9630E+0
1.7924E+0 1.9640E+0
1.7927E+0 1.9630E+0
1.7930E+0 1.9630E+0
1.7933E+0 1.9630E+0
1.7936E+0 1.9650E+0
1.7939E+0 1.9630E+0
1.7942E+0 1.9640E+0
1.7945E+0 1.9640E+0
1.7948E+0 1.9650E+0
1.7951E+0 1.9650E+0
1.7954E+0 1.9660E+0
1.7957E+0 1.9650E+0
1.7960E+0 1.9660E+0
1.7963E+0 1.9660E+0
1.7966E+0 1.9670E+0
1.7969E+0 1.9670E+0
1.7972E+0 1.9670E+0
1.7975E+0 1.9680E+0
1.7978E+0 1.9680E+0
1.7981E+0 1.9690E+0
1.7984E+0 1.9710E+0
1.7987E+0 1.9690E+0
1.7990E+0 1.9690E+0
1.7993E+0 1.9690E+0
1.7996E+0 1.9700E+0
1.7999E+0 1.9700E+0
1.8002E+0 1.9710E+0
1.8005E+0 1.9700E+0
1.8008E+0 1.9720E+0
1.8011E+0 1.9710E+0
1.8014E+0 1.9720E+0
1.8017E+0 1.9730E+0
1.8020E+0 1.9730E+0
1.8023E+0 1.9730E+0
1.8026E+0 1.9730E+0
1.8029E+0 1.9730E+0
1.8032E+0 1.9760E+0
1.8035E+0 1.9740E+0
1.8038E+0 1.9750E+0
1.8041E+0 1.9750E+0
1.8044E+0 1.9770E+0
1.8047E+0 1.9770E+0
1.8050E+0 1.9780E+0
1.8053E+0 1.9760E+0
1.8056E+0 1.9780E+0
1.8059E+0 1.9770E+0
1.8062E+0 1.9780E+0
1.8065E+0 1.9780E+0
1.8068E+0 1.9780E+0
1.8071E+0 1.9780E+0
1.8074E+0 1.9790E+0
1.8077E+0 1.9790E+0
1.8080E+0 1.9810E+0
1.8083E+0 1.9800E+0
1.8086E+0 1.9800E+0
1.8089E+0 1.9800E+0
1.8092E+0 1.9810E+0
1.8095E+0 1.9810E+0
1.8098E+0 1.9820E+0
1.8101E+0 1.9820E+0
1.8104E+0 1.9830E+0
1.8107E+0 1.9820E+0
1.8110E+0 1.9840E+0
1.8113E+0 1.9840E+0
1.8116E+0 1.9850E+0
1.8119E+0 1.9840E+0
1.8122E+0 1.9850E+0
1.8125E+0 1.9840E+0
1.8128E+0 1.9860E+0
1.8131E+0 1.9850E+0
1.8134E+0 1.9860E+0
1.8137E+0 1.9860E+0
1.8140E+0 1.9870E+0
1.8143E+0 1.9880E+0
1.8146E+0 1.9880E+0
1.8149E+0 1.9870E+0
1.8152E+0 1.9890E+0
1.8155E+0 1.9880E+0
1.8158E+0 1.9890E+0
1.8161E+0 1.9900E+0
1.8164E+0 1.9910E+0
1.8167E+0 1.9900E+0
1.8170E+0 1.9910E+0
1.8173E+0 1.9910E+0
1.8176E+0 1.9930E+0
1.8179E+0 1.9910E+0
1.8182E+0 1.9920E+0
1.8185E+0 1.9920E+0
1.8188E+0 1.9920E+0
1.8191E+0 1.9920E+0
1.8194E+0 1.9920E+0
1.8197E+0 1.9920E+0
1.8200E+0 1.9940E+0
1.8203E+0 1.9930E+0
1.8206E+0 1.9940E+0
1.8209E+0 1.9940E+0
1.8212E+0 1.9950E+0
1.8215E+0 1.9940E+0
1.8218E+0 1.9950E+0
1.8221E+0 1.9950E+0
1.8224E+0 1.9970E+0
1.8227E+0 1.9950E+0
1.8230E+0 1.9960E+0
1.8233E+0 1.9960E+0
1.8236E+0 1.9980E+0
1.8239E+0 1.9980E+0
1.8242E+0 1.9990E+0
1.8245E+0 1.9980E+0
1.8248E+0 1.9990E+0
1.8251E+0 1.9980E+0
1.8254E+0 1.9990E+0
1.8257E+0 1.9990E+0
1.8260E+0 2.0000E+0
1.8263E+0 1.9990E+0
1.8266E+0 2.0010E+0
1.8269E+0 2.0010E+0
1.8272E+0 2.0030E+0
1.8275E+0 2.0010E+0
1.8278E+0 2.0020E+0
1.8281E+0 2.0020E+0
1.8284E+0 2.0030E+0
1.8287E+0 2.0030E+0
1.8290E+0 2.0040E+0
1.8293E+0 2.0040E+0
1.8296E+0 2.0060E+0
1.8299E+0 2.0050E+0
1.8302E+0 2.0060E+0
1.8305E+0 2.0060E+0
1.8308E+0 2.0070E+0
1.8311E+0 2.0060E+0
1.8314E+0 2.0060E+0
1.8317E+0 2.0060E+0
1.8320E+0 2.0090E+0
1.8323E+0 2.0070E+0
1.8326E+0 2.0080E+0
1.8329E+0 2.0080E+0
1.8332E+0 2.0090E+0
1.8335E+0 2.0090E+0
1.8338E+0 2.0090E+0
1.8341E+0 2.0090E+0
1.8344E+0 2.0110E+0
1.8347E+0 2.0090E+0
1.8350E+0 2.0110E+0
1.8353E+0 2.0110E+0
1.8356E+0 2.0120E+0
1.8359E+0 2.0120E+0
1.8362E+0 2.0120E+0
1.8365E+0 2.0130E+0
1.8368E+0 2.0150E+0
1.8371E+0 2.0130E+0
1.8374E+0 2.0140E+0
1.8377E+0 2.0140E+0
1.8380E+0 2.0150E+0
1.8383E+0 2.0150E+0
1.8386E+0 2.0160E+0
1.8389E+0 2.0150E+0
1.8392E+0 5.6600E-1
1.8395E+0 2.0160E+0
1.8398E+0 2.0170E+0
1.8401E+0 2.0170E+0
1.8404E+0 2.0180E+0
1.8407E+0 2.0170E+0
1.8410E+0 2.0190E+0
1.8413E+0 2.0180E+0
1.8416E+0 2.0210E+0
1.8419E+0 2.0190E+0
1.8422E+0 2.0200E+0
1.8425E+0 2.0210E+0
1.8428E+0 2.0230E+0
1.8431E+0 2.0230E+0
1.8434E+0 2.0200E+0
1.8437E+0 2.0180E+0
1.8440E+0 2.0200E+0
1.8443E+0 2.0190E+0
1.8446E+0 2.0190E+0
1.8449E+0 2.0200E+0
1.8452E+0 2.0200E+0
1.8455E+0 2.0200E+0
1.8458E+0 2.0210E+0
1.8461E+0 2.0200E+0
1.8464E+0 2.0230E+0
1.8467E+0 2.0210E+0
1.8470E+0 2.0220E+0
1.8473E+0 2.0210E+0
1.8476E+0 2.0230E+0
1.8479E+0 2.0220E+0
1.8482E+0 2.0230E+0
1.8485E+0 2.0220E+0
1.8488E+0 2.0240E+0
1.8491E+0 2.0240E+0
1.8494E+0 2.0250E+0
1.8497E+0 2.0250E+0
1.8500E+0 2.0260E+0
1.8503E+0 2.0250E+0
1.8506E+0 2.0250E+0
1.8509E+0 2.0250E+0
1.8512E+0 2.0280E+0
1.8515E+0 2.0260E+0
1.8518E+0 2.0260E+0
1.8521E+0 2.0270E+0
1.8524E+0 2.0280E+0
1.8527E+0 2.0280E+0
1.8530E+0 2.0280E+0
1.8533E+0 2.0280E+0
1.8536E+0 2.0300E+0
1.8539E+0 2.0280E+0
1.8542E+0 2.0300E+0
1.8545E+0 2.0300E+0
1.8548E+0 2.0310E+0
1.8551E+0 2.0300E+0
1.8554E+0 2.0310E+0
1.8557E+0 2.0320E+0
1.8560E+0 2.0340E+0
1.8563E+0 2.0320E+0
1.8566E+0 2.0330E+0
1.8569E+0 2.0320E+0
1.8572E+0 2.0340E+0
1.8575E+0 2.0330E+0
1.8578E+0 2.0330E+0
1.8581E+0 2.0330E+0
1.8584E+0 2.0350E+0
1.8587E+0 2.0330E+0
1.8590E+0 2.0350E+0
1.8593E+0 2.0350E+0
1.8596E+0 2.0360E+0
1.8599E+0 2.0350E+0
1.8602E+0 2.0360E+0
1.8605E+0 2.0360E+0
1.8608E+0 2.0380E+0
1.8611E+0 2.0370E+0
1.8614E+0 2.0380E+0
1.8617E+0 2.0380E+0
1.8620E+0 2.0400E+0
1.8623E+0 2.0390E+0
1.8626E+0 2.0400E+0
1.8629E+0 2.0390E+0
1.8632E+0 2.0400E+0
1.8635E+0 2.0390E+0
1.8638E+0 2.0400E+0
1.8641E+0 2.0410E+0
1.8644E+0 2.0410E+0
1.8647E+0 2.0410E+0
1.8650E+0 2.0420E+0
1.8653E+0 2.0420E+0
1.8656E+0 2.0450E+0
1.8659E+0 2.0420E+0
1.8662E+0 2.0430E+0
1.8665E+0 2.0430E+0
1.8668E+0 2.0450E+0
1.8671E+0 2.0450E+0
1.8674E+0 2.0450E+0
1.8677E+0 2.0450E+0
1.8680E+0 2.0470E+0
1.8683E+0 2.0450E+0
1.8686E+0 2.0480E+0
1.8689E+0 2.0470E+0
1.8692E+0 2.0470E+0
1.8695E+0 2.0470E+0
1.8698E+0 2.0470E+0
1.8701E+0 2.0470E+0
1.8704E+0 2.0490E+0
1.8707E+0 2.0470E+0
1.8710E+0 2.0480E+0
1.8713E+0 2.0480E+0
1.8716E+0 2.0490E+0
1.8719E+0 2.0490E+0
1.8722E+0 2.0490E+0
1.8725E+0 2.0490E+0
1.8728E+0 2.0510E+0
1.8731E+0 2.0500E+0
1.8734E+0 2.0500E+0
1.8737E+0 2.0510E+0
1.8740E+0 2.0520E+0
1.8743E+0 2.0520E+0
1.8746E+0 2.0520E+0
1.8749E+0 2.0530E+0
1.8752E+0 2.0550E+0
1.8755E+0 2.0530E+0
1.8758E+0 2.0530E+0
1.8761E+0 2.0530E+0
1.8764E+0 2.0540E+0
1.8767E+0 2.0540E+0
1.8770E+0 2.0540E+0
1.8773E+0 2.0540E+0
1.8776E+0 2.0560E+0
1.8779E+0 2.0550E+0
1.8782E+0 2.0560E+0
1.8785E+0 2.0570E+0
1.8788E+0 2.0580E+0
1.8791E+0 2.0570E+0
1.8794E+0 2.0570E+0
1.8797E+0 2.0570E+0
1.8800E+0 2.0600E+0
1.8803E+0 2.0580E+0
1.8806E+0 2.0590E+0
1.8809E+0 2.0590E+0
1.8812E+0 2.0610E+0
1.8815E+0 2.0620E+0
1.8818E+0 2.0610E+0
1.8821E+0 2.0610E+0
1.8824E+0 2.0620E+0
1.8827E+0 2.0610E+0
1.8830E+0 2.0620E+0
1.8833E+0 2.0620E+0
1.8836E+0 2.0630E+0
1.8839E+0 2.0620E+0
1.8842E+0 2.0630E+0
1.8845E+0 2.0630E+0
1.8848E+0 2.0650E+0
1.8851E+0 2.0640E+0
1.8854E+0 2.0640E+0
1.8857E+0 2.0640E+0
1.8860E+0 2.0650E+0
1.8863E+0 2.0650E+0
1.8866E+0 2.0660E+0
1.8869E+0 2.0650E+0
1.8872E+0 2.0670E+0
1.8875E+0 2.0670E+0
1.8878E+0 2.0690E+0
1.8881E+0 2.0690E+0
1.8884E+0 2.0690E+0
1.8887E+0 2.0690E+0
1.8890E+0 2.0690E+0
1.8893E+0 2.0690E+0
1.8896E+0 2.0710E+0
1.8899E+0 2.0690E+0
1.8902E+0 2.0700E+0
1.8905E+0 2.0710E+0
1.8908E+0 2.0720E+0
1.8911E+0 2.0720E+0
1.8914E+0 2.0730E+0
1.8917E+0 2.0720E+0
1.8920E+0 2.0740E+0
1.8923E+0 2.0720E+0
1.8926E+0 2.0730E+0
1.8929E+0 2.0740E+0
1.8932E+0 2.0750E+0
1.8935E+0 2.0750E+0
1.8938E+0 2.0760E+0
1.8941E+0 2.0760E+0
1.8944E+0 2.0780E+0
1.8947E+0 2.0760E+0
1.8950E+0 2.0760E+0
1.8953E+0 2.0760E+0
1.8956E+0 2.0770E+0
1.8959E+0 2.0770E+0
1.8962E+0 2.0770E+0
1.8965E+0 2.0770E+0
1.8968E+0 2.0790E+0
1.8971E+0 2.0770E+0
1.8974E+0 2.0780E+0
1.8977E+0 2.0780E+0
1.8980E+0 2.0790E+0
1.8983E+0 2.0790E+0
1.8986E+0 2.0790E+0
1.8989E+0 2.0790E+0
1.8992E+0 2.0820E+0
1.8995E+0 2.0800E+0
1.8998E+0 2.0810E+0
1.9001E+0 2.0800E+0
1.9004E+0 2.0830E+0
1.9007E+0 2.0820E+0
1.9010E+0 2.0830E+0
1.9013E+0 2.0820E+0
1.9016E+0 2.0840E+0
1.9019E+0 2.0820E+0
1.9022E+0 2.0830E+0
1.9025E+0 2.0830E+0
1.9028E+0 2.0840E+0
1.9031E+0 2.0840E+0
1.9034E+0 2.0840E+0
1.9037E+0 2.0840E+0
1.9040E+0 2.0870E+0
1.9043E+0 2.0850E+0
1.9046E+0 2.0860E+0
1.9049E+0 2.0850E+0
1.9052E+0 2.0870E+0
1.9055E+0 2.0870E+0
1.9058E+0 2.0870E+0
1.9061E+0 2.0870E+0
1.9064E+0 2.0890E+0
1.9067E+0 2.0890E+0
1.9070E+0 2.0900E+0
1.9073E+0 2.0900E+0
1.9076E+0 2.0910E+0
1.9079E+0 2.0890E+0
1.9082E+0 2.0900E+0
1.9085E+0 2.0900E+0
1.9088E+0 2.0920E+0
1.9091E+0 2.0900E+0
1.9094E+0 2.0910E+0
1.9097E+0 2.0910E+0
1.9100E+0 2.0930E+0
1.9103E+0 2.0920E+0
1.9106E+0 2.0930E+0
1.9109E+0 2.0920E+0
1.9112E+0 2.0950E+0
1.9115E+0 2.0930E+0
1.9118E+0 2.0940E+0
1.9121E+0 2.0940E+0
1.9124E+0 2.0950E+0
1.9127E+0 2.0950E+0
1.9130E+0 2.0960E+0
1.9133E+0 2.0960E+0
1.9136E+0 2.0980E+0
1.9139E+0 2.0970E+0
1.9142E+0 2.0970E+0
1.9145E+0 2.0970E+0
1.9148E+0 2.0980E+0
1.9151E+0 2.0970E+0
1.9154E+0 2.0990E+0
1.9157E+0 2.0980E+0
1.9160E+0 2.1000E+0
1.9163E+0 2.0990E+0
1.9166E+0 2.1000E+0
1.9169E+0 2.1000E+0
1.9172E+0 2.1010E+0
1.9175E+0 2.1010E+0
1.9178E+0 2.1010E+0
1.9181E+0 2.1010E+0
1.9184E+0 2.1040E+0
1.9187E+0 2.1020E+0
1.9190E+0 2.1030E+0
1.9193E+0 2.1030E+0
1.9196E+0 2.1050E+0
1.9199E+0 2.1050E+0
1.9202E+0 2.1050E+0
1.9205E+0 2.1040E+0
1.9208E+0 2.1060E+0
1.9211E+0 2.1040E+0
1.9214E+0 2.1050E+0
1.9217E+0 2.1050E+0
1.9220E+0 2.1060E+0
1.9223E+0 2.1050E+0
1.9226E+0 2.1060E+0
1.9229E+0 2.1060E+0
1.9232E+0 2.1090E+0
1.9235E+0 2.1070E+0
1.9238E+0 2.1070E+0
1.9241E+0 2.1070E+0
1.9244E+0 2.1080E+0
1.9247E+0 2.1080E+0
1.9250E+0 2.1090E+0
1.9253E+0 2.1080E+0
1.9256E+0 2.1100E+0
1.9259E+0 2.1100E+0
1.9262E+0 2.1110E+0
1.9265E+0 2.1110E+0
1.9268E+0 2.1110E+0
1.9271E+0 2.1110E+0
1.9274E+0 2.1110E+0
1.9277E+0 2.1110E+0
1.9280E+0 2.1140E+0
1.9283E+0 2.1120E+0
1.9286E+0 2.1120E+0
1.9289E+0 2.1130E+0
1.9292E+0 2.1140E+0
1.9295E+0 2.1140E+0
1.9298E+0 2.1150E+0
1.9301E+0 2.1140E+0
1.9304E+0 2.1160E+0
1.9307E+0 2.1150E+0
1.9310E+0 2.1160E+0
1.9313E+0 2.1160E+0
1.9316E+0 2.1170E+0
1.9319E+0 2.1170E+0
1.9322E+0 2.1170E+0
1.9325E+0 2.1180E+0
1.9328E+0 2.1210E+0
1.9331E+0 2.1190E+0
1.9334E+0 2.1190E+0
1.9337E+0 2.1180E+0
1.9340E+0 2.1200E+0
1.9343E+0 2.1190E+0
1.9346E+0 2.1200E+0
1.9349E+0 2.1200E+0
1.9352E+0 2.1210E+0
1.9355E+0 2.1210E+0
1.9358E+0 2.1220E+0
1.9361E+0 2.1220E+0
1.9364E+0 2.1230E+0
1.9367E+0 2.1220E+0
1.9370E+0 2.1230E+0
1.9373E+0 2.1230E+0
1.9376E+0 2.1250E+0
1.9379E+0 2.1230E+0
1.9382E+0 2.1240E+0
1.9385E+0 2.1250E+0
1.9388E+0 2.1260E+0
1.9391E+0 2.1270E+0
1.9394E+0 2.1270E+0
1.9397E+0 2.1260E+0
1.9400E+0 2.1280E+0
1.9403E+0 2.1260E+0
1.9406E+0 2.1280E+0
1.9409E+0 2.1280E+0
1.9412E+0 2.1290E+0
1.9415E+0 2.1280E+0
1.9418E+0 2.1290E+0
1.9421E+0 2.1290E+0
1.9424E+0 2.1320E+0
1.9427E+0 2.1300E+0
1.9430E+0 2.1300E+0
1.9433E+0 2.1310E+0
1.9436E+0 2.1310E+0
1.9439E+0 2.1320E+0
1.9442E+0 2.1330E+0
1.9445E+0 2.1330E+0
1.9448E+0 2.1350E+0
1.9451E+0 2.1340E+0
1.9454E+0 2.1350E+0
1.9457E+0 2.1340E+0
1.9460E+0 2.1350E+0
1.9463E+0 2.1330E+0
1.9466E+0 2.1340E+0
1.9469E+0 2.1330E+0
1.9472E+0 2.1360E+0
1.9475E+0 2.1340E+0
1.9478E+0 2.1340E+0
1.9481E+0 2.1340E+0
1.9484E+0 2.1360E+0
1.9487E+0 2.1360E+0
1.9490E+0 2.1370E+0
1.9493E+0 2.1350E+0
1.9496E+0 2.1370E+0
1.9499E+0 2.1360E+0
1.9502E+0 2.1370E+0
1.9505E+0 2.1370E+0
1.9508E+0 2.1380E+0
1.9511E+0 2.1380E+0
1.9514E+0 2.1390E+0
1.9517E+0 2.1390E+0
1.9520E+0 2.1410E+0
1.9523E+0 2.1390E+0
1.9526E+0 2.1400E+0
1.9529E+0 2.1400E+0
1.9532E+0 2.1410E+0
1.9535E+0 2.1400E+0
1.9538E+0 2.1410E+0
1.9541E+0 2.1400E+0
1.9544E+0 2.1430E+0
1.9547E+0 2.1410E+0
1.9550E+0 2.1430E+0
1.9553E+0 2.1430E+0
1.9556E+0 2.1440E+0
1.9559E+0 2.1430E+0
1.9562E+0 2.1440E+0
1.9565E+0 2.1430E+0
1.9568E+0 2.1460E+0
1.9571E+0 2.1440E+0
1.9574E+0 2.1450E+0
1.9577E+0 2.1450E+0
1.9580E+0 2.1470E+0
1.9583E+0 2.1480E+0
1.9586E+0 2.1470E+0
1.9589E+0 2.1460E+0
1.9592E+0 2.1480E+0
1.9595E+0 2.1470E+0
1.9598E+0 2.1480E+0
1.9601E+0 2.1480E+0
1.9604E+0 2.1490E+0
1.9607E+0 2.1480E+0
1.9610E+0 2.1480E+0
1.9613E+0 2.1490E+0
1.9616E+0 2.1510E+0
1.9619E+0 2.1490E+0
1.9622E+0 2.1500E+0
1.9625E+0 2.1500E+0
1.9628E+0 2.1510E+0
1.9631E+0 2.1510E+0
1.9634E+0 2.1510E+0
1.9637E+0 2.1510E+0
1.9640E+0 2.1530E+0
1.9643E+0 2.1520E+0
1.9646E+0 2.1540E+0
1.9649E+0 2.1540E+0
1.9652E+0 2.1550E+0
1.9655E+0 2.1540E+0
1.9658E+0 2.1550E+0
1.9661E+0 2.1540E+0
1.9664E+0 2.1570E+0
1.9667E+0 2.1550E+0
1.9670E+0 2.1560E+0
1.9673E+0 2.1560E+0
1.9676E+0 2.1570E+0
1.9679E+0 2.1570E+0
1.9682E+0 2.1580E+0
1.9685E+0 2.1570E+0
1.9688E+0 2.1590E+0
1.9691E+0 2.1580E+0
1.9694E+0 2.1590E+0
1.9697E+0 2.1600E+0
1.9700E+0 2.1610E+0
1.9703E+0 2.1610E+0
1.9706E+0 2.1610E+0
1.9709E+0 2.1620E+0
1.9712E+0 2.1640E+0
1.9715E+0 2.1610E+0
1.9718E+0 2.1620E+0
1.9721E+0 2.1610E+0
1.9724E+0 2.1630E+0
1.9727E+0 2.1620E+0
1.9730E+0 2.1630E+0
1.9733E+0 2.1620E+0
1.9736E+0 2.1640E+0
1.9739E+0 2.1630E+0
1.9742E+0 2.1640E+0
1.9745E+0 2.1640E+0
1.9748E+0 2.1650E+0
1.9751E+0 2.1640E+0
1.9754E+0 2.1650E+0
1.9757E+0 2.1650E+0
1.9760E+0 2.1670E+0
1.9763E+0 2.1650E+0
1.9766E+0 2.1660E+0
1.9769E+0 2.1660E+0
1.9772E+0 2.1680E+0
1.9775E+0 2.1680E+0
1.9778E+0 2.1690E+0
1.9781E+0 2.1680E+0
1.9784E+0 2.1700E+0
1.9787E+0 2.1680E+0
1.9790E+0 2.1690E+0
1.9793E+0 2.1690E+0
1.9796E+0 2.1700E+0
1.9799E+0 2.1690E+0
1.9802E+0 2.1700E+0
1.9805E+0 2.1710E+0
1.9808E+0 2.1730E+0
1.9811E+0 2.1710E+0
1.9814E+0 2.1720E+0
1.9817E+0 2.1720E+0
1.9820E+0 2.1730E+0
1.9823E+0 2.1730E+0
1.9826E+0 2.1740E+0
1.9829E+0 2.1730E+0
1.9832E+0 2.1760E+0
1.9835E+0 2.1740E+0
1.9838E+0 2.1760E+0
1.9841E+0 2.1760E+0
1.9844E+0 2.1770E+0
1.9847E+0 2.1760E+0
1.9850E+0 2.1760E+0
1.9853E+0 2.1760E+0
1.9856E+0 2.1780E+0
1.9859E+0 2.1770E+0
1.9862E+0 2.1780E+0
1.9865E+0 2.1780E+0
1.9868E+0 2.1780E+0
1.9871E+0 2.1790E+0
1.9874E+0 2.1800E+0
1.9877E+0 2.1780E+0
1.9880E+0 2.1810E+0
1.9883E+0 2.1790E+0
1.9886E+0 2.1810E+0
1.9889E+0 2.1810E+0
1.9892E+0 2.1820E+0
1.9895E+0 2.1810E+0
1.9898E+0 2.1820E+0
1.9901E+0 2.1820E+0
1.9904E+0 2.1850E+0
1.9907E+0 2.1830E+0
1.9910E+0 2.1840E+0
1.9913E+0 2.1830E+0
1.9916E+0 2.1850E+0
1.9919E+0 2.1850E+0
1.9922E+0 2.1850E+0
1.9925E+0 2.1840E+0
1.9928E+0 2.1860E+0
1.9931E+0 2.1860E+0
1.9934E+0 2.1870E+0
1.9937E+0 2.1870E+0
1.9940E+0 2.1880E+0
1.9943E+0 2.1870E+0
1.9946E+0 2.1880E+0
1.9949E+0 2.1880E+0
1.9952E+0 2.1910E+0
1.9955E+0 2.1890E+0
1.9958E+0 2.1900E+0
1.9961E+0 2.1910E+0
1.9964E+0 2.1920E+0
1.9967E+0 2.1920E+0
1.9970E+0 2.1910E+0
1.9973E+0 2.1910E+0
1.9976E+0 2.1920E+0
1.9979E+0 2.1910E+0
1.9982E+0 2.1920E+0
1.9985E+0 2.1920E+0
1.9988E+0 2.1930E+0
1.9991E+0 2.1920E+0
1.9994E+0 2.1930E+0
1.9997E+0 2.1930E+0
2.0000E+0 2.1960E+0
2.0003E+0 2.1940E+0
2.0006E+0 2.1940E+0
2.0009E+0 2.1930E+0
2.0012E+0 2.1950E+0
2.0015E+0 2.1950E+0
2.0018E+0 2.1950E+0
2.0021E+0 2.1950E+0
2.0024E+0 2.1970E+0
2.0027E+0 2.1960E+0
2.0030E+0 2.1970E+0
2.0033E+0 2.1970E+0
2.0036E+0 2.1980E+0
2.0039E+0 2.1980E+0
2.0042E+0 2.1980E+0
2.0045E+0 2.1980E+0
2.0048E+0 2.2000E+0
2.0051E+0 2.1980E+0
2.0054E+0 2.1990E+0
2.0057E+0 2.1990E+0
2.0060E+0 2.2000E+0
2.0063E+0 2.2010E+0
2.0066E+0 2.2010E+0
2.0069E+0 2.2000E+0
2.0072E+0 2.2020E+0
2.0075E+0 2.2010E+0
2.0078E+0 2.2020E+0
2.0081E+0 2.2020E+0
2.0084E+0 2.2040E+0
2.0087E+0 2.2030E+0
2.0090E+0 2.2040E+0
2.0093E+0 2.2040E+0
2.0096E+0 2.2070E+0
2.0099E+0 2.2050E+0
2.0102E+0 2.2060E+0
2.0105E+0 2.2050E+0
2.0108E+0 2.2060E+0
2.0111E+0 2.2060E+0
2.0114E+0 2.2060E+0
2.0117E+0 2.2050E+0
2.0120E+0 2.2080E+0
2.0123E+0 2.2060E+0
2.0126E+0 2.2080E+0
2.0129E+0 2.2080E+0
2.0132E+0 2.2090E+0
2.0135E+0 2.2080E+0
2.0138E+0 2.2080E+0
2.0141E+0 2.2080E+0
2.0144E+0 2.2110E+0
2.0147E+0 2.2090E+0
2.0150E+0 2.2100E+0
2.0153E+0 2.2110E+0
2.0156E+0 2.2120E+0
2.0159E+0 2.2120E+0
2.0162E+0 2.2130E+0
2.0165E+0 2.2120E+0
2.0168E+0 2.2140E+0
2.0171E+0 2.2120E+0
2.0174E+0 2.2130E+0
2.0177E+0 2.2130E+0
2.0180E+0 2.2140E+0
2.0183E+0 2.2140E+0
2.0186E+0 2.2150E+0
2.0189E+0 2.2150E+0
2.0192E+0 2.2180E+0
2.0195E+0 2.2150E+0
2.0198E+0 2.2160E+0
2.0201E+0 2.2160E+0
2.0204E+0 2.2170E+0
2.0207E+0 2.2180E+0
2.0210E+0 2.2180E+0
2.0213E+0 2.2180E+0
2.0216E+0 2.2210E+0
2.0219E+0 2.2190E+0
2.0222E+0 2.2210E+0
2.0225E+0 2.2200E+0
2.0228E+0 2.2200E+0
2.0231E+0 2.2190E+0
2.0234E+0 2.2200E+0
2.0237E+0 2.2200E+0
2.0240E+0 2.2220E+0
2.0243E+0 2.2200E+0
2.0246E+0 2.2210E+0
2.0249E+0 2.2210E+0
2.0252E+0 2.2230E+0
2.0255E+0 2.2220E+0
2.0258E+0 2.2230E+0
2.0261E+0 2.2220E+0
2.0264E+0 2.2240E+0
2.0267E+0 2.2220E+0
2.0270E+0 2.2240E+0
2.0273E+0 2.2240E+0
2.0276E+0 2.2250E+0
2.0279E+0 2.2240E+0
2.0282E+0 2.2250E+0
2.0285E+0 2.2260E+0
2.0288E+0 2.2290E+0
2.0291E+0 2.2260E+0
2.0294E+0 2.2270E+0
2.0297E+0 2.2270E+0
2.0300E+0 2.2280E+0
2.0303E+0 2.2280E+0
2.0306E+0 2.2280E+0
2.0309E+0 2.2270E+0
2.0312E+0 2.2300E+0
2.0315E+0 2.2290E+0
2.0318E+0 2.2300E+0
2.0321E+0 2.2300E+0
2.0324E+0 2.2310E+0
2.0327E+0 2.2300E+0
2.0330E+0 2.2310E+0
2.0333E+0 2.2310E+0
2.0336E+0 2.2340E+0
2.0339E+0 2.2320E+0
2.0342E+0 2.2330E+0
2.0345E+0 2.2330E+0
2.0348E+0 2.2350E+0
2.0351E+0 2.2350E+0
2.0354E+0 2.2350E+0
2.0357E+0 2.2340E+0
2.0360E+0 2.2360E+0
2.0363E+0 2.2340E+0
2.0366E+0 2.2360E+0
2.0369E+0 2.2360E+0
2.0372E+0 2.2370E+0
2.0375E+0 2.2360E+0
2.0378E+0 2.2370E+0
2.0381E+0 2.2370E+0
2.0384E+0 2.2400E+0
2.0387E+0 2.2380E+0
2.0390E+0 2.2380E+0
2.0393E+0 2.2380E+0
2.0396E+0 2.2400E+0
2.0399E+0 2.2390E+0
2.0402E+0 2.2400E+0
2.0405E+0 2.2400E+0
2.0408E+0 2.2420E+0
2.0411E+0 2.2410E+0
2.0414E+0 2.2420E+0
2.0417E+0 2.2430E+0
2.0420E+0 2.2430E+0
2.0423E+0 2.2420E+0
2.0426E+0 2.2430E+0
2.0429E+0 2.2420E+0
2.0432E+0 2.2450E+0
2.0435E+0 2.2440E+0
2.0438E+0 2.2440E+0
2.0441E+0 2.2440E+0
2.0444E+0 2.2460E+0
2.0447E+0 2.2460E+0
2.0450E+0 2.2470E+0
2.0453E+0 2.2460E+0
2.0456E+0 2.2480E+0
2.0459E+0 2.2470E+0
2.0462E+0 2.2480E+0
2.0465E+0 2.2480E+0
2.0468E+0 2.2490E+0
2.0471E+0 2.2490E+0
2.0474E+0 2.2500E+0
2.0477E+0 2.2510E+0
2.0480E+0 2.2470E+0
2.0483E+0 2.2450E+0
2.0486E+0 2.2450E+0
2.0489E+0 2.2450E+0
2.0492E+0 2.2460E+0
2.0495E+0 2.2450E+0
2.0498E+0 2.2460E+0
2.0501E+0 2.2450E+0
2.0504E+0 2.2470E+0
2.0507E+0 2.2460E+0
2.0510E+0 2.2470E+0
2.0513E+0 2.2470E+0
2.0516E+0 2.2480E+0
2.0519E+0 2.2460E+0
2.0522E+0 2.2480E+0
2.0525E+0 2.2470E+0
2.0528E+0 2.2500E+0
2.0531E+0 2.2480E+0
2.0534E+0 2.2490E+0
2.0537E+0 2.2490E+0
2.0540E+0 2.2510E+0
2.0543E+0 2.2510E+0
2.0546E+0 2.2510E+0
2.0549E+0 2.2500E+0
2.0552E+0 2.2520E+0
2.0555E+0 2.2500E+0
2.0558E+0 2.2520E+0
2.0561E+0 2.2510E+0
2.0564E+0 2.2520E+0
2.0567E+0 2.2520E+0
2.0570E+0 2.2520E+0
2.0573E+0 2.2520E+0
2.0576E+0 2.2550E+0
2.0579E+0 2.2530E+0
2.0582E+0 2.2540E+0
2.0585E+0 2.2530E+0
2.0588E+0 2.2550E+0
2.0591E+0 2.2560E+0
2.0594E+0 2.2560E+0
2.0597E+0 2.2560E+0
2.0600E+0 2.2580E+0
2.0603E+0 2.2570E+0
2.0606E+0 2.2580E+0
2.0609E+0 2.2580E+0
2.0612E+0 2.2590E+0
2.0615E+0 2.2580E+0
2.0618E+0 2.2590E+0
2.0621E+0 2.2580E+0
2.0624E+0 2.2610E+0
2.0627E+0 2.2590E+0
2.0630E+0 2.2590E+0
2.0633E+0 2.2590E+0
2.0636E+0 2.2600E+0
2.0639E+0 2.2610E+0
2.0642E+0 2.2610E+0
2.0645E+0 2.2600E+0
2.0648E+0 2.2620E+0
2.0651E+0 2.2600E+0
2.0654E+0 2.2620E+0
2.0657E+0 2.2620E+0
2.0660E+0 2.2630E+0
2.0663E+0 2.2630E+0
2.0666E+0 2.2640E+0
2.0669E+0 2.2640E+0
2.0672E+0 2.2670E+0
2.0675E+0 2.2640E+0
2.0678E+0 2.2650E+0
2.0681E+0 2.2650E+0
2.0684E+0 2.2660E+0
2.0687E+0 2.2660E+0
2.0690E+0 2.2660E+0
2.0693E+0 2.2660E+0
2.0696E+0 2.2680E+0
2.0699E+0 2.2670E+0
2.0702E+0 2.2680E+0
2.0705E+0 2.2690E+0
2.0708E+0 2.2690E+0
2.0711E+0 2.2690E+0
2.0714E+0 2.2690E+0
2.0717E+0 2.2690E+0
2.0720E+0 2.2720E+0
2.0723E+0 2.2700E+0
2.0726E+0 2.2710E+0
2.0729E+0 2.2710E+0
2.0732E+0 2.2730E+0
2.0735E+0 2.2740E+0
2.0738E+0 2.2730E+0
2.0741E+0 2.2720E+0
2.0744E+0 2.2740E+0
2.0747E+0 2.2720E+0
2.0750E+0 2.2730E+0
2.0753E+0 2.2730E+0
2.0756E+0 2.2740E+0
2.0759E+0 2.2730E+0
2.0762E+0 2.2740E+0
2.0765E+0 2.2740E+0
2.0768E+0 2.2770E+0
2.0771E+0 2.2740E+0
2.0774E+0 2.2750E+0
2.0777E+0 2.2750E+0
2.0780E+0 2.2760E+0
2.0783E+0 2.2760E+0
2.0786E+0 2.2760E+0
2.0789E+0 2.2760E+0
2.0792E+0 2.2780E+0
2.0795E+0 2.2770E+0
2.0798E+0 2.2790E+0
2.0801E+0 2.2780E+0
2.0804E+0 2.2790E+0
2.0807E+0 2.2780E+0
2.0810E+0 2.2790E+0
2.0813E+0 2.2790E+0
2.0816E+0 2.2810E+0
2.0819E+0 2.2790E+0
2.0822E+0 2.2800E+0
2.0825E+0 2.2800E+0
2.0828E+0 2.2820E+0
2.0831E+0 2.2820E+0
2.0834E+0 2.2820E+0
2.0837E+0 2.2820E+0
2.0840E+0 2.2830E+0
2.0843E+0 2.2830E+0
2.0846E+0 2.2830E+0
2.0849E+0 2.2830E+0
2.0852E+0 2.2850E+0
2.0855E+0 2.2840E+0
2.0858E+0 2.2850E+0
2.0861E+0 2.2860E+0
2.0864E+0 2.2880E+0
2.0867E+0 2.2860E+0
2.0870E+0 2.2870E+0
2.0873E+0 2.2860E+0
2.0876E+0 2.2870E+0
2.0879E+0 2.2870E+0
2.0882E+0 2.2880E+0
2.0885E+0 2.2870E+0
2.0888E+0 2.2890E+0
2.0891E+0 2.2880E+0
2.0894E+0 2.2890E+0
2.0897E+0 2.2890E+0
2.0900E+0 2.2900E+0
2.0903E+0 2.2890E+0
2.0906E+0 2.2900E+0
2.0909E+0 2.2900E+0
2.0912E+0 2.2930E+0
2.0915E+0 2.2910E+0
2.0918E+0 2.2920E+0
2.0921E+0 2.2920E+0
2.0924E+0 2.2940E+0
2.0927E+0 2.2940E+0
2.0930E+0 2.2940E+0
2.0933E+0 2.2930E+0
2.0936E+0 2.2950E+0
2.0939E+0 2.2940E+0
2.0942E+0 2.2950E+0
2.0945E+0 2.2950E+0
2.0948E+0 2.2960E+0
2.0951E+0 2.2950E+0
2.0954E+0 2.2960E+0
2.0957E+0 2.2960E+0
2.0960E+0 2.2990E+0
2.0963E+0 2.2970E+0
2.0966E+0 2.2980E+0
2.0969E+0 2.2980E+0
2.0972E+0 2.2990E+0
2.0975E+0 2.2990E+0
2.0978E+0 2.3000E+0
2.0981E+0 2.2990E+0
2.0984E+0 2.3020E+0
2.0987E+0 2.3010E+0
2.0990E+0 2.3020E+0
2.0993E+0 2.3020E+0
2.0996E+0 2.3020E+0
2.0999E+0 2.3010E+0
2.1002E+0 2.3010E+0
2.1005E+0 2.3010E+0
2.1008E+0 2.3030E+0
2.1011E+0 2.3020E+0
2.1014E+0 2.3020E+0
2.1017E+0 2.3020E+0
2.1020E+0 2.3030E+0
2.1023E+0 2.3030E+0
2.1026E+0 2.3040E+0
2.1029E+0 2.3030E+0
2.1032E+0 2.3050E+0
2.1035E+0 2.3040E+0
2.1038E+0 2.3050E+0
2.1041E+0 2.3050E+0
2.1044E+0 2.3060E+0
2.1047E+0 2.3050E+0
2.1050E+0 2.3060E+0
2.1053E+0 2.3060E+0
2.1056E+0 2.3090E+0
2.1059E+0 2.3070E+0
2.1062E+0 2.3070E+0
2.1065E+0 2.3070E+0
2.1068E+0 2.3080E+0
2.1071E+0 2.3080E+0
2.1074E+0 2.3080E+0
2.1077E+0 2.3080E+0
2.1080E+0 2.3100E+0
2.1083E+0 2.3090E+0
2.1086E+0 2.3100E+0
2.1089E+0 2.3110E+0
2.1092E+0 2.3110E+0
2.1095E+0 2.3110E+0
2.1098E+0 2.3110E+0
2.1101E+0 2.3110E+0
2.1104E+0 2.3140E+0
2.1107E+0 2.3120E+0
2.1110E+0 2.3130E+0
2.1113E+0 2.3130E+0
2.1116E+0 2.3150E+0
2.1119E+0 2.3160E+0
2.1122E+0 2.3150E+0
2.1125E+0 2.3150E+0
2.1128E+0 2.3160E+0
2.1131E+0 2.3140E+0
2.1134E+0 2.3160E+0
2.1137E+0 2.3160E+0
2.1140E+0 2.3170E+0
2.1143E+0 2.3160E+0
2.1146E+0 2.3160E+0
2.1149E+0 2.3170E+0
2.1152E+0 2.3200E+0
2.1155E+0 2.3170E+0
2.1158E+0 2.3180E+0
2.1161E+0 2.3180E+0
2.1164E+0 2.3190E+0
2.1167E+0 2.3190E+0
2.1170E+0 2.3190E+0
2.1173E+0 2.3190E+0
2.1176E+0 2.3210E+0
2.1179E+0 2.3200E+0
2.1182E+0 2.3220E+0
2.1185E+0 2.3220E+0
2.1188E+0 2.3230E+0
2.1191E+0 2.3220E+0
2.1194E+0 2.3220E+0
2.1197E+0 2.3230E+0
2.1200E+0 2.3250E+0
2.1203E+0 2.3230E+0
2.1206E+0 2.3230E+0
2.1209E+0 2.3240E+0
2.1212E+0 2.3250E+0
2.1215E+0 2.3250E+0
2.1218E+0 2.3260E+0
2.1221E+0 2.3260E+0
2.1224E+0 2.3270E+0
2.1227E+0 2.3260E+0
2.1230E+0 2.3270E+0
2.1233E+0 2.3280E+0
2.1236E+0 2.3290E+0
2.1239E+0 2.3280E+0
2.1242E+0 2.3290E+0
2.1245E+0 2.3300E+0
2.1248E+0 2.3310E+0
2.1251E+0 2.3300E+0
2.1254E+0 2.3300E+0
2.1257E+0 2.3300E+0
2.1260E+0 2.3310E+0
2.1263E+0 2.3300E+0
2.1266E+0 2.3310E+0
2.1269E+0 2.3300E+0
2.1272E+0 2.3320E+0
2.1275E+0 2.3310E+0
2.1278E+0 2.3320E+0
2.1281E+0 2.3320E+0
2.1284E+0 2.3330E+0
2.1287E+0 2.3320E+0
2.1290E+0 2.3320E+0
2.1293E+0 2.3320E+0
2.1296E+0 2.3360E+0
2.1299E+0 2.3330E+0
2.1302E+0 2.3340E+0
2.1305E+0 2.3340E+0
2.1308E+0 2.3350E+0
2.1311E+0 2.3360E+0
2.1314E+0 2.3370E+0
2.1317E+0 2.3360E+0
2.1320E+0 2.3370E+0
2.1323E+0 2.3360E+0
2.1326E+0 2.3370E+0
2.1329E+0 2.3370E+0
2.1332E+0 2.3380E+0
2.1335E+0 2.3370E+0
2.1338E+0 2.3380E+0
2.1341E+0 2.3390E+0
2.1344E+0 2.3410E+0
2.1347E+0 2.3390E+0
2.1350E+0 2.3400E+0
2.1353E+0 2.3400E+0
2.1356E+0 2.3410E+0
2.1359E+0 2.3410E+0
2.1362E+0 2.3420E+0
2.1365E+0 2.3410E+0
2.1368E+0 2.3440E+0
2.1371E+0 2.3420E+0
2.1374E+0 2.3440E+0
2.1377E+0 2.3450E+0
2.1380E+0 2.3450E+0
2.1383E+0 2.3440E+0
2.1386E+0 2.3440E+0
2.1389E+0 2.3440E+0
2.1392E+0 2.3470E+0
2.1395E+0 2.3440E+0
2.1398E+0 2.3450E+0
2.1401E+0 2.3450E+0
2.1404E+0 2.3470E+0
2.1407E+0 2.3470E+0
2.1410E+0 2.3480E+0
2.1413E+0 2.3470E+0
2.1416E+0 2.3490E+0
2.1419E+0 2.3470E+0
2.1422E+0 2.3490E+0
2.1425E+0 2.3490E+0
2.1428E+0 2.3500E+0
2.1431E+0 2.3500E+0
2.1434E+0 2.3500E+0
2.1437E+0 2.3510E+0
2.1440E+0 2.3530E+0
2.1443E+0 2.3510E+0
2.1446E+0 2.3520E+0
2.1449E+0 2.3510E+0
2.1452E+0 2.3530E+0
2.1455E+0 2.3530E+0
2.1458E+0 2.3530E+0
2.1461E+0 2.3520E+0
2.1464E+0 2.3550E+0
2.1467E+0 2.3540E+0
2.1470E+0 2.3550E+0
2.1473E+0 2.3560E+0
2.1476E+0 2.3560E+0
2.1479E+0 2.3550E+0
2.1482E+0 2.3560E+0
2.1485E+0 2.3560E+0
2.1488E+0 2.3590E+0
2.1491E+0 2.3570E+0
2.1494E+0 2.3580E+0
2.1497E+0 2.3590E+0
2.1500E+0 2.3600E+0
2.1503E+0 2.3610E+0
2.1506E+0 2.3600E+0
2.1509E+0 2.3580E+0
2.1512E+0 2.3600E+0
2.1515E+0 2.3590E+0
2.1518E+0 2.3590E+0
2.1521E+0 2.3590E+0
2.1524E+0 2.3600E+0
2.1527E+0 2.3590E+0
2.1530E+0 2.3600E+0
2.1533E+0 2.3600E+0
2.1536E+0 2.3630E+0
2.1539E+0 2.3610E+0
2.1542E+0 2.3620E+0
2.1545E+0 2.3610E+0
2.1548E+0 2.3620E+0
2.1551E+0 2.3620E+0
2.1554E+0 2.3630E+0
2.1557E+0 2.3620E+0
2.1560E+0 2.3640E+0
2.1563E+0 2.3630E+0
2.1566E+0 2.3650E+0
2.1569E+0 2.3650E+0
2.1572E+0 2.3650E+0
2.1575E+0 2.3650E+0
2.1578E+0 2.3650E+0
2.1581E+0 2.3650E+0
2.1584E+0 2.3670E+0
2.1587E+0 2.3650E+0
2.1590E+0 2.3660E+0
2.1593E+0 2.3660E+0
2.1596E+0 2.3670E+0
2.1599E+0 2.3680E+0
2.1602E+0 2.3680E+0
2.1605E+0 2.3670E+0
2.1608E+0 2.3700E+0
2.1611E+0 2.3680E+0
2.1614E+0 2.3690E+0
2.1617E+0 2.3690E+0
2.1620E+0 2.3710E+0
2.1623E+0 2.3700E+0
2.1626E+0 2.3710E+0
2.1629E+0 2.3710E+0
2.1632E+0 2.3740E+0
2.1635E+0 2.3720E+0
2.1638E+0 2.3720E+0
2.1641E+0 2.3720E+0
2.1644E+0 2.3730E+0
2.1647E+0 2.3730E+0
2.1650E+0 2.3730E+0
2.1653E+0 2.3730E+0
2.1656E+0 2.3750E+0
2.1659E+0 2.3740E+0
2.1662E+0 2.3750E+0
2.1665E+0 2.3750E+0
2.1668E+0 2.3760E+0
2.1671E+0 2.3750E+0
2.1674E+0 2.3750E+0
2.1677E+0 2.3750E+0
2.1680E+0 2.3780E+0
2.1683E+0 2.3760E+0
2.1686E+0 2.3770E+0
2.1689E+0 2.3780E+0
2.1692E+0 2.3790E+0
2.1695E+0 2.3790E+0
2.1698E+0 2.3800E+0
2.1701E+0 2.3780E+0
2.1704E+0 2.3800E+0
2.1707E+0 2.3790E+0
2.1710E+0 2.3800E+0
2.1713E+0 2.3800E+0
2.1716E+0 2.3810E+0
2.1719E+0 2.3800E+0
2.1722E+0 2.3810E+0
2.1725E+0 2.3810E+0
2.1728E+0 2.3850E+0
2.1731E+0 2.3820E+0
2.1734E+0 2.3830E+0
2.1737E+0 2.3830E+0
2.1740E+0 2.3840E+0
2.1743E+0 2.3830E+0
2.1746E+0 2.3850E+0
2.1749E+0 2.3840E+0
2.1752E+0 2.3870E+0
2.1755E+0 2.3860E+0
2.1758E+0 2.3880E+0
2.1761E+0 2.3870E+0
2.1764E+0 2.3870E+0
2.1767E+0 2.3860E+0
2.1770E+0 2.3870E+0
2.1773E+0 2.3860E+0
2.1776E+0 2.3890E+0
2.1779E+0 2.3870E+0
2.1782E+0 2.3880E+0
2.1785E+0 2.3880E+0
2.1788E+0 2.3890E+0
2.1791E+0 2.3890E+0
2.1794E+0 2.3900E+0
2.1797E+0 2.3880E+0
2.1800E+0 2.3900E+0
2.1803E+0 2.3890E+0
2.1806E+0 2.3900E+0
2.1809E+0 2.3910E+0
2.1812E+0 2.3910E+0
2.1815E+0 2.3910E+0
2.1818E+0 2.3920E+0
2.1821E+0 2.3920E+0
2.1824E+0 2.3950E+0
2.1827E+0 2.3930E+0
2.1830E+0 2.3930E+0
2.1833E+0 2.3930E+0
2.1836E+0 2.3940E+0
2.1839E+0 2.3940E+0
2.1842E+0 2.3940E+0
2.1845E+0 2.3940E+0
2.1848E+0 2.3960E+0
2.1851E+0 2.3950E+0
2.1854E+0 2.3960E+0
2.1857E+0 2.3970E+0
2.1860E+0 2.3970E+0
2.1863E+0 2.3960E+0
2.1866E+0 2.3970E+0
2.1869E+0 2.3970E+0
2.1872E+0 2.4000E+0
2.1875E+0 2.3980E+0
2.1878E+0 2.3990E+0
2.1881E+0 2.3990E+0
2.1884E+0 2.4010E+0
2.1887E+0 2.4010E+0
2.1890E+0 2.4010E+0
2.1893E+0 2.4000E+0
2.1896E+0 2.4020E+0
2.1899E+0 2.4010E+0
2.1902E+0 2.4020E+0
2.1905E+0 2.4020E+0
2.1908E+0 2.4030E+0
2.1911E+0 2.4020E+0
2.1914E+0 2.4030E+0
2.1917E+0 2.4030E+0
2.1920E+0 2.4060E+0
2.1923E+0 2.4040E+0
2.1926E+0 2.4040E+0
2.1929E+0 2.4040E+0
2.1932E+0 2.4050E+0
2.1935E+0 2.4050E+0
2.1938E+0 2.4060E+0
2.1941E+0 2.4050E+0
2.1944E+0 2.4080E+0
2.1947E+0 2.4060E+0
2.1950E+0 2.4080E+0
2.1953E+0 2.4080E+0
2.1956E+0 2.4090E+0
2.1959E+0 2.4080E+0
2.1962E+0 2.4090E+0
2.1965E+0 2.4090E+0
2.1968E+0 2.4110E+0
2.1971E+0 2.4090E+0
2.1974E+0 2.4100E+0
2.1977E+0 2.4100E+0
2.1980E+0 2.4120E+0
2.1983E+0 2.4120E+0
2.1986E+0 2.4120E+0
2.1989E+0 2.4110E+0
2.1992E+0 2.4140E+0
2.1995E+0 2.4120E+0
2.1998E+0 2.4140E+0
2.2001E+0 2.4140E+0
2.2004E+0 2.4150E+0
2.2007E+0 2.4150E+0
2.2010E+0 2.4160E+0
2.2013E+0 2.4160E+0
2.2016E+0 2.4180E+0
2.2019E+0 2.4160E+0
2.2022E+0 2.4160E+0
2.2025E+0 2.4160E+0
2.2028E+0 2.4160E+0
2.2031E+0 2.4170E+0
2.2034E+0 2.4170E+0
2.2037E+0 2.4160E+0
2.2040E+0 2.4190E+0
2.2043E+0 2.4170E+0
2.2046E+0 2.4180E+0
2.2049E+0 2.4180E+0
2.2052E+0 2.4190E+0
2.2055E+0 2.4180E+0
2.2058E+0 2.4190E+0
2.2061E+0 2.4190E+0
2.2064E+0 2.4220E+0
2.2067E+0 2.4200E+0
2.2070E+0 2.4200E+0
2.2073E+0 2.4200E+0
2.2076E+0 2.4220E+0
2.2079E+0 2.4220E+0
2.2082E+0 2.4230E+0
2.2085E+0 2.4220E+0
2.2088E+0 2.4230E+0
2.2091E+0 2.4220E+0
2.2094E+0 2.4230E+0
2.2097E+0 2.4230E+0
2.2100E+0 2.4240E+0
2.2103E+0 2.4230E+0
2.2106E+0 2.4240E+0
2.2109E+0 2.4250E+0
2.2112E+0 2.4280E+0
2.2115E+0 2.4250E+0
2.2118E+0 2.4260E+0
2.2121E+0 2.4260E+0
2.2124E+0 2.4270E+0
2.2127E+0 2.4270E+0
2.2130E+0 2.4280E+0
2.2133E+0 2.4270E+0
2.2136E+0 2.4300E+0
2.2139E+0 2.4280E+0
2.2142E+0 2.4300E+0
2.2145E+0 2.4300E+0
2.2148E+0 2.4310E+0
2.2151E+0 2.4300E+0
2.2154E+0 2.4300E+0
2.2157E+0 2.4300E+0
2.2160E+0 2.4320E+0
2.2163E+0 2.4300E+0
2.2166E+0 2.4310E+0
2.2169E+0 2.4310E+0
2.2172E+0 2.4330E+0
2.2175E+0 2.4330E+0
2.2178E+0 2.4330E+0
2.2181E+0 2.4320E+0
2.2184E+0 2.4340E+0
2.2187E+0 2.4330E+0
2.2190E+0 2.4340E+0
2.2193E+0 2.4340E+0
2.2196E+0 2.4350E+0
2.2199E+0 2.4350E+0
2.2202E+0 2.4360E+0
2.2205E+0 2.4360E+0
2.2208E+0 2.4390E+0
2.2211E+0 2.4370E+0
2.2214E+0 2.4370E+0
2.2217E+0 2.4370E+0
2.2220E+0 2.4380E+0
2.2223E+0 2.4380E+0
2.2226E+0 2.4390E+0
2.2229E+0 2.4380E+0
2.2232E+0 2.4400E+0
2.2235E+0 2.4390E+0
2.2238E+0 2.4410E+0
2.2241E+0 2.4410E+0
2.2244E+0 2.4420E+0
2.2247E+0 2.4410E+0
2.2250E+0 2.4410E+0
2.2253E+0 2.4410E+0
2.2256E+0 2.4450E+0
2.2259E+0 2.4430E+0
2.2262E+0 2.4440E+0
2.2265E+0 2.4440E+0
2.2268E+0 2.4460E+0
2.2271E+0 2.4460E+0
2.2274E+0 2.4460E+0
2.2277E+0 2.4450E+0
2.2280E+0 2.4460E+0
2.2283E+0 2.4440E+0
2.2286E+0 2.4460E+0
2.2289E+0 2.4450E+0
2.2292E+0 2.4470E+0
2.2295E+0 2.4460E+0
2.2298E+0 2.4460E+0
2.2301E+0 2.4460E+0
2.2304E+0 2.4490E+0
2.2307E+0 2.4470E+0
2.2310E+0 2.4480E+0
2.2313E+0 2.4470E+0
2.2316E+0 2.4490E+0
2.2319E+0 2.4490E+0
2.2322E+0 2.4490E+0
2.2325E+0 2.4490E+0
2.2328E+0 2.4510E+0
2.2331E+0 2.4500E+0
2.2334E+0 2.4520E+0
2.2337E+0 2.4520E+0
2.2340E+0 2.4530E+0
2.2343E+0 2.4510E+0
2.2346E+0 2.4510E+0
2.2349E+0 2.4520E+0
2.2352E+0 2.4540E+0
2.2355E+0 2.4520E+0
2.2358E+0 2.4530E+0
2.2361E+0 2.4530E+0
2.2364E+0 2.4550E+0
2.2367E+0 2.4540E+0
2.2370E+0 2.4550E+0
2.2373E+0 2.4540E+0
2.2376E+0 2.4570E+0
2.2379E+0 2.4550E+0
2.2382E+0 2.4570E+0
2.2385E+0 2.4570E+0
2.2388E+0 2.4580E+0
2.2391E+0 2.4580E+0
2.2394E+0 2.4590E+0
2.2397E+0 2.4580E+0
2.2400E+0 2.4620E+0
2.2403E+0 2.4590E+0
2.2406E+0 2.4600E+0
2.2409E+0 2.4590E+0
2.2412E+0 2.4610E+0
2.2415E+0 2.4600E+0
2.2418E+0 2.4610E+0
2.2421E+0 2.4600E+0
2.2424E+0 2.4620E+0
2.2427E+0 2.4610E+0
2.2430E+0 2.4630E+0
2.2433E+0 2.4630E+0
2.2436E+0 2.4640E+0
2.2439E+0 2.4620E+0
2.2442E+0 2.4630E+0
2.2445E+0 2.4630E+0
2.2448E+0 2.4660E+0
2.2451E+0 2.4640E+0
2.2454E+0 2.4650E+0
2.2457E+0 2.4650E+0
2.2460E+0 2.4670E+0
2.2463E+0 2.4670E+0
2.2466E+0 2.4680E+0
2.2469E+0 2.4670E+0
2.2472E+0 2.4690E+0
2.2475E+0 2.4670E+0
2.2478E+0 2.4680E+0
2.2481E+0 2.4680E+0
2.2484E+0 2.4690E+0
2.2487E+0 2.4690E+0
2.2490E+0 2.4690E+0
2.2493E+0 2.4700E+0
2.2496E+0 2.4730E+0
2.2499E+0 2.4710E+0
2.2502E+0 2.4710E+0
2.2505E+0 2.4710E+0
2.2508E+0 2.4730E+0
2.2511E+0 2.4730E+0
2.2514E+0 2.4740E+0
2.2517E+0 2.4730E+0
2.2520E+0 2.4760E+0
2.2523E+0 2.4750E+0
2.2526E+0 2.4760E+0
2.2529E+0 2.4730E+0
2.2532E+0 2.4740E+0
2.2535E+0 2.4720E+0
2.2538E+0 2.4730E+0
2.2541E+0 2.4730E+0
2.2544E+0 2.4750E+0
2.2547E+0 2.4730E+0
2.2550E+0 2.4740E+0
2.2553E+0 2.4740E+0
2.2556E+0 2.4740E+0
2.2559E+0 2.4750E+0
2.2562E+0 2.4750E+0
2.2565E+0 2.4750E+0
2.2568E+0 2.4760E+0
2.2571E+0 2.4750E+0
2.2574E+0 2.4760E+0
2.2577E+0 2.4770E+0
2.2580E+0 2.4770E+0
2.2583E+0 2.4770E+0
2.2586E+0 2.4780E+0
2.2589E+0 2.4780E+0
2.2592E+0 2.4810E+0
2.2595E+0 2.4780E+0
2.2598E+0 2.4790E+0
2.2601E+0 2.4790E+0
2.2604E+0 2.4800E+0
2.2607E+0 2.4800E+0
2.2610E+0 2.4800E+0
2.2613E+0 2.4790E+0
2.2616E+0 2.4820E+0
2.2619E+0 2.4800E+0
2.2622E+0 2.4810E+0
2.2625E+0 2.4820E+0
2.2628E+0 2.4830E+0
2.2631E+0 2.4820E+0
2.2634E+0 2.4820E+0
2.2637E+0 2.4820E+0
2.2640E+0 2.4850E+0
2.2643E+0 2.4830E+0
2.2646E+0 2.4840E+0
2.2649E+0 2.4850E+0
2.2652E+0 2.4860E+0
2.2655E+0 2.4870E+0
2.2658E+0 2.4870E+0
2.2661E+0 2.4860E+0
2.2664E+0 2.4880E+0
2.2667E+0 2.4860E+0
2.2670E+0 2.4870E+0
2.2673E+0 2.4870E+0
2.2676E+0 2.4880E+0
2.2679E+0 2.4870E+0
2.2682E+0 2.4880E+0
2.2685E+0 2.4880E+0
2.2688E+0 2.4910E+0
2.2691E+0 2.4880E+0
2.2694E+0 2.4890E+0
2.2697E+0 2.4890E+0
2.2700E+0 2.4900E+0
2.2703E+0 2.4900E+0
2.2706E+0 2.4900E+0
2.2709E+0 2.4900E+0
2.2712E+0 2.4920E+0
2.2715E+0 2.4910E+0
2.2718E+0 2.4920E+0
2.2721E+0 2.4930E+0
2.2724E+0 2.4940E+0
2.2727E+0 2.4930E+0
2.2730E+0 2.4930E+0
2.2733E+0 2.4930E+0
2.2736E+0 2.4960E+0
2.2739E+0 2.4940E+0
2.2742E+0 2.4950E+0
2.2745E+0 2.4940E+0
2.2748E+0 2.4960E+0
2.2751E+0 2.4970E+0
2.2754E+0 2.4970E+0
2.2757E+0 2.4960E+0
2.2760E+0 2.4980E+0
2.2763E+0 2.4970E+0
2.2766E+0 2.4980E+0
2.2769E+0 2.4990E+0
2.2772E+0 2.5000E+0
2.2775E+0 2.4990E+0
2.2778E+0 2.5010E+0
2.2781E+0 2.5000E+0
2.2784E+0 2.5040E+0
2.2787E+0 2.5010E+0
2.2790E+0 2.5000E+0
2.2793E+0 2.5000E+0
2.2796E+0 2.5010E+0
2.2799E+0 2.5010E+0
2.2802E+0 2.5010E+0
2.2805E+0 2.5010E+0
2.2808E+0 2.5030E+0
2.2811E+0 2.5010E+0
2.2814E+0 2.5030E+0
2.2817E+0 2.5030E+0
2.2820E+0 2.5040E+0
2.2823E+0 2.5030E+0
2.2826E+0 2.5030E+0
2.2829E+0 2.5040E+0
2.2832E+0 2.5060E+0
2.2835E+0 2.5040E+0
2.2838E+0 2.5050E+0
2.2841E+0 2.5050E+0
2.2844E+0 2.5070E+0
2.2847E+0 2.5070E+0
2.2850E+0 2.5070E+0
2.2853E+0 2.5060E+0
2.2856E+0 2.5080E+0
2.2859E+0 2.5070E+0
2.2862E+0 2.5080E+0
2.2865E+0 2.5080E+0
2.2868E+0 2.5080E+0
2.2871E+0 2.5080E+0
2.2874E+0 2.5090E+0
2.2877E+0 2.5090E+0
2.2880E+0 2.5120E+0
2.2883E+0 2.5090E+0
2.2886E+0 2.5100E+0
2.2889E+0 2.5100E+0
2.2892E+0 2.5120E+0
2.2895E+0 2.5120E+0
2.2898E+0 2.5130E+0
2.2901E+0 2.5120E+0
2.2904E+0 2.5150E+0
2.2907E+0 2.5130E+0
2.2910E+0 2.5150E+0
2.2913E+0 2.5150E+0
2.2916E+0 2.5160E+0
2.2919E+0 2.5140E+0
2.2922E+0 2.5150E+0
2.2925E+0 2.5150E+0
2.2928E+0 2.5170E+0
2.2931E+0 2.5150E+0
2.2934E+0 2.5160E+0
2.2937E+0 2.5160E+0
2.2940E+0 2.5180E+0
2.2943E+0 2.5170E+0
2.2946E+0 2.5180E+0
2.2949E+0 2.5170E+0
2.2952E+0 2.5190E+0
2.2955E+0 2.5170E+0
2.2958E+0 2.5190E+0
2.2961E+0 2.5190E+0
2.2964E+0 2.5200E+0
2.2967E+0 2.5190E+0
2.2970E+0 2.5210E+0
2.2973E+0 2.5210E+0
2.2976E+0 2.5240E+0
2.2979E+0 2.5210E+0
2.2982E+0 2.5220E+0
2.2985E+0 2.5220E+0
2.2988E+0 2.5230E+0
2.2991E+0 2.5230E+0
2.2994E+0 2.5230E+0
2.2997E+0 2.5230E+0
2.3000E+0 2.5250E+0
2.3003E+0 2.5240E+0
2.3006E+0 2.5250E+0
2.3009E+0 2.5260E+0
2.3012E+0 2.5270E+0
2.3015E+0 2.5260E+0
2.3018E+0 2.5260E+0
2.3021E+0 2.5270E+0
2.3024E+0 2.5290E+0
2.3027E+0 2.5280E+0
2.3030E+0 2.5290E+0
2.3033E+0 2.5290E+0
2.3036E+0 2.5310E+0
2.3039E+0 2.5310E+0
2.3042E+0 2.5310E+0
2.3045E+0 2.5300E+0
2.3048E+0 2.5320E+0
2.3051E+0 2.5300E+0
2.3054E+0 2.5310E+0
2.3057E+0 2.5300E+0
2.3060E+0 2.5310E+0
2.3063E+0 2.5310E+0
2.3066E+0 2.5310E+0
2.3069E+0 2.5310E+0
2.3072E+0 2.5340E+0
2.3075E+0 2.5320E+0
2.3078E+0 2.5330E+0
2.3081E+0 2.5320E+0
2.3084E+0 2.5340E+0
2.3087E+0 2.5330E+0
2.3090E+0 2.5340E+0
2.3093E+0 2.5340E+0
2.3096E+0 2.5350E+0
2.3099E+0 2.5340E+0
2.3102E+0 2.5360E+0
2.3105E+0 2.5370E+0
2.3108E+0 2.5370E+0
2.3111E+0 2.5350E+0
2.3114E+0 2.5360E+0
2.3117E+0 2.5360E+0
2.3120E+0 2.5390E+0
2.3123E+0 2.5370E+0
2.3126E+0 2.5370E+0
2.3129E+0 2.5370E+0
2.3132E+0 2.5390E+0
2.3135E+0 2.5390E+0
2.3138E+0 2.5390E+0
2.3141E+0 2.5390E+0
2.3144E+0 2.5410E+0
2.3147E+0 2.5390E+0
2.3150E+0 2.5410E+0
2.3153E+0 2.5410E+0
2.3156E+0 2.5420E+0
2.3159E+0 2.5420E+0
2.3162E+0 2.5430E+0
2.3165E+0 2.5430E+0
2.3168E+0 2.5460E+0
2.3171E+0 2.5430E+0
2.3174E+0 2.5440E+0
2.3177E+0 2.5430E+0
2.3180E+0 2.5440E+0
2.3183E+0 2.5440E+0
2.3186E+0 2.5450E+0
2.3189E+0 2.5440E+0
2.3192E+0 2.5460E+0
2.3195E+0 2.5450E+0
2.3198E+0 2.5460E+0
2.3201E+0 2.5460E+0
2.3204E+0 2.5470E+0
2.3207E+0 2.5460E+0
2.3210E+0 2.5470E+0
2.3213E+0 2.5470E+0
2.3216E+0 2.5500E+0
2.3219E+0 2.5470E+0
2.3222E+0 2.5490E+0
2.3225E+0 2.5490E+0
2.3228E+0 2.5500E+0
2.3231E+0 2.5500E+0
2.3234E+0 2.5510E+0
2.3237E+0 2.5500E+0
2.3240E+0 2.5520E+0
2.3243E+0 2.5500E+0
2.3246E+0 2.5510E+0
2.3249E+0 2.5520E+0
2.3252E+0 2.5530E+0
2.3255E+0 2.5520E+0
2.3258E+0 2.5530E+0
2.3261E+0 2.5530E+0
2.3264E+0 2.5560E+0
2.3267E+0 2.5540E+0
2.3270E+0 2.5550E+0
2.3273E+0 2.5550E+0
2.3276E+0 2.5560E+0
2.3279E+0 2.5560E+0
2.3282E+0 2.5560E+0
2.3285E+0 2.5560E+0
2.3288E+0 2.5590E+0
2.3291E+0 2.5580E+0
2.3294E+0 2.5600E+0
2.3297E+0 2.5600E+0
2.3300E+0 2.5600E+0
2.3303E+0 2.5580E+0
2.3306E+0 2.5590E+0
2.3309E+0 2.5590E+0
2.3312E+0 2.5610E+0
2.3315E+0 2.5590E+0
2.3318E+0 2.5590E+0
2.3321E+0 2.5600E+0
2.3324E+0 2.5610E+0
2.3327E+0 2.5610E+0
2.3330E+0 2.5610E+0
2.3333E+0 2.5600E+0
2.3336E+0 2.5630E+0
2.3339E+0 2.5610E+0
2.3342E+0 2.5620E+0
2.3345E+0 2.5620E+0
2.3348E+0 2.5640E+0
2.3351E+0 2.5630E+0
2.3354E+0 2.5640E+0
2.3357E+0 2.5640E+0
2.3360E+0 2.5680E+0
2.3363E+0 2.5640E+0
2.3366E+0 2.5650E+0
2.3369E+0 2.5650E+0
2.3372E+0 2.5660E+0
2.3375E+0 2.5660E+0
2.3378E+0 2.5660E+0
2.3381E+0 2.5660E+0
2.3384E+0 2.5680E+0
2.3387E+0 2.5670E+0
2.3390E+0 2.5680E+0
2.3393E+0 2.5690E+0
2.3396E+0 2.5690E+0
2.3399E+0 2.5680E+0
2.3402E+0 2.5690E+0
2.3405E+0 2.5690E+0
2.3408E+0 2.5720E+0
2.3411E+0 2.5700E+0
2.3414E+0 2.5710E+0
2.3417E+0 2.5710E+0
2.3420E+0 2.5730E+0
2.3423E+0 2.5730E+0
2.3426E+0 2.5740E+0
2.3429E+0 2.5730E+0
2.3432E+0 2.5750E+0
2.3435E+0 2.5730E+0
2.3438E+0 2.5740E+0
2.3441E+0 2.5740E+0
2.3444E+0 2.5750E+0
2.3447E+0 2.5740E+0
2.3450E+0 2.5750E+0
2.3453E+0 2.5750E+0
2.3456E+0 2.5780E+0
2.3459E+0 2.5750E+0
2.3462E+0 2.5760E+0
2.3465E+0 2.5760E+0
2.3468E+0 2.5780E+0
2.3471E+0 2.5780E+0
2.3474E+0 2.5780E+0
2.3477E+0 2.5770E+0
2.3480E+0 2.5800E+0
2.3483E+0 2.5790E+0
2.3486E+0 2.5810E+0
2.3489E+0 2.5810E+0
2.3492E+0 2.5810E+0
2.3495E+0 2.5800E+0
2.3498E+0 2.5810E+0
2.3501E+0 2.5810E+0
2.3504E+0 2.5840E+0
2.3507E+0 2.5810E+0
2.3510E+0 2.5830E+0
2.3513E+0 2.5820E+0
2.3516E+0 2.5840E+0
2.3519E+0 2.5840E+0
2.3522E+0 2.5850E+0
2.3525E+0 2.5840E+0
2.3528E+0 2.5860E+0
2.3531E+0 2.5850E+0
2.3534E+0 2.5860E+0
2.3537E+0 2.5870E+0
2.3540E+0 2.5880E+0
2.3543E+0 2.5880E+0
2.3546E+0 2.5890E+0
2.3549E+0 2.5890E+0
2.3552E+0 2.5900E+0
2.3555E+0 2.5880E+0
2.3558E+0 2.5880E+0
2.3561E+0 2.5880E+0
2.3564E+0 2.5890E+0
2.3567E+0 2.5890E+0
2.3570E+0 2.5890E+0
2.3573E+0 2.5880E+0
2.3576E+0 2.5900E+0
2.3579E+0 2.5890E+0
2.3582E+0 2.5900E+0
2.3585E+0 2.5900E+0
2.3588E+0 2.5910E+0
2.3591E+0 2.5900E+0
2.3594E+0 2.5910E+0
2.3597E+0 2.5900E+0
2.3600E+0 2.5930E+0
2.3603E+0 2.5910E+0
2.3606E+0 2.5920E+0
2.3609E+0 2.5930E+0
2.3612E+0 2.5940E+0
2.3615E+0 2.5940E+0
2.3618E+0 2.5940E+0
2.3621E+0 2.5940E+0
2.3624E+0 2.5960E+0
2.3627E+0 2.5940E+0
2.3630E+0 2.5950E+0
2.3633E+0 2.5950E+0
2.3636E+0 2.5960E+0
2.3639E+0 2.5950E+0
2.3642E+0 2.5960E+0
2.3645E+0 2.5960E+0
2.3648E+0 2.5990E+0
2.3651E+0 2.5960E+0
2.3654E+0 2.5970E+0
2.3657E+0 2.5970E+0
2.3660E+0 2.5990E+0
2.3663E+0 2.5990E+0
2.3666E+0 2.5990E+0
2.3669E+0 2.5980E+0
2.3672E+0 2.6020E+0
2.3675E+0 2.6000E+0
2.3678E+0 2.6020E+0
2.3681E+0 2.6020E+0
2.3684E+0 2.6020E+0
2.3687E+0 2.6010E+0
2.3690E+0 2.6020E+0
2.3693E+0 2.6010E+0
2.3696E+0 2.6040E+0
2.3699E+0 2.6020E+0
2.3702E+0 2.6030E+0
2.3705E+0 2.6020E+0
2.3708E+0 2.6040E+0
2.3711E+0 2.6040E+0
2.3714E+0 2.6040E+0
2.3717E+0 2.6040E+0
2.3720E+0 2.6060E+0
2.3723E+0 2.6040E+0
2.3726E+0 2.6050E+0
2.3729E+0 2.6060E+0
2.3732E+0 2.6070E+0
2.3735E+0 2.6060E+0
2.3738E+0 2.6070E+0
2.3741E+0 2.6080E+0
2.3744E+0 2.6100E+0
2.3747E+0 2.6080E+0
2.3750E+0 2.6080E+0
2.3753E+0 2.6080E+0
2.3756E+0 2.6090E+0
2.3759E+0 2.6100E+0
2.3762E+0 2.6100E+0
2.3765E+0 2.6090E+0
2.3768E+0 2.6120E+0
2.3771E+0 2.6100E+0
2.3774E+0 2.6120E+0
2.3777E+0 2.6120E+0
2.3780E+0 2.6130E+0
2.3783E+0 2.6120E+0
2.3786E+0 2.6130E+0
2.3789E+0 2.6130E+0
2.3792E+0 2.6160E+0
2.3795E+0 2.6130E+0
2.3798E+0 2.6150E+0
2.3801E+0 2.6150E+0
2.3804E+0 2.6170E+0
2.3807E+0 2.6180E+0
2.3810E+0 2.6160E+0
2.3813E+0 2.6160E+0
2.3816E+0 2.6170E+0
2.3819E+0 2.6160E+0
2.3822E+0 2.6170E+0
2.3825E+0 2.6170E+0
2.3828E+0 2.6180E+0
2.3831E+0 2.6170E+0
2.3834E+0 2.6180E+0
2.3837E+0 2.6180E+0
2.3840E+0 2.6210E+0
2.3843E+0 2.6180E+0
2.3846E+0 2.6190E+0
2.3849E+0 2.6190E+0
2.3852E+0 2.6200E+0
2.3855E+0 2.6190E+0
2.3858E+0 2.6200E+0
2.3861E+0 2.6190E+0
2.3864E+0 2.6220E+0
2.3867E+0 2.6210E+0
2.3870E+0 2.6230E+0
2.3873E+0 2.6230E+0
2.3876E+0 2.6230E+0
2.3879E+0 2.6230E+0
2.3882E+0 2.6230E+0
2.3885E+0 2.6220E+0
2.3888E+0 2.6250E+0
2.3891E+0 2.6230E+0
2.3894E+0 2.6240E+0
2.3897E+0 2.6240E+0
2.3900E+0 2.6260E+0
2.3903E+0 2.6260E+0
2.3906E+0 2.6260E+0
2.3909E+0 2.6260E+0
2.3912E+0 2.6280E+0
2.3915E+0 2.6260E+0
2.3918E+0 2.6270E+0
2.3921E+0 2.6280E+0
2.3924E+0 2.6290E+0
2.3927E+0 2.6280E+0
2.3930E+0 2.6300E+0
2.3933E+0 2.6300E+0
2.3936E+0 2.6330E+0
2.3939E+0 2.6300E+0
2.3942E+0 2.6310E+0
2.3945E+0 2.6300E+0
2.3948E+0 2.6320E+0
2.3951E+0 2.6310E+0
2.3954E+0 2.6320E+0
2.3957E+0 2.6310E+0
2.3960E+0 2.6330E+0
2.3963E+0 2.6320E+0
2.3966E+0 2.6340E+0
2.3969E+0 2.6340E+0
2.3972E+0 2.6340E+0
2.3975E+0 2.6330E+0
2.3978E+0 2.6340E+0
2.3981E+0 2.6340E+0
2.3984E+0 2.6370E+0
2.3987E+0 2.6350E+0
2.3990E+0 2.6350E+0
2.3993E+0 2.6360E+0
2.3996E+0 2.6380E+0
2.3999E+0 2.6380E+0
2.4002E+0 2.6380E+0
2.4005E+0 2.6370E+0
2.4008E+0 2.6400E+0
2.4011E+0 2.6380E+0
2.4014E+0 2.6390E+0
2.4017E+0 2.6390E+0
2.4020E+0 2.6400E+0
2.4023E+0 2.6400E+0
2.4026E+0 2.6400E+0
2.4029E+0 2.6410E+0
2.4032E+0 2.6430E+0
2.4035E+0 2.6410E+0
2.4038E+0 2.6420E+0
2.4041E+0 2.6420E+0
2.4044E+0 2.6440E+0
2.4047E+0 2.6440E+0
2.4050E+0 2.6450E+0
2.4053E+0 2.6440E+0
2.4056E+0 2.6470E+0
2.4059E+0 2.6450E+0
2.4062E+0 2.6480E+0
2.4065E+0 2.6460E+0
2.4068E+0 2.6470E+0
2.4071E+0 2.6460E+0
2.4074E+0 2.6460E+0
2.4077E+0 2.6460E+0
2.4080E+0 2.6490E+0
2.4083E+0 2.6460E+0
2.4086E+0 2.6470E+0
2.4089E+0 2.6470E+0
2.4092E+0 2.6480E+0
2.4095E+0 2.6480E+0
2.4098E+0 2.6480E+0
2.4101E+0 2.6480E+0
2.4104E+0 2.6500E+0
2.4107E+0 2.6480E+0
2.4110E+0 2.6490E+0
2.4113E+0 2.6500E+0
2.4116E+0 2.6510E+0
2.4119E+0 2.6500E+0
2.4122E+0 2.6510E+0
2.4125E+0 2.6510E+0
2.4128E+0 2.6550E+0
2.4131E+0 2.6520E+0
2.4134E+0 2.6520E+0
2.4137E+0 2.6520E+0
2.4140E+0 2.6530E+0
2.4143E+0 2.6530E+0
2.4146E+0 2.6530E+0
2.4149E+0 2.6530E+0
2.4152E+0 2.6550E+0
2.4155E+0 2.6540E+0
2.4158E+0 2.6550E+0
2.4161E+0 2.6560E+0
2.4164E+0 2.6560E+0
2.4167E+0 2.6550E+0
2.4170E+0 2.6560E+0
2.4173E+0 2.6550E+0
2.4176E+0 2.6590E+0
2.4179E+0 2.6570E+0
2.4182E+0 2.6580E+0
2.4185E+0 2.6580E+0
2.4188E+0 2.6600E+0
2.4191E+0 2.6610E+0
2.4194E+0 2.6610E+0
2.4197E+0 2.6590E+0
2.4200E+0 2.6610E+0
2.4203E+0 2.6600E+0
2.4206E+0 2.6610E+0
2.4209E+0 2.6600E+0
2.4212E+0 2.6620E+0
2.4215E+0 2.6610E+0
2.4218E+0 2.6610E+0
2.4221E+0 2.6620E+0
2.4224E+0 2.6650E+0
2.4227E+0 2.6620E+0
2.4230E+0 2.6630E+0
2.4233E+0 2.6630E+0
2.4236E+0 2.6640E+0
2.4239E+0 2.6640E+0
2.4242E+0 2.6650E+0
2.4245E+0 2.6640E+0
2.4248E+0 2.6670E+0
2.4251E+0 2.6650E+0
2.4254E+0 2.6670E+0
2.4257E+0 2.6670E+0
2.4260E+0 2.6680E+0
2.4263E+0 2.6670E+0
2.4266E+0 2.6680E+0
2.4269E+0 2.6670E+0
2.4272E+0 2.6700E+0
2.4275E+0 2.6680E+0
2.4278E+0 2.6690E+0
2.4281E+0 2.6690E+0
2.4284E+0 2.6710E+0
2.4287E+0 2.6710E+0
2.4290E+0 2.6710E+0
2.4293E+0 2.6710E+0
2.4296E+0 2.6730E+0
2.4299E+0 2.6710E+0
2.4302E+0 2.6730E+0
2.4305E+0 2.6730E+0
2.4308E+0 2.6740E+0
2.4311E+0 2.6740E+0
2.4314E+0 2.6750E+0
2.4317E+0 2.6750E+0
2.4320E+0 2.6780E+0
2.4323E+0 2.6750E+0
2.4326E+0 2.6750E+0
2.4329E+0 2.6750E+0
2.4332E+0 2.6770E+0
2.4335E+0 2.6760E+0
2.4338E+0 2.6760E+0
2.4341E+0 2.6750E+0
2.4344E+0 2.6780E+0
2.4347E+0 2.6760E+0
2.4350E+0 2.6780E+0
2.4353E+0 2.6780E+0
2.4356E+0 2.6790E+0
2.4359E+0 2.6770E+0
2.4362E+0 2.6780E+0
2.4365E+0 2.6780E+0
2.4368E+0 2.6810E+0
2.4371E+0 2.6780E+0
2.4374E+0 2.6790E+0
2.4377E+0 2.6800E+0
2.4380E+0 2.6820E+0
2.4383E+0 2.6820E+0
2.4386E+0 2.6820E+0
2.4389E+0 2.6810E+0
2.4392E+0 2.6830E+0
2.4395E+0 2.6820E+0
2.4398E+0 2.6820E+0
2.4401E+0 2.6830E+0
2.4404E+0 2.6830E+0
2.4407E+0 2.6830E+0
2.4410E+0 2.6840E+0
2.4413E+0 2.6840E+0
2.4416E+0 2.6870E+0
2.4419E+0 2.6850E+0
2.4422E+0 2.6860E+0
2.4425E+0 2.6850E+0
2.4428E+0 2.6860E+0
2.4431E+0 2.6870E+0
2.4434E+0 2.6880E+0
2.4437E+0 2.6870E+0
2.4440E+0 2.6900E+0
2.4443E+0 2.6890E+0
2.4446E+0 2.6900E+0
2.4449E+0 2.6910E+0
2.4452E+0 2.6910E+0
2.4455E+0 2.6900E+0
2.4458E+0 2.6900E+0
2.4461E+0 2.6900E+0
2.4464E+0 2.6930E+0
2.4467E+0 2.6910E+0
2.4470E+0 2.6920E+0
2.4473E+0 2.6920E+0
2.4476E+0 2.6930E+0
2.4479E+0 2.6930E+0
2.4482E+0 2.6930E+0
2.4485E+0 2.6920E+0
2.4488E+0 2.6950E+0
2.4491E+0 2.6930E+0
2.4494E+0 2.6950E+0
2.4497E+0 2.6950E+0
2.4500E+0 2.6960E+0
2.4503E+0 2.6950E+0
2.4506E+0 2.6970E+0
2.4509E+0 2.6970E+0
2.4512E+0 2.7000E+0
2.4515E+0 2.6970E+0
2.4518E+0 2.6980E+0
2.4521E+0 2.6970E+0
2.4524E+0 2.6990E+0
2.4527E+0 2.6990E+0
2.4530E+0 2.6990E+0
2.4533E+0 2.6990E+0
2.4536E+0 2.7010E+0
2.4539E+0 2.7000E+0
2.4542E+0 2.7010E+0
2.4545E+0 2.7020E+0
2.4548E+0 2.7030E+0
2.4551E+0 2.7020E+0
2.4554E+0 2.7030E+0
2.4557E+0 2.7020E+0
2.4560E+0 2.7060E+0
2.4563E+0 2.7040E+0
2.4566E+0 2.7040E+0
2.4569E+0 2.7050E+0
2.4572E+0 2.7070E+0
2.4575E+0 2.7070E+0
2.4578E+0 2.6950E+0
2.4581E+0 2.6940E+0
2.4584E+0 2.6960E+0
2.4587E+0 2.6930E+0
2.4590E+0 2.6940E+0
2.4593E+0 2.6940E+0
2.4596E+0 2.6950E+0
2.4599E+0 2.6940E+0
2.4602E+0 2.6950E+0
2.4605E+0 2.6950E+0
2.4608E+0 2.6980E+0
2.4611E+0 2.6960E+0
2.4614E+0 2.6960E+0
2.4617E+0 2.6970E+0
2.4620E+0 2.6970E+0
2.4623E+0 2.6970E+0
2.4626E+0 2.6980E+0
2.4629E+0 2.6970E+0
2.4632E+0 2.7000E+0
2.4635E+0 2.6980E+0
2.4638E+0 2.7000E+0
2.4641E+0 2.7000E+0
2.4644E+0 2.7010E+0
2.4647E+0 2.6990E+0
2.4650E+0 2.7000E+0
2.4653E+0 2.7000E+0
2.4656E+0 2.7020E+0
2.4659E+0 2.7000E+0
2.4662E+0 2.7010E+0
2.4665E+0 2.7010E+0
2.4668E+0 2.7020E+0
2.4671E+0 2.7030E+0
2.4674E+0 2.7030E+0
2.4677E+0 2.7020E+0
2.4680E+0 2.7040E+0
2.4683E+0 2.7020E+0
2.4686E+0 2.7040E+0
2.4689E+0 2.7040E+0
2.4692E+0 2.7050E+0
2.4695E+0 2.7050E+0
2.4698E+0 2.7060E+0
2.4701E+0 2.7060E+0
2.4704E+0 2.7090E+0
2.4707E+0 2.7070E+0
2.4710E+0 2.7070E+0
2.4713E+0 2.7070E+0
2.4716E+0 2.7080E+0
2.4719E+0 2.7080E+0
2.4722E+0 2.7080E+0
2.4725E+0 2.7070E+0
2.4728E+0 2.7100E+0
2.4731E+0 2.7080E+0
2.4734E+0 2.7090E+0
2.4737E+0 2.7090E+0
2.4740E+0 2.7110E+0
2.4743E+0 2.7090E+0
2.4746E+0 2.7100E+0
2.4749E+0 2.7100E+0
2.4752E+0 2.7130E+0
2.4755E+0 2.7100E+0
2.4758E+0 2.7120E+0
2.4761E+0 2.7120E+0
2.4764E+0 2.7140E+0
2.4767E+0 2.7140E+0
2.4770E+0 2.7140E+0
2.4773E+0 2.7130E+0
2.4776E+0 2.7150E+0
2.4779E+0 2.7130E+0
2.4782E+0 2.7140E+0
2.4785E+0 2.7150E+0
2.4788E+0 2.7160E+0
2.4791E+0 2.7150E+0
2.4794E+0 2.7160E+0
2.4797E+0 2.7160E+0
2.4800E+0 2.7190E+0
2.4803E+0 2.7170E+0
2.4806E+0 2.7180E+0
2.4809E+0 2.7170E+0
2.4812E+0 2.7190E+0
2.4815E+0 2.7190E+0
2.4818E+0 2.7190E+0
2.4821E+0 2.7190E+0
2.4824E+0 2.7220E+0
2.4827E+0 2.7200E+0
2.4830E+0 2.7220E+0
2.4833E+0 2.7220E+0
2.4836E+0 2.7220E+0
2.4839E+0 2.7210E+0
2.4842E+0 2.7210E+0
2.4845E+0 2.7210E+0
2.4848E+0 2.7240E+0
2.4851E+0 2.7210E+0
2.4854E+0 2.7220E+0
2.4857E+0 2.7220E+0
2.4860E+0 2.7240E+0
2.4863E+0 2.7230E+0
2.4866E+0 2.7240E+0
2.4869E+0 2.7220E+0
2.4872E+0 2.7250E+0
2.4875E+0 2.7230E+0
2.4878E+0 2.7250E+0
2.4881E+0 2.7250E+0
2.4884E+0 2.7260E+0
2.4887E+0 2.7250E+0
2.4890E+0 2.7260E+0
2.4893E+0 2.7270E+0
2.4896E+0 2.7300E+0
2.4899E+0 2.7270E+0
2.4902E+0 2.7280E+0
2.4905E+0 2.7270E+0
2.4908E+0 2.7280E+0
2.4911E+0 2.7280E+0
2.4914E+0 2.7290E+0
2.4917E+0 2.7280E+0
2.4920E+0 2.7310E+0
2.4923E+0 2.7290E+0
2.4926E+0 2.7300E+0
2.4929E+0 2.7310E+0
2.4932E+0 2.7310E+0
2.4935E+0 2.7300E+0
2.4938E+0 2.7310E+0
2.4941E+0 2.7310E+0
2.4944E+0 2.7350E+0
2.4947E+0 2.7320E+0
2.4950E+0 2.7330E+0
2.4953E+0 2.7330E+0
2.4956E+0 2.7350E+0
2.4959E+0 2.7360E+0
2.4962E+0 2.7360E+0
2.4965E+0 2.7350E+0
2.4968E+0 2.7370E+0
2.4971E+0 2.7350E+0
2.4974E+0 2.7360E+0
2.4977E+0 2.7360E+0
2.4980E+0 2.7370E+0
2.4983E+0 2.7360E+0
2.4986E+0 2.7370E+0
2.4989E+0 2.7370E+0
2.4992E+0 2.7400E+0
2.4995E+0 2.7370E+0
2.4998E+0 2.7380E+0
2.5001E+0 2.7380E+0
2.5004E+0 2.7400E+0
2.5007E+0 2.7390E+0
2.5010E+0 2.7400E+0
2.5013E+0 2.7390E+0
2.5016E+0 2.7420E+0
2.5019E+0 2.7410E+0
2.5022E+0 2.7420E+0
2.5025E+0 2.7420E+0
2.5028E+0 2.7430E+0
2.5031E+0 2.7420E+0
2.5034E+0 2.7430E+0
2.5037E+0 2.7430E+0
2.5040E+0 2.7460E+0
2.5043E+0 2.7430E+0
2.5046E+0 2.7440E+0
2.5049E+0 2.7440E+0
2.5052E+0 2.7460E+0
2.5055E+0 2.7460E+0
2.5058E+0 2.7470E+0
2.5061E+0 2.7460E+0
2.5064E+0 2.7480E+0
2.5067E+0 2.7460E+0
2.5070E+0 2.7480E+0
2.5073E+0 2.7480E+0
2.5076E+0 2.7500E+0
2.5079E+0 2.7490E+0
2.5082E+0 2.7500E+0
2.5085E+0 2.7510E+0
2.5088E+0 2.7530E+0
2.5091E+0 2.7500E+0
2.5094E+0 2.7510E+0
2.5097E+0 2.7500E+0
2.5100E+0 2.7510E+0
2.5103E+0 2.7510E+0
2.5106E+0 2.7510E+0
2.5109E+0 2.7500E+0
2.5112E+0 2.7520E+0
2.5115E+0 2.7510E+0
2.5118E+0 2.7520E+0
2.5121E+0 2.7530E+0
2.5124E+0 2.7530E+0
2.5127E+0 2.7520E+0
2.5130E+0 2.7530E+0
2.5133E+0 2.7530E+0
2.5136E+0 2.7560E+0
2.5139E+0 2.7530E+0
2.5142E+0 2.7550E+0
2.5145E+0 2.7540E+0
2.5148E+0 2.7570E+0
2.5151E+0 2.7570E+0
2.5154E+0 2.7570E+0
2.5157E+0 2.7560E+0
2.5160E+0 2.7580E+0
2.5163E+0 2.7550E+0
2.5166E+0 2.7570E+0
2.5169E+0 2.7570E+0
2.5172E+0 2.7580E+0
2.5175E+0 2.7570E+0
2.5178E+0 2.7580E+0
2.5181E+0 2.7580E+0
2.5184E+0 2.7620E+0
2.5187E+0 2.7590E+0
2.5190E+0 2.7600E+0
2.5193E+0 2.7590E+0
2.5196E+0 2.7610E+0
2.5199E+0 2.7610E+0
2.5202E+0 2.7620E+0
2.5205E+0 2.7610E+0
2.5208E+0 2.7640E+0
2.5211E+0 2.7620E+0
2.5214E+0 2.7640E+0
2.5217E+0 2.7640E+0
2.5220E+0 2.7650E+0
2.5223E+0 2.7630E+0
2.5226E+0 2.7640E+0
2.5229E+0 2.7640E+0
2.5232E+0 2.7670E+0
2.5235E+0 2.7640E+0
2.5238E+0 2.7650E+0
2.5241E+0 2.7650E+0
2.5244E+0 2.7670E+0
2.5247E+0 2.7670E+0
2.5250E+0 2.7670E+0
2.5253E+0 2.7660E+0
2.5256E+0 2.7680E+0
2.5259E+0 2.7660E+0
2.5262E+0 2.7680E+0
2.5265E+0 2.7680E+0
2.5268E+0 2.7690E+0
2.5271E+0 2.7680E+0
2.5274E+0 2.7690E+0
2.5277E+0 2.7690E+0
2.5280E+0 2.7730E+0
2.5283E+0 2.7700E+0
2.5286E+0 2.7710E+0
2.5289E+0 2.7700E+0
2.5292E+0 2.7720E+0
2.5295E+0 2.7720E+0
2.5298E+0 2.7720E+0
2.5301E+0 2.7710E+0
2.5304E+0 2.7740E+0
2.5307E+0 2.7720E+0
2.5310E+0 2.7740E+0
2.5313E+0 2.7740E+0
2.5316E+0 2.7750E+0
2.5319E+0 2.7740E+0
2.5322E+0 2.7750E+0
2.5325E+0 2.7750E+0
2.5328E+0 2.7780E+0
2.5331E+0 2.7750E+0
2.5334E+0 2.7770E+0
2.5337E+0 2.7770E+0
2.5340E+0 2.7800E+0
2.5343E+0 2.7800E+0
2.5346E+0 2.7790E+0
2.5349E+0 2.7780E+0
2.5352E+0 2.7800E+0
2.5355E+0 2.7780E+0
2.5358E+0 2.7790E+0
2.5361E+0 2.7790E+0
2.5364E+0 2.7800E+0
2.5367E+0 2.7790E+0
2.5370E+0 2.7800E+0
2.5373E+0 2.7800E+0
2.5376E+0 2.7830E+0
2.5379E+0 2.7800E+0
2.5382E+0 2.7810E+0
2.5385E+0 2.7810E+0
2.5388E+0 2.7820E+0
2.5391E+0 2.7820E+0
2.5394E+0 2.7830E+0
2.5397E+0 2.7820E+0
2.5400E+0 2.7850E+0
2.5403E+0 2.7830E+0
2.5406E+0 2.7850E+0
2.5409E+0 2.7850E+0
2.5412E+0 2.7860E+0
2.5415E+0 2.7840E+0
2.5418E+0 2.7850E+0
2.5421E+0 2.7850E+0
2.5424E+0 2.7880E+0
2.5427E+0 2.7850E+0
2.5430E+0 2.7860E+0
2.5433E+0 2.7860E+0
2.5436E+0 2.7880E+0
2.5439E+0 2.7880E+0
2.5442E+0 2.7890E+0
2.5445E+0 2.7880E+0
2.5448E+0 2.7900E+0
2.5451E+0 2.7880E+0
2.5454E+0 2.7900E+0
2.5457E+0 2.7900E+0
2.5460E+0 2.7910E+0
2.5463E+0 2.7910E+0
2.5466E+0 2.7920E+0
2.5469E+0 2.7920E+0
2.5472E+0 2.7950E+0
2.5475E+0 2.7930E+0
2.5478E+0 2.7930E+0
2.5481E+0 2.7920E+0
2.5484E+0 2.7940E+0
2.5487E+0 2.7940E+0
2.5490E+0 2.7940E+0
2.5493E+0 2.7930E+0
2.5496E+0 2.7960E+0
2.5499E+0 2.7940E+0
2.5502E+0 2.7960E+0
2.5505E+0 2.7960E+0
2.5508E+0 2.7960E+0
2.5511E+0 2.7960E+0
2.5514E+0 2.7960E+0
2.5517E+0 2.7960E+0
2.5520E+0 2.7990E+0
2.5523E+0 2.7970E+0
2.5526E+0 2.7980E+0
2.5529E+0 2.7980E+0
2.5532E+0 2.8000E+0
2.5535E+0 2.8000E+0
2.5538E+0 2.8010E+0
2.5541E+0 2.8000E+0
2.5544E+0 2.8020E+0
2.5547E+0 2.8000E+0
2.5550E+0 2.8010E+0
2.5553E+0 2.8020E+0
2.5556E+0 2.8030E+0
2.5559E+0 2.8010E+0
2.5562E+0 2.8030E+0
2.5565E+0 2.8030E+0
2.5568E+0 2.8070E+0
2.5571E+0 2.8040E+0
2.5574E+0 2.8050E+0
2.5577E+0 2.8050E+0
2.5580E+0 2.8060E+0
2.5583E+0 2.8060E+0
2.5586E+0 2.8060E+0
2.5589E+0 2.8060E+0
2.5592E+0 2.8090E+0
2.5595E+0 2.8080E+0
2.5598E+0 2.8100E+0
2.5601E+0 2.8080E+0
2.5604E+0 2.8090E+0
2.5607E+0 2.8070E+0
2.5610E+0 2.8080E+0
2.5613E+0 2.8070E+0
2.5616E+0 2.8100E+0
2.5619E+0 2.8070E+0
2.5622E+0 2.8080E+0
2.5625E+0 2.8080E+0
2.5628E+0 2.8100E+0
2.5631E+0 2.8100E+0
2.5634E+0 2.8100E+0
2.5637E+0 2.8090E+0
2.5640E+0 2.8110E+0
2.5643E+0 2.8090E+0
2.5646E+0 2.8110E+0
2.5649E+0 2.8110E+0
2.5652E+0 2.8120E+0
2.5655E+0 2.8110E+0
2.5658E+0 2.8120E+0
2.5661E+0 2.8120E+0
2.5664E+0 2.8160E+0
2.5667E+0 2.8130E+0
2.5670E+0 2.8130E+0
2.5673E+0 2.8130E+0
2.5676E+0 2.8140E+0
2.5679E+0 2.8140E+0
2.5682E+0 2.8150E+0
2.5685E+0 2.8140E+0
2.5688E+0 2.8160E+0
2.5691E+0 2.8150E+0
2.5694E+0 2.8160E+0
2.5697E+0 2.8170E+0
2.5700E+0 2.8170E+0
2.5703E+0 2.8160E+0
2.5706E+0 2.8170E+0
2.5709E+0 2.8160E+0
2.5712E+0 2.8200E+0
2.5715E+0 2.8180E+0
2.5718E+0 2.8190E+0
2.5721E+0 2.8190E+0
2.5724E+0 2.8210E+0
2.5727E+0 2.8220E+0
2.5730E+0 2.8210E+0
2.5733E+0 2.8210E+0
2.5736E+0 2.8220E+0
2.5739E+0 2.8200E+0
2.5742E+0 2.8210E+0
2.5745E+0 2.8220E+0
2.5748E+0 2.8220E+0
2.5751E+0 2.8210E+0
2.5754E+0 2.8220E+0
2.5757E+0 2.8220E+0
2.5760E+0 2.8250E+0
2.5763E+0 2.8230E+0
2.5766E+0 2.8240E+0
2.5769E+0 2.8230E+0
2.5772E+0 2.8250E+0
2.5775E+0 2.8240E+0
2.5778E+0 2.8250E+0
2.5781E+0 2.8240E+0
2.5784E+0 2.8270E+0
2.5787E+0 2.8260E+0
2.5790E+0 2.8270E+0
2.5793E+0 2.8280E+0
2.5796E+0 2.8280E+0
2.5799E+0 2.8270E+0
2.5802E+0 2.8280E+0
2.5805E+0 2.8270E+0
2.5808E+0 2.8300E+0
2.5811E+0 2.8280E+0
2.5814E+0 2.8290E+0
2.5817E+0 2.8290E+0
2.5820E+0 2.8310E+0
2.5823E+0 2.8310E+0
2.5826E+0 2.8310E+0
2.5829E+0 2.8310E+0
2.5832E+0 2.8330E+0
2.5835E+0 2.8310E+0
2.5838E+0 2.8330E+0
2.5841E+0 2.8330E+0
2.5844E+0 2.8340E+0
2.5847E+0 2.8340E+0
2.5850E+0 2.8350E+0
2.5853E+0 2.8350E+0
2.5856E+0 2.8380E+0
2.5859E+0 2.8350E+0
2.5862E+0 2.8350E+0
2.5865E+0 2.8350E+0
2.5868E+0 2.8360E+0
2.5871E+0 2.8350E+0
2.5874E+0 2.8360E+0
2.5877E+0 2.8350E+0
2.5880E+0 2.8380E+0
2.5883E+0 2.8360E+0
2.5886E+0 2.8380E+0
2.5889E+0 2.8380E+0
2.5892E+0 2.8380E+0
2.5895E+0 2.8370E+0
2.5898E+0 2.8380E+0
2.5901E+0 2.8380E+0
2.5904E+0 2.8410E+0
2.5907E+0 2.8380E+0
2.5910E+0 2.8390E+0
2.5913E+0 2.8400E+0
2.5916E+0 2.8410E+0
2.5919E+0 2.8420E+0
2.5922E+0 2.8420E+0
2.5925E+0 2.8410E+0
2.5928E+0 2.8430E+0
2.5931E+0 2.8410E+0
2.5934E+0 2.8430E+0
2.5937E+0 2.8430E+0
2.5940E+0 2.8430E+0
2.5943E+0 2.8430E+0
2.5946E+0 2.8430E+0
2.5949E+0 2.8440E+0
2.5952E+0 2.8470E+0
2.5955E+0 2.8450E+0
2.5958E+0 2.8450E+0
2.5961E+0 2.8450E+0
2.5964E+0 2.8470E+0
2.5967E+0 2.8460E+0
2.5970E+0 2.8470E+0
2.5973E+0 2.8470E+0
2.5976E+0 2.8500E+0
2.5979E+0 2.8470E+0
2.5982E+0 2.8500E+0
2.5985E+0 2.8500E+0
2.5988E+0 2.8510E+0
2.5991E+0 2.8500E+0
2.5994E+0 2.8500E+0
2.5997E+0 2.8490E+0
2.6000E+0 2.8520E+0
2.6003E+0 2.8490E+0
2.6006E+0 2.8510E+0
2.6009E+0 2.8510E+0
2.6012E+0 2.8520E+0
2.6015E+0 2.8520E+0
2.6018E+0 2.8530E+0
2.6021E+0 2.8520E+0
2.6024E+0 2.8540E+0
2.6027E+0 2.8520E+0
2.6030E+0 2.8540E+0
2.6033E+0 2.8540E+0
2.6036E+0 2.8550E+0
2.6039E+0 2.8540E+0
2.6042E+0 2.8550E+0
2.6045E+0 2.8550E+0
2.6048E+0 2.8590E+0
2.6051E+0 2.8560E+0
2.6054E+0 2.8570E+0
2.6057E+0 2.8570E+0
2.6060E+0 2.8580E+0
2.6063E+0 2.8580E+0
2.6066E+0 2.8580E+0
2.6069E+0 2.8570E+0
2.6072E+0 2.8600E+0
2.6075E+0 2.8590E+0
2.6078E+0 2.8600E+0
2.6081E+0 2.8610E+0
2.6084E+0 2.8610E+0
2.6087E+0 2.8610E+0
2.6090E+0 2.8610E+0
2.6093E+0 2.8610E+0
2.6096E+0 2.8650E+0
2.6099E+0 2.8620E+0
2.6102E+0 2.8640E+0
2.6105E+0 2.8640E+0
2.6108E+0 2.8660E+0
2.6111E+0 2.8660E+0
2.6114E+0 2.8660E+0
2.6117E+0 2.8640E+0
2.6120E+0 2.8660E+0
2.6123E+0 2.8640E+0
2.6126E+0 2.8650E+0
2.6129E+0 2.8650E+0
2.6132E+0 2.8660E+0
2.6135E+0 2.8650E+0
2.6138E+0 2.8660E+0
2.6141E+0 2.8660E+0
2.6144E+0 2.8690E+0
2.6147E+0 2.8670E+0
2.6150E+0 2.8670E+0
2.6153E+0 2.8670E+0
2.6156E+0 2.8680E+0
2.6159E+0 2.8680E+0
2.6162E+0 2.8690E+0
2.6165E+0 2.8680E+0
2.6168E+0 2.8710E+0
2.6171E+0 2.8690E+0
2.6174E+0 2.8710E+0
2.6177E+0 2.8710E+0
2.6180E+0 2.8710E+0
2.6183E+0 2.8700E+0
2.6186E+0 2.8710E+0
2.6189E+0 2.8700E+0
2.6192E+0 2.8740E+0
2.6195E+0 2.8710E+0
2.6198E+0 2.8720E+0
2.6201E+0 2.8720E+0
2.6204E+0 2.8740E+0
2.6207E+0 2.8740E+0
2.6210E+0 2.8750E+0
2.6213E+0 2.8730E+0
2.6216E+0 2.8760E+0
2.6219E+0 2.8740E+0
2.6222E+0 2.8750E+0
2.6225E+0 2.8760E+0
2.6228E+0 2.8770E+0
2.6231E+0 2.8760E+0
2.6234E+0 2.8770E+0
2.6237E+0 2.8770E+0
2.6240E+0 2.8810E+0
2.6243E+0 2.8780E+0
2.6246E+0 2.8790E+0
2.6249E+0 2.8780E+0
2.6252E+0 2.8800E+0
2.6255E+0 2.8790E+0
2.6258E+0 2.8790E+0
2.6261E+0 2.8790E+0
2.6264E+0 2.8810E+0
2.6267E+0 2.8800E+0
2.6270E+0 2.8820E+0
2.6273E+0 2.8810E+0
2.6276E+0 2.8820E+0
2.6279E+0 2.8810E+0
2.6282E+0 2.8810E+0
2.6285E+0 2.8810E+0
2.6288E+0 2.8850E+0
2.6291E+0 2.8820E+0
2.6294E+0 2.8830E+0
2.6297E+0 2.8840E+0
2.6300E+0 2.8850E+0
2.6303E+0 2.8860E+0
2.6306E+0 2.8860E+0
2.6309E+0 2.8850E+0
2.6312E+0 2.8870E+0
2.6315E+0 2.8850E+0
2.6318E+0 2.8860E+0
2.6321E+0 2.8870E+0
2.6324E+0 2.8880E+0
2.6327E+0 2.8870E+0
2.6330E+0 2.8880E+0
2.6333E+0 2.8880E+0
2.6336E+0 2.8910E+0
2.6339E+0 2.8890E+0
2.6342E+0 2.8900E+0
2.6345E+0 2.8890E+0
2.6348E+0 2.8910E+0
2.6351E+0 2.8910E+0
2.6354E+0 2.8910E+0
2.6357E+0 2.8910E+0
2.6360E+0 2.8940E+0
2.6363E+0 2.8930E+0
2.6366E+0 2.8940E+0
2.6369E+0 2.8940E+0
2.6372E+0 2.8940E+0
2.6375E+0 2.8940E+0
2.6378E+0 2.8930E+0
2.6381E+0 2.8930E+0
2.6384E+0 2.8960E+0
2.6387E+0 2.8930E+0
2.6390E+0 2.8940E+0
2.6393E+0 2.8940E+0
2.6396E+0 2.8960E+0
2.6399E+0 2.8960E+0
2.6402E+0 2.8960E+0
2.6405E+0 2.8950E+0
2.6408E+0 2.8970E+0
2.6411E+0 2.8960E+0
2.6414E+0 2.8970E+0
2.6417E+0 2.8970E+0
2.6420E+0 2.8980E+0
2.6423E+0 2.8970E+0
2.6426E+0 2.8990E+0
2.6429E+0 2.8990E+0
2.6432E+0 2.9020E+0
2.6435E+0 2.8990E+0
2.6438E+0 2.9000E+0
2.6441E+0 2.8990E+0
2.6444E+0 2.9010E+0
2.6447E+0 2.9000E+0
2.6450E+0 2.9010E+0
2.6453E+0 2.9000E+0
2.6456E+0 2.9030E+0
2.6459E+0 2.9010E+0
2.6462E+0 2.9030E+0
2.6465E+0 2.9030E+0
2.6468E+0 2.9040E+0
2.6471E+0 2.9030E+0
2.6474E+0 2.9040E+0
2.6477E+0 2.9040E+0
2.6480E+0 2.9070E+0
2.6483E+0 2.9050E+0
2.6486E+0 2.9060E+0
2.6489E+0 2.9060E+0
2.6492E+0 2.9080E+0
2.6495E+0 2.9090E+0
2.6498E+0 2.9090E+0
2.6501E+0 2.9080E+0
2.6504E+0 2.9100E+0
2.6507E+0 2.9080E+0
2.6510E+0 2.9090E+0
2.6513E+0 2.9090E+0
2.6516E+0 2.9100E+0
2.6519E+0 2.9090E+0
2.6522E+0 2.9100E+0
2.6525E+0 2.9100E+0
2.6528E+0 2.9130E+0
2.6531E+0 2.9110E+0
2.6534E+0 2.9110E+0
2.6537E+0 2.9110E+0
2.6540E+0 2.9120E+0
2.6543E+0 2.9130E+0
2.6546E+0 2.9130E+0
2.6549E+0 2.9120E+0
2.6552E+0 2.9160E+0
2.6555E+0 2.9140E+0
