2.4000E+0 2.4580E+0
2.4003E+0 2.4060E+0
2.4006E+0 2.4560E+0
2.4009E+0 2.4070E+0
2.4012E+0 2.4570E+0
2.4015E+0 2.4070E+0
2.4018E+0 2.4580E+0
2.4021E+0 2.4080E+0
2.4024E+0 2.4600E+0
2.4027E+0 2.4080E+0
2.4030E+0 2.4600E+0
2.4033E+0 2.4120E+0
2.4036E+0 2.4610E+0
2.4039E+0 2.4110E+0
2.4042E+0 2.4610E+0
2.4045E+0 2.4120E+0
2.4048E+0 2.4640E+0
2.4051E+0 2.4130E+0
2.4054E+0 2.4640E+0
2.4057E+0 2.4150E+0
2.4060E+0 2.4650E+0
2.4063E+0 2.4150E+0
2.4066E+0 2.4660E+0
2.4069E+0 2.4150E+0
2.4072E+0 2.4660E+0
2.4075E+0 2.4140E+0
2.4078E+0 2.4650E+0
2.4081E+0 2.4170E+0
2.4084E+0 2.4670E+0
2.4087E+0 2.4150E+0
2.4090E+0 2.4660E+0
2.4093E+0 2.4160E+0
2.4096E+0 2.4690E+0
2.4099E+0 2.4170E+0
2.4102E+0 2.4670E+0
2.4105E+0 2.4180E+0
2.4108E+0 2.4680E+0
2.4111E+0 2.4170E+0
2.4114E+0 2.4680E+0
2.4117E+0 2.4190E+0
2.4120E+0 2.4710E+0
2.4123E+0 2.4190E+0
2.4126E+0 2.4710E+0
2.4129E+0 2.4220E+0
2.4132E+0 2.4710E+0
2.4135E+0 2.4200E+0
2.4138E+0 2.4700E+0
2.4141E+0 2.4210E+0
2.4144E+0 2.4730E+0
2.4147E+0 2.4210E+0
2.4150E+0 2.4720E+0
2.4153E+0 2.4220E+0
2.4156E+0 2.4730E+0
2.4159E+0 2.4230E+0
2.4162E+0 2.4740E+0
2.4165E+0 2.4240E+0
2.4168E+0 2.4740E+0
2.4171E+0 2.4230E+0
2.4174E+0 2.4740E+0
2.4177E+0 2.4260E+0
2.4180E+0 2.4760E+0
2.4183E+0 2.4250E+0
2.4186E+0 2.4760E+0
2.4189E+0 2.4260E+0
2.4192E+0 2.4800E+0
2.4195E+0 2.4280E+0
2.4198E+0 2.4770E+0
2.4201E+0 2.4280E+0
2.4204E+0 2.4780E+0
2.4207E+0 2.4270E+0
2.4210E+0 2.4780E+0
2.4213E+0 2.4280E+0
2.4216E+0 2.4800E+0
2.4219E+0 2.4280E+0
2.4222E+0 2.4800E+0
2.4225E+0 2.4320E+0
2.4228E+0 2.4800E+0
2.4231E+0 2.4290E+0
2.4234E+0 2.4810E+0
2.4237E+0 2.4310E+0
2.4240E+0 2.4830E+0
2.4243E+0 2.4310E+0
2.4246E+0 2.4820E+0
2.4249E+0 2.4330E+0
2.4252E+0 2.4840E+0
2.4255E+0 2.4340E+0
2.4258E+0 2.4850E+0
2.4261E+0 2.4340E+0
2.4264E+0 2.4860E+0
2.4267E+0 1.6420E+0
2.4270E+0 2.4850E+0
2.4273E+0 2.4360E+0
2.4276E+0 2.4860E+0
2.4279E+0 2.4350E+0
2.4282E+0 2.4860E+0
2.4285E+0 2.4370E+0
2.4288E+0 2.4890E+0
2.4291E+0 2.4370E+0
2.4294E+0 2.4880E+0
2.4297E+0 2.4380E+0
2.4300E+0 2.4890E+0
2.4303E+0 2.4380E+0
2.4306E+0 2.4900E+0
2.4309E+0 2.4400E+0
2.4312E+0 2.4920E+0
2.4315E+0 2.4400E+0
2.4318E+0 2.4920E+0
2.4321E+0 2.4430E+0
2.4324E+0 2.4920E+0
2.4327E+0 2.4400E+0
2.4330E+0 2.4910E+0
2.4333E+0 2.4410E+0
2.4336E+0 2.4940E+0
2.4339E+0 2.4420E+0
2.4342E+0 2.4920E+0
2.4345E+0 2.4430E+0
2.4348E+0 2.4940E+0
2.4351E+0 2.4430E+0
2.4354E+0 2.4940E+0
2.4357E+0 2.4440E+0
2.4360E+0 2.4960E+0
2.4363E+0 2.4430E+0
2.4366E+0 2.4950E+0
2.4369E+0 2.4460E+0
2.4372E+0 2.4960E+0
2.4375E+0 2.4450E+0
2.4378E+0 2.4960E+0
2.4381E+0 2.4470E+0
2.4384E+0 2.5000E+0
2.4387E+0 2.4480E+0
2.4390E+0 2.4980E+0
2.4393E+0 2.4490E+0
2.4396E+0 2.4990E+0
2.4399E+0 2.4480E+0
2.4402E+0 2.4990E+0
2.4405E+0 2.4490E+0
2.4408E+0 2.5010E+0
2.4411E+0 2.4490E+0
2.4414E+0 2.5010E+0
2.4417E+0 2.4520E+0
2.4420E+0 2.5020E+0
2.4423E+0 2.4510E+0
2.4426E+0 2.5010E+0
2.4429E+0 2.4520E+0
2.4432E+0 2.5050E+0
2.4435E+0 2.4520E+0
2.4438E+0 2.5040E+0
2.4441E+0 2.4540E+0
2.4444E+0 2.5060E+0
2.4447E+0 2.4550E+0
2.4450E+0 2.5070E+0
2.4453E+0 2.4560E+0
2.4456E+0 2.5070E+0
2.4459E+0 2.4550E+0
2.4462E+0 2.5070E+0
2.4465E+0 2.4570E+0
2.4468E+0 2.5080E+0
2.4471E+0 2.4560E+0
2.4474E+0 2.5080E+0
2.4477E+0 2.4580E+0
2.4480E+0 2.5110E+0
2.4483E+0 2.4580E+0
2.4486E+0 2.5090E+0
2.4489E+0 2.4590E+0
2.4492E+0 2.5100E+0
2.4495E+0 2.4590E+0
2.4498E+0 2.5110E+0
2.4501E+0 2.4610E+0
2.4504E+0 2.5130E+0
2.4507E+0 2.4610E+0
2.4510E+0 2.5130E+0
2.4513E+0 2.4640E+0
2.4516E+0 2.5150E+0
2.4519E+0 2.4620E+0
2.4522E+0 2.5140E+0
2.4525E+0 2.4630E+0
2.4528E+0 2.5160E+0
2.4531E+0 2.4630E+0
2.4534E+0 2.5150E+0
2.4537E+0 2.4650E+0
2.4540E+0 2.5170E+0
2.4543E+0 2.4650E+0
2.4546E+0 2.5180E+0
2.4549E+0 2.4660E+0
2.4552E+0 2.5190E+0
2.4555E+0 2.4660E+0
2.4558E+0 2.5190E+0
2.4561E+0 2.4690E+0
2.4564E+0 2.5200E+0
2.4567E+0 2.4680E+0
2.4570E+0 2.5210E+0
2.4573E+0 2.4710E+0
2.4576E+0 2.5110E+0
2.4579E+0 2.4590E+0
2.4582E+0 2.5090E+0
2.4585E+0 2.4590E+0
2.4588E+0 2.5100E+0
2.4591E+0 2.4580E+0
2.4594E+0 2.5110E+0
2.4597E+0 2.4590E+0
2.4600E+0 2.5120E+0
2.4603E+0 2.4590E+0
2.4606E+0 2.5110E+0
2.4609E+0 2.4620E+0
2.4612E+0 2.5120E+0
2.4615E+0 2.4600E+0
2.4618E+0 2.5120E+0
2.4621E+0 2.4610E+0
2.4624E+0 2.5140E+0
2.4627E+0 2.4610E+0
2.4630E+0 2.5130E+0
2.4633E+0 2.4630E+0
2.4636E+0 2.5150E+0
2.4639E+0 2.4630E+0
2.4642E+0 2.5150E+0
2.4645E+0 2.4640E+0
2.4648E+0 2.5160E+0
2.4651E+0 2.4630E+0
2.4654E+0 2.5150E+0
2.4657E+0 2.4660E+0
2.4660E+0 2.5160E+0
2.4663E+0 2.4640E+0
2.4666E+0 2.5160E+0
2.4669E+0 2.4660E+0
2.4672E+0 2.5190E+0
2.4675E+0 2.4660E+0
2.4678E+0 2.5180E+0
2.4681E+0 2.4680E+0
2.4684E+0 2.5190E+0
2.4687E+0 2.4670E+0
2.4690E+0 2.5190E+0
2.4693E+0 2.4680E+0
2.4696E+0 2.5210E+0
2.4699E+0 2.4690E+0
2.4702E+0 2.5210E+0
2.4705E+0 2.4720E+0
2.4708E+0 2.5220E+0
2.4711E+0 2.4700E+0
2.4714E+0 2.5210E+0
2.4717E+0 2.4700E+0
2.4720E+0 2.5230E+0
2.4723E+0 2.4710E+0
2.4726E+0 2.5220E+0
2.4729E+0 2.4720E+0
2.4732E+0 2.5240E+0
2.4735E+0 2.4720E+0
2.4738E+0 2.5240E+0
2.4741E+0 2.4730E+0
2.4744E+0 2.5250E+0
2.4747E+0 2.4730E+0
2.4750E+0 2.5250E+0
2.4753E+0 2.4750E+0
2.4756E+0 2.5260E+0
2.4759E+0 2.4740E+0
2.4762E+0 2.5260E+0
2.4765E+0 2.4760E+0
2.4768E+0 2.5300E+0
2.4771E+0 2.4760E+0
2.4774E+0 2.5280E+0
2.4777E+0 2.4770E+0
2.4780E+0 2.5290E+0
2.4783E+0 2.4770E+0
2.4786E+0 2.5290E+0
2.4789E+0 2.4780E+0
2.4792E+0 2.5310E+0
2.4795E+0 2.4780E+0
2.4798E+0 2.5310E+0
2.4801E+0 2.4820E+0
2.4804E+0 2.5320E+0
2.4807E+0 2.4800E+0
2.4810E+0 2.5320E+0
2.4813E+0 2.4810E+0
2.4816E+0 2.5350E+0
2.4819E+0 2.4820E+0
2.4822E+0 2.5340E+0
2.4825E+0 2.4830E+0
2.4828E+0 2.5360E+0
2.4831E+0 2.4840E+0
2.4834E+0 2.5350E+0
2.4837E+0 2.4840E+0
2.4840E+0 2.5360E+0
2.4843E+0 2.4820E+0
2.4846E+0 2.5350E+0
2.4849E+0 2.4850E+0
2.4852E+0 2.5360E+0
2.4855E+0 2.4830E+0
2.4858E+0 2.5350E+0
2.4861E+0 2.4850E+0
2.4864E+0 2.5380E+0
2.4867E+0 2.4850E+0
2.4870E+0 2.5370E+0
2.4873E+0 2.4860E+0
2.4876E+0 2.5380E+0
2.4879E+0 2.4860E+0
2.4882E+0 2.5380E+0
2.4885E+0 2.4870E+0
2.4888E+0 2.5390E+0
2.4891E+0 2.4870E+0
2.4894E+0 2.5400E+0
2.4897E+0 2.4900E+0
2.4900E+0 2.5410E+0
2.4903E+0 2.4880E+0
2.4906E+0 2.5400E+0
2.4909E+0 2.4890E+0
2.4912E+0 2.5430E+0
2.4915E+0 2.4890E+0
2.4918E+0 2.5410E+0
2.4921E+0 2.4910E+0
2.4924E+0 2.5430E+0
2.4927E+0 2.4910E+0
2.4930E+0 2.5430E+0
2.4933E+0 2.4920E+0
2.4936E+0 2.5450E+0
2.4939E+0 2.4920E+0
2.4942E+0 2.5450E+0
2.4945E+0 2.4950E+0
2.4948E+0 2.5460E+0
2.4951E+0 2.4940E+0
2.4954E+0 2.5460E+0
2.4957E+0 2.4950E+0
2.4960E+0 2.5500E+0
2.4963E+0 2.4960E+0
2.4966E+0 2.5470E+0
2.4969E+0 2.4960E+0
2.4972E+0 2.5480E+0
2.4975E+0 2.4960E+0
2.4978E+0 2.5480E+0
2.4981E+0 2.4960E+0
2.4984E+0 2.5490E+0
2.4987E+0 2.4970E+0
2.4990E+0 2.5490E+0
2.4993E+0 2.5000E+0
2.4996E+0 2.5510E+0
2.4999E+0 2.4980E+0
2.5002E+0 2.5500E+0
2.5005E+0 2.4990E+0
2.5008E+0 2.5530E+0
2.5011E+0 2.5000E+0
2.5014E+0 2.5520E+0
2.5017E+0 2.5010E+0
2.5020E+0 2.5540E+0
2.5023E+0 2.5020E+0
2.5026E+0 2.5550E+0
2.5029E+0 2.5030E+0
2.5032E+0 2.5560E+0
2.5035E+0 2.5020E+0
2.5038E+0 2.5550E+0
2.5041E+0 2.5050E+0
2.5044E+0 2.5560E+0
2.5047E+0 2.5040E+0
2.5050E+0 2.5560E+0
2.5053E+0 2.5060E+0
2.5056E+0 2.5600E+0
2.5059E+0 2.5060E+0
2.5062E+0 2.5580E+0
2.5065E+0 2.5080E+0
2.5068E+0 2.5600E+0
2.5071E+0 2.5070E+0
2.5074E+0 2.5600E+0
2.5077E+0 2.5080E+0
2.5080E+0 2.5620E+0
2.5083E+0 2.5090E+0
2.5086E+0 2.5620E+0
2.5089E+0 2.5120E+0
2.5092E+0 2.5620E+0
2.5095E+0 2.5090E+0
2.5098E+0 2.5620E+0
2.5101E+0 2.5110E+0
2.5104E+0 2.5640E+0
2.5107E+0 2.5100E+0
2.5110E+0 2.5630E+0
2.5113E+0 2.5120E+0
2.5116E+0 2.5640E+0
2.5119E+0 2.5120E+0
2.5122E+0 2.5650E+0
2.5125E+0 2.5130E+0
2.5128E+0 2.5660E+0
2.5131E+0 2.5120E+0
2.5134E+0 2.5650E+0
2.5137E+0 2.5150E+0
2.5140E+0 2.5670E+0
2.5143E+0 2.5140E+0
2.5146E+0 2.5660E+0
2.5149E+0 2.5150E+0
2.5152E+0 2.5700E+0
2.5155E+0 2.5150E+0
2.5158E+0 2.5670E+0
2.5161E+0 2.5170E+0
2.5164E+0 2.5680E+0
2.5167E+0 2.5160E+0
2.5170E+0 2.5680E+0
2.5173E+0 2.5170E+0
2.5176E+0 2.5700E+0
2.5179E+0 2.5160E+0
2.5182E+0 2.5700E+0
2.5185E+0 2.5190E+0
2.5188E+0 2.5710E+0
2.5191E+0 2.5180E+0
2.5194E+0 2.5710E+0
2.5197E+0 2.5190E+0
2.5200E+0 2.5740E+0
2.5203E+0 2.5200E+0
2.5206E+0 2.5730E+0
2.5209E+0 2.5220E+0
2.5212E+0 2.5750E+0
2.5215E+0 2.5220E+0
2.5218E+0 2.5750E+0
2.5221E+0 2.5220E+0
2.5224E+0 2.5760E+0
2.5227E+0 2.5220E+0
2.5230E+0 2.5750E+0
2.5233E+0 2.5240E+0
2.5236E+0 2.5760E+0
2.5239E+0 2.5230E+0
2.5242E+0 2.5760E+0
2.5245E+0 2.5240E+0
2.5248E+0 2.5790E+0
2.5251E+0 2.5250E+0
2.5254E+0 2.5770E+0
2.5257E+0 2.5260E+0
2.5260E+0 2.5780E+0
2.5263E+0 2.5250E+0
2.5266E+0 2.5780E+0
2.5269E+0 2.5260E+0
2.5272E+0 2.5800E+0
2.5275E+0 2.5270E+0
2.5278E+0 2.5810E+0
2.5281E+0 2.5300E+0
2.5284E+0 2.5810E+0
2.5287E+0 2.5280E+0
2.5290E+0 2.5810E+0
2.5293E+0 2.5290E+0
2.5296E+0 2.5840E+0
2.5299E+0 2.5290E+0
2.5302E+0 2.5810E+0
2.5305E+0 2.5300E+0
2.5308E+0 2.5840E+0
2.5311E+0 2.5310E+0
2.5314E+0 2.5840E+0
2.5317E+0 2.5320E+0
2.5320E+0 2.5860E+0
2.5323E+0 2.5310E+0
2.5326E+0 2.5860E+0
2.5329E+0 2.5340E+0
2.5332E+0 2.5870E+0
2.5335E+0 2.5330E+0
2.5338E+0 2.5870E+0
2.5341E+0 2.5350E+0
2.5344E+0 2.5900E+0
2.5347E+0 2.5360E+0
2.5350E+0 2.5880E+0
2.5353E+0 2.5360E+0
2.5356E+0 2.5880E+0
2.5359E+0 2.5360E+0
2.5362E+0 2.5890E+0
2.5365E+0 2.5370E+0
2.5368E+0 2.5900E+0
2.5371E+0 2.5370E+0
2.5374E+0 2.5900E+0
2.5377E+0 2.5400E+0
2.5380E+0 2.5910E+0
2.5383E+0 2.5380E+0
2.5386E+0 2.5910E+0
2.5389E+0 2.5390E+0
2.5392E+0 2.5940E+0
2.5395E+0 2.5390E+0
2.5398E+0 2.5930E+0
2.5401E+0 2.5420E+0
2.5404E+0 2.5950E+0
2.5407E+0 2.5420E+0
2.5410E+0 2.5950E+0
2.5413E+0 2.5430E+0
2.5416E+0 2.5960E+0
2.5419E+0 2.5420E+0
2.5422E+0 2.5950E+0
2.5425E+0 2.5450E+0
2.5428E+0 2.5960E+0
2.5431E+0 2.5430E+0
2.5434E+0 2.5960E+0
2.5437E+0 2.5450E+0
2.5440E+0 2.6000E+0
2.5443E+0 2.5450E+0
2.5446E+0 2.5980E+0
2.5449E+0 2.5460E+0
2.5452E+0 2.6000E+0
2.5455E+0 2.5470E+0
2.5458E+0 2.6000E+0
2.5461E+0 2.5480E+0
2.5464E+0 2.6020E+0
2.5467E+0 2.5480E+0
2.5470E+0 2.6020E+0
2.5473E+0 2.5520E+0
2.5476E+0 2.6030E+0
2.5479E+0 2.5490E+0
2.5482E+0 2.6030E+0
2.5485E+0 2.5500E+0
2.5488E+0 2.6050E+0
2.5491E+0 2.5500E+0
2.5494E+0 2.6030E+0
2.5497E+0 2.5520E+0
2.5500E+0 2.6050E+0
2.5503E+0 2.5520E+0
2.5506E+0 2.6050E+0
2.5509E+0 2.5520E+0
2.5512E+0 2.6060E+0
2.5515E+0 2.5520E+0
2.5518E+0 2.6060E+0
2.5521E+0 2.5550E+0
2.5524E+0 2.6070E+0
2.5527E+0 2.5540E+0
2.5530E+0 2.6080E+0
2.5533E+0 2.5560E+0
2.5536E+0 2.6110E+0
2.5539E+0 2.5560E+0
2.5542E+0 2.6090E+0
2.5545E+0 2.5570E+0
2.5548E+0 2.6110E+0
2.5551E+0 2.5570E+0
2.5554E+0 2.6100E+0
2.5557E+0 2.5580E+0
2.5560E+0 2.6120E+0
2.5563E+0 2.5580E+0
2.5566E+0 2.6120E+0
2.5569E+0 2.5610E+0
2.5572E+0 2.6130E+0
2.5575E+0 2.5590E+0
2.5578E+0 2.6130E+0
2.5581E+0 2.5600E+0
2.5584E+0 2.6160E+0
2.5587E+0 2.5620E+0
2.5590E+0 2.6150E+0
2.5593E+0 2.5630E+0
2.5596E+0 2.6180E+0
2.5599E+0 2.5640E+0
2.5602E+0 2.6160E+0
2.5605E+0 2.5630E+0
2.5608E+0 2.6170E+0
2.5611E+0 2.5620E+0
2.5614E+0 2.6160E+0
2.5617E+0 2.5640E+0
2.5620E+0 2.6160E+0
2.5623E+0 2.5620E+0
2.5626E+0 2.6160E+0
2.5629E+0 2.5640E+0
2.5632E+0 2.6190E+0
2.5635E+0 2.5640E+0
2.5638E+0 2.6170E+0
2.5641E+0 2.5650E+0
2.5644E+0 2.6180E+0
2.5647E+0 2.5640E+0
2.5650E+0 2.6190E+0
2.5653E+0 2.5660E+0
2.5656E+0 2.6200E+0
2.5659E+0 2.5660E+0
2.5662E+0 2.6210E+0
2.5665E+0 2.5690E+0
2.5668E+0 2.6220E+0
2.5671E+0 2.5670E+0
2.5674E+0 2.6210E+0
2.5677E+0 2.5680E+0
2.5680E+0 2.6230E+0
2.5683E+0 2.5680E+0
2.5686E+0 2.6210E+0
2.5689E+0 2.5690E+0
2.5692E+0 2.6230E+0
2.5695E+0 2.5700E+0
2.5698E+0 2.6240E+0
2.5701E+0 2.5700E+0
2.5704E+0 2.6250E+0
2.5707E+0 2.5700E+0
2.5710E+0 2.6240E+0
2.5713E+0 2.5730E+0
2.5716E+0 2.6260E+0
2.5719E+0 2.5720E+0
2.5722E+0 2.6260E+0
2.5725E+0 2.5740E+0
2.5728E+0 2.6300E+0
2.5731E+0 2.5750E+0
2.5734E+0 2.6270E+0
2.5737E+0 2.5750E+0
2.5740E+0 2.6290E+0
2.5743E+0 2.5740E+0
2.5746E+0 2.6280E+0
2.5749E+0 2.5750E+0
2.5752E+0 2.6300E+0
2.5755E+0 2.5750E+0
2.5758E+0 2.6300E+0
2.5761E+0 2.5780E+0
2.5764E+0 2.6300E+0
2.5767E+0 2.5760E+0
2.5770E+0 2.6300E+0
2.5773E+0 2.5770E+0
2.5776E+0 2.6330E+0
2.5779E+0 2.5780E+0
2.5782E+0 2.6320E+0
2.5785E+0 2.5790E+0
2.5788E+0 2.6340E+0
2.5791E+0 2.5800E+0
2.5794E+0 2.6340E+0
2.5797E+0 2.5810E+0
2.5800E+0 2.6350E+0
2.5803E+0 2.5800E+0
2.5806E+0 2.6350E+0
2.5809E+0 2.5820E+0
2.5812E+0 2.6350E+0
2.5815E+0 2.5810E+0
2.5818E+0 2.6360E+0
2.5821E+0 2.5830E+0
2.5824E+0 2.6390E+0
2.5827E+0 2.5840E+0
2.5830E+0 2.6370E+0
2.5833E+0 2.5850E+0
2.5836E+0 2.6380E+0
2.5839E+0 2.5840E+0
2.5842E+0 2.6390E+0
2.5845E+0 2.5860E+0
2.5848E+0 2.6410E+0
2.5851E+0 2.5870E+0
2.5854E+0 2.6420E+0
2.5857E+0 2.5900E+0
2.5860E+0 2.6420E+0
2.5863E+0 2.5870E+0
2.5866E+0 2.6410E+0
2.5869E+0 2.5880E+0
2.5872E+0 2.6430E+0
2.5875E+0 2.5880E+0
2.5878E+0 2.6410E+0
2.5881E+0 2.5900E+0
2.5884E+0 2.6430E+0
2.5887E+0 2.5890E+0
2.5890E+0 2.6430E+0
2.5893E+0 2.5900E+0
2.5896E+0 2.6450E+0
2.5899E+0 2.5900E+0
2.5902E+0 2.6440E+0
2.5905E+0 2.5920E+0
2.5908E+0 2.6460E+0
2.5911E+0 2.5910E+0
2.5914E+0 2.6460E+0
2.5917E+0 2.5930E+0
2.5920E+0 2.6490E+0
2.5923E+0 2.5940E+0
2.5926E+0 2.6470E+0
2.5929E+0 2.5940E+0
2.5932E+0 2.6480E+0
2.5935E+0 2.5940E+0
2.5938E+0 2.6480E+0
2.5941E+0 2.5950E+0
2.5944E+0 2.6500E+0
2.5947E+0 2.5950E+0
2.5950E+0 2.6500E+0
2.5953E+0 2.5980E+0
2.5956E+0 2.6510E+0
2.5959E+0 2.5960E+0
2.5962E+0 2.6510E+0
2.5965E+0 2.5970E+0
2.5968E+0 2.6530E+0
2.5971E+0 2.5970E+0
2.5974E+0 2.6520E+0
2.5977E+0 2.6000E+0
2.5980E+0 2.6540E+0
2.5983E+0 2.6000E+0
2.5986E+0 2.6540E+0
2.5989E+0 2.6010E+0
2.5992E+0 2.6560E+0
2.5995E+0 2.6000E+0
2.5998E+0 2.6550E+0
2.6001E+0 2.6020E+0
2.6004E+0 2.6550E+0
2.6007E+0 2.6010E+0
2.6010E+0 2.6560E+0
2.6013E+0 2.6020E+0
2.6016E+0 2.6590E+0
2.6019E+0 2.6030E+0
2.6022E+0 2.6570E+0
2.6025E+0 2.6040E+0
2.6028E+0 2.6580E+0
2.6031E+0 2.6030E+0
2.6034E+0 2.6580E+0
2.6037E+0 2.6050E+0
2.6040E+0 2.6610E+0
2.6043E+0 2.6050E+0
2.6046E+0 2.6610E+0
2.6049E+0 2.6090E+0
2.6052E+0 2.6620E+0
2.6055E+0 2.6070E+0
2.6058E+0 2.6620E+0
2.6061E+0 2.6080E+0
2.6064E+0 2.6640E+0
2.6067E+0 2.6080E+0
2.6070E+0 2.6630E+0
2.6073E+0 2.6110E+0
2.6076E+0 2.6640E+0
2.6079E+0 2.6100E+0
2.6082E+0 2.6650E+0
2.6085E+0 2.6110E+0
2.6088E+0 2.6670E+0
2.6091E+0 2.6110E+0
2.6094E+0 2.6660E+0
2.6097E+0 2.6140E+0
2.6100E+0 2.6680E+0
2.6103E+0 2.6130E+0
2.6106E+0 2.6690E+0
2.6109E+0 2.6150E+0
2.6112E+0 2.6710E+0
2.6115E+0 2.6150E+0
2.6118E+0 2.6690E+0
2.6121E+0 2.6160E+0
2.6124E+0 2.6700E+0
2.6127E+0 2.6150E+0
2.6130E+0 2.6690E+0
2.6133E+0 2.6150E+0
2.6136E+0 2.6710E+0
2.6139E+0 2.6160E+0
2.6142E+0 2.6710E+0
2.6145E+0 2.6180E+0
2.6148E+0 2.6710E+0
2.6151E+0 2.6160E+0
2.6154E+0 2.6710E+0
2.6157E+0 2.6170E+0
2.6160E+0 2.6740E+0
2.6163E+0 2.6180E+0
2.6166E+0 2.6720E+0
2.6169E+0 2.6200E+0
2.6172E+0 2.6740E+0
2.6175E+0 2.6200E+0
2.6178E+0 2.6750E+0
2.6181E+0 2.6200E+0
2.6184E+0 2.6760E+0
2.6187E+0 2.6200E+0
2.6190E+0 2.6750E+0
2.6193E+0 2.6220E+0
2.6196E+0 2.6760E+0
2.6199E+0 2.6210E+0
2.6202E+0 2.6760E+0
2.6205E+0 2.6230E+0
2.6208E+0 2.6800E+0
2.6211E+0 2.6230E+0
2.6214E+0 2.6770E+0
2.6217E+0 2.6240E+0
2.6220E+0 2.6780E+0
2.6223E+0 2.6240E+0
2.6226E+0 2.6790E+0
2.6229E+0 2.6250E+0
2.6232E+0 2.6810E+0
2.6235E+0 2.6250E+0
2.6238E+0 2.6820E+0
2.6241E+0 2.6290E+0
2.6244E+0 2.6820E+0
2.6247E+0 2.6270E+0
2.6250E+0 2.6810E+0
2.6253E+0 2.6270E+0
2.6256E+0 2.6840E+0
2.6259E+0 2.6280E+0
2.6262E+0 2.6820E+0
2.6265E+0 2.6290E+0
2.6268E+0 2.6840E+0
2.6271E+0 2.6290E+0
2.6274E+0 2.6850E+0
2.6277E+0 2.6300E+0
2.6280E+0 2.6860E+0
2.6283E+0 2.6300E+0
2.6286E+0 2.6860E+0
2.6289E+0 2.6330E+0
2.6292E+0 2.6870E+0
2.6295E+0 2.6320E+0
2.6298E+0 2.6880E+0
2.6301E+0 2.6350E+0
2.6304E+0 2.6920E+0
2.6307E+0 2.6350E+0
2.6310E+0 2.6890E+0
2.6313E+0 2.6360E+0
2.6316E+0 2.6900E+0
2.6319E+0 2.6350E+0
2.6322E+0 2.6900E+0
2.6325E+0 1.5680E+0
2.6328E+0 2.6920E+0
2.6331E+0 2.6360E+0
2.6334E+0 2.6930E+0
2.6337E+0 2.6400E+0
2.6340E+0 2.6940E+0
2.6343E+0 2.6380E+0
2.6346E+0 2.6930E+0
2.6349E+0 2.6390E+0
2.6352E+0 2.6970E+0
2.6355E+0 2.6400E+0
2.6358E+0 2.6960E+0
2.6361E+0 2.6420E+0
2.6364E+0 2.6980E+0
2.6367E+0 2.6430E+0
2.6370E+0 2.6970E+0
2.6373E+0 2.6430E+0
2.6376E+0 2.6980E+0
2.6379E+0 2.6410E+0
2.6382E+0 2.6970E+0
2.6385E+0 2.6440E+0
2.6388E+0 2.6980E+0
2.6391E+0 2.6430E+0
2.6394E+0 2.6980E+0
2.6397E+0 2.6440E+0
2.6400E+0 2.7010E+0
2.6403E+0 2.6440E+0
2.6406E+0 2.6980E+0
2.6409E+0 2.6450E+0
2.6412E+0 2.7000E+0
2.6415E+0 2.6440E+0
2.6418E+0 2.7000E+0
2.6421E+0 2.6460E+0
2.6424E+0 2.7030E+0
2.6427E+0 2.6460E+0
2.6430E+0 2.7030E+0
2.6433E+0 2.6500E+0
2.6436E+0 2.7030E+0
2.6439E+0 2.6470E+0
2.6442E+0 2.7030E+0
2.6445E+0 2.6480E+0
2.6448E+0 2.7050E+0
2.6451E+0 2.6490E+0
2.6454E+0 2.7030E+0
2.6457E+0 2.6500E+0
2.6460E+0 2.7060E+0
2.6463E+0 2.6500E+0
2.6466E+0 2.7060E+0
2.6469E+0 2.6510E+0
2.6472E+0 2.7070E+0
2.6475E+0 2.6510E+0
2.6478E+0 2.7080E+0
2.6481E+0 2.6540E+0
2.6484E+0 2.7090E+0
2.6487E+0 2.6530E+0
2.6490E+0 2.7090E+0
2.6493E+0 2.6550E+0
2.6496E+0 2.7120E+0
2.6499E+0 2.6550E+0
2.6502E+0 2.7100E+0
2.6505E+0 2.6560E+0
2.6508E+0 2.7110E+0
2.6511E+0 2.6550E+0
2.6514E+0 2.7110E+0
2.6517E+0 2.6560E+0
2.6520E+0 2.7130E+0
2.6523E+0 2.6560E+0
2.6526E+0 2.7130E+0
2.6529E+0 2.6600E+0
2.6532E+0 2.7140E+0
2.6535E+0 2.6570E+0
2.6538E+0 2.7130E+0
2.6541E+0 2.6580E+0
2.6544E+0 2.7160E+0
2.6547E+0 2.6590E+0
2.6550E+0 2.7150E+0
2.6553E+0 2.6610E+0
2.6556E+0 2.7170E+0
2.6559E+0 2.6610E+0
2.6562E+0 2.7170E+0
2.6565E+0 2.6620E+0
2.6568E+0 2.7180E+0
2.6571E+0 2.6610E+0
2.6574E+0 2.7170E+0
2.6577E+0 2.6640E+0
2.6580E+0 2.7190E+0
2.6583E+0 2.6630E+0
2.6586E+0 2.7190E+0
2.6589E+0 2.6650E+0
2.6592E+0 2.7220E+0
2.6595E+0 2.6650E+0
2.6598E+0 2.7210E+0
2.6601E+0 2.6670E+0
2.6604E+0 2.7230E+0
2.6607E+0 2.6660E+0
2.6610E+0 2.7230E+0
2.6613E+0 2.6680E+0
2.6616E+0 2.7260E+0
2.6619E+0 2.6690E+0
2.6622E+0 2.7260E+0
2.6625E+0 2.6690E+0
2.6628E+0 2.7230E+0
2.6631E+0 2.6660E+0
2.6634E+0 2.7220E+0
2.6637E+0 2.6670E+0
2.6640E+0 2.7240E+0
2.6643E+0 2.6670E+0
2.6646E+0 2.7220E+0
2.6649E+0 2.6680E+0
2.6652E+0 2.7240E+0
2.6655E+0 2.6680E+0
2.6658E+0 2.7240E+0
2.6661E+0 2.6690E+0
2.6664E+0 2.7260E+0
2.6667E+0 2.6690E+0
2.6670E+0 2.7250E+0
2.6673E+0 2.6710E+0
2.6676E+0 2.7260E+0
2.6679E+0 2.6700E+0
2.6682E+0 2.7260E+0
2.6685E+0 2.6710E+0
2.6688E+0 2.7290E+0
2.6691E+0 2.6710E+0
2.6694E+0 2.7270E+0
2.6697E+0 2.6720E+0
2.6700E+0 2.7280E+0
2.6703E+0 2.6720E+0
2.6706E+0 2.7280E+0
2.6709E+0 2.6720E+0
2.6712E+0 2.7290E+0
2.6715E+0 2.6730E+0
2.6718E+0 2.7290E+0
2.6721E+0 2.6760E+0
2.6724E+0 2.7310E+0
2.6727E+0 2.6740E+0
2.6730E+0 2.7300E+0
2.6733E+0 2.6750E+0
2.6736E+0 2.7330E+0
2.6739E+0 2.6760E+0
2.6742E+0 2.7320E+0
2.6745E+0 2.6780E+0
2.6748E+0 2.7340E+0
2.6751E+0 2.6780E+0
2.6754E+0 2.7340E+0
2.6757E+0 2.6790E+0
2.6760E+0 2.7350E+0
2.6763E+0 2.6780E+0
2.6766E+0 2.7340E+0
2.6769E+0 2.6800E+0
2.6772E+0 2.7360E+0
2.6775E+0 2.6790E+0
2.6778E+0 2.7350E+0
2.6781E+0 2.6810E+0
2.6784E+0 2.7370E+0
2.6787E+0 2.6810E+0
2.6790E+0 2.7360E+0
2.6793E+0 2.6820E+0
2.6796E+0 2.7380E+0
2.6799E+0 2.6820E+0
2.6802E+0 2.7380E+0
2.6805E+0 2.6830E+0
2.6808E+0 2.7400E+0
2.6811E+0 2.6830E+0
2.6814E+0 2.7410E+0
2.6817E+0 2.6870E+0
2.6820E+0 2.7410E+0
2.6823E+0 2.6850E+0
2.6826E+0 2.7410E+0
2.6829E+0 2.6860E+0
2.6832E+0 2.7430E+0
2.6835E+0 2.6860E+0
2.6838E+0 2.7420E+0
2.6841E+0 2.6870E+0
2.6844E+0 2.7440E+0
2.6847E+0 2.6880E+0
2.6850E+0 2.7440E+0
2.6853E+0 2.6880E+0
2.6856E+0 2.7460E+0
2.6859E+0 2.6890E+0
2.6862E+0 2.7450E+0
2.6865E+0 2.6910E+0
2.6868E+0 2.7470E+0
2.6871E+0 2.6900E+0
2.6874E+0 2.7470E+0
2.6877E+0 2.6920E+0
2.6880E+0 2.7510E+0
2.6883E+0 2.6920E+0
2.6886E+0 2.7480E+0
2.6889E+0 2.6930E+0
2.6892E+0 2.7490E+0
2.6895E+0 2.6920E+0
2.6898E+0 2.7490E+0
2.6901E+0 2.6930E+0
2.6904E+0 2.7500E+0
2.6907E+0 2.6930E+0
2.6910E+0 2.7500E+0
2.6913E+0 2.6960E+0
2.6916E+0 2.7500E+0
2.6919E+0 2.6940E+0
2.6922E+0 2.7510E+0
2.6925E+0 2.6950E+0
2.6928E+0 2.7530E+0
2.6931E+0 2.6950E+0
2.6934E+0 2.7510E+0
2.6937E+0 2.6970E+0
2.6940E+0 2.7540E+0
2.6943E+0 2.6970E+0
2.6946E+0 2.7540E+0
2.6949E+0 2.6980E+0
2.6952E+0 2.7550E+0
2.6955E+0 2.6970E+0
2.6958E+0 2.7550E+0
2.6961E+0 2.7000E+0
2.6964E+0 2.7550E+0
2.6967E+0 2.6980E+0
2.6970E+0 2.7550E+0
2.6973E+0 2.7000E+0
2.6976E+0 2.7590E+0
2.6979E+0 2.7010E+0
2.6982E+0 2.7570E+0
2.6985E+0 2.7020E+0
2.6988E+0 2.7580E+0
2.6991E+0 2.7020E+0
2.6994E+0 2.7590E+0
2.6997E+0 2.7030E+0
2.7000E+0 2.7610E+0
2.7003E+0 2.7040E+0
2.7006E+0 2.7620E+0
2.7009E+0 2.7070E+0
2.7012E+0 2.7620E+0
2.7015E+0 2.7050E+0
2.7018E+0 2.7610E+0
2.7021E+0 2.7050E+0
2.7024E+0 2.7640E+0
2.7027E+0 2.7050E+0
2.7030E+0 2.7610E+0
2.7033E+0 2.7070E+0
2.7036E+0 2.7640E+0
2.7039E+0 2.7070E+0
2.7042E+0 2.7630E+0
2.7045E+0 2.7080E+0
2.7048E+0 2.7650E+0
2.7051E+0 2.7070E+0
2.7054E+0 2.7640E+0
2.7057E+0 2.7100E+0
2.7060E+0 2.7660E+0
2.7063E+0 2.7090E+0
2.7066E+0 2.7670E+0
2.7069E+0 2.7110E+0
2.7072E+0 2.7700E+0
2.7075E+0 2.7120E+0
2.7078E+0 2.7680E+0
2.7081E+0 2.7130E+0
2.7084E+0 2.7690E+0
2.7087E+0 2.7120E+0
2.7090E+0 2.7690E+0
2.7093E+0 2.7130E+0
2.7096E+0 2.7710E+0
2.7099E+0 2.7130E+0
2.7102E+0 2.7710E+0
2.7105E+0 2.7170E+0
2.7108E+0 2.7720E+0
2.7111E+0 2.7150E+0
2.7114E+0 2.7720E+0
2.7117E+0 2.7160E+0
2.7120E+0 2.7750E+0
2.7123E+0 2.7170E+0
2.7126E+0 2.7740E+0
2.7129E+0 2.7190E+0
2.7132E+0 2.7760E+0
2.7135E+0 2.7190E+0
2.7138E+0 2.7760E+0
2.7141E+0 2.7190E+0
2.7144E+0 2.7760E+0
2.7147E+0 2.7190E+0
2.7150E+0 2.7750E+0
2.7153E+0 2.7210E+0
2.7156E+0 2.7760E+0
2.7159E+0 2.7190E+0
2.7162E+0 2.7760E+0
2.7165E+0 2.7200E+0
2.7168E+0 2.7790E+0
2.7171E+0 2.7200E+0
2.7174E+0 2.7770E+0
2.7177E+0 2.7220E+0
2.7180E+0 2.7780E+0
2.7183E+0 2.7210E+0
2.7186E+0 2.7780E+0
2.7189E+0 2.7220E+0
2.7192E+0 2.7800E+0
2.7195E+0 2.7220E+0
2.7198E+0 2.7800E+0
2.7201E+0 2.7260E+0
2.7204E+0 2.7810E+0
2.7207E+0 2.7230E+0
2.7210E+0 2.7800E+0
2.7213E+0 2.7240E+0
2.7216E+0 2.7830E+0
2.7219E+0 2.7240E+0
2.7222E+0 2.7810E+0
2.7225E+0 2.7260E+0
2.7228E+0 2.7830E+0
2.7231E+0 2.7260E+0
2.7234E+0 2.7830E+0
2.7237E+0 2.7270E+0
2.7240E+0 2.7850E+0
2.7243E+0 2.7260E+0
2.7246E+0 2.7840E+0
2.7249E+0 2.7300E+0
2.7252E+0 2.7860E+0
2.7255E+0 2.7280E+0
2.7258E+0 2.7860E+0
2.7261E+0 2.7310E+0
2.7264E+0 2.7900E+0
2.7267E+0 2.7310E+0
2.7270E+0 2.7870E+0
2.7273E+0 2.7320E+0
2.7276E+0 2.7880E+0
2.7279E+0 2.7300E+0
2.7282E+0 2.7870E+0
2.7285E+0 2.7320E+0
2.7288E+0 2.7900E+0
2.7291E+0 2.7310E+0
2.7294E+0 2.7890E+0
2.7297E+0 2.7350E+0
2.7300E+0 2.7910E+0
2.7303E+0 2.7330E+0
2.7306E+0 2.7900E+0
2.7309E+0 2.7340E+0
2.7312E+0 2.7930E+0
2.7315E+0 2.7340E+0
2.7318E+0 2.7910E+0
2.7321E+0 2.7360E+0
2.7324E+0 2.7930E+0
2.7327E+0 2.7370E+0
2.7330E+0 2.7940E+0
2.7333E+0 2.7370E+0
2.7336E+0 2.7950E+0
2.7339E+0 2.7370E+0
2.7342E+0 2.7950E+0
2.7345E+0 2.7400E+0
2.7348E+0 2.7960E+0
2.7351E+0 2.7380E+0
2.7354E+0 2.7960E+0
2.7357E+0 2.7400E+0
2.7360E+0 2.8000E+0
2.7363E+0 2.7410E+0
2.7366E+0 2.7980E+0
2.7369E+0 2.7420E+0
2.7372E+0 2.7990E+0
2.7375E+0 2.7420E+0
2.7378E+0 2.8000E+0
2.7381E+0 2.7440E+0
2.7384E+0 2.8020E+0
2.7387E+0 2.7440E+0
2.7390E+0 2.8030E+0
2.7393E+0 2.7470E+0
2.7396E+0 2.8020E+0
2.7399E+0 2.7440E+0
2.7402E+0 2.8020E+0
2.7405E+0 2.7450E+0
2.7408E+0 2.8040E+0
2.7411E+0 2.7450E+0
2.7414E+0 2.8020E+0
2.7417E+0 2.7460E+0
2.7420E+0 2.8040E+0
2.7423E+0 2.7470E+0
2.7426E+0 2.8040E+0
2.7429E+0 2.7470E+0
2.7432E+0 2.8050E+0
2.7435E+0 2.7460E+0
2.7438E+0 2.8050E+0
2.7441E+0 2.7490E+0
2.7444E+0 2.8060E+0
2.7447E+0 2.7470E+0
2.7450E+0 2.8060E+0
2.7453E+0 2.7500E+0
2.7456E+0 2.8100E+0
2.7459E+0 2.7510E+0
2.7462E+0 2.8070E+0
2.7465E+0 2.7510E+0
2.7468E+0 2.8080E+0
2.7471E+0 2.7510E+0
2.7474E+0 2.8080E+0
2.7477E+0 2.7510E+0
2.7480E+0 2.8100E+0
2.7483E+0 2.7520E+0
2.7486E+0 2.8100E+0
2.7489E+0 2.7550E+0
2.7492E+0 2.8110E+0
2.7495E+0 2.7530E+0
2.7498E+0 2.8110E+0
2.7501E+0 2.7540E+0
2.7504E+0 2.8140E+0
2.7507E+0 2.7550E+0
2.7510E+0 2.8130E+0
2.7513E+0 2.7570E+0
2.7516E+0 2.8150E+0
2.7519E+0 2.7580E+0
2.7522E+0 2.8160E+0
2.7525E+0 2.7580E+0
2.7528E+0 2.8170E+0
2.7531E+0 2.7570E+0
2.7534E+0 2.8150E+0
2.7537E+0 2.7600E+0
2.7540E+0 2.8160E+0
2.7543E+0 2.7580E+0
2.7546E+0 2.8170E+0
2.7549E+0 2.7600E+0
2.7552E+0 2.8200E+0
2.7555E+0 2.7610E+0
2.7558E+0 2.8180E+0
2.7561E+0 2.7610E+0
2.7564E+0 2.8190E+0
2.7567E+0 2.7610E+0
2.7570E+0 2.8190E+0
2.7573E+0 2.7620E+0
2.7576E+0 2.8220E+0
2.7579E+0 2.7630E+0
2.7582E+0 2.8210E+0
2.7585E+0 2.7670E+0
2.7588E+0 2.8230E+0
2.7591E+0 2.7640E+0
2.7594E+0 2.8220E+0
2.7597E+0 2.7650E+0
2.7600E+0 2.8240E+0
2.7603E+0 2.7650E+0
2.7606E+0 2.8230E+0
2.7609E+0 2.7680E+0
2.7612E+0 2.8250E+0
2.7615E+0 2.7680E+0
2.7618E+0 2.8260E+0
2.7621E+0 2.7680E+0
2.7624E+0 2.8280E+0
2.7627E+0 2.7690E+0
2.7630E+0 2.8280E+0
2.7633E+0 2.7720E+0
2.7636E+0 2.8290E+0
2.7639E+0 2.7710E+0
2.7642E+0 2.8300E+0
2.7645E+0 2.7730E+0
2.7648E+0 2.8330E+0
2.7651E+0 2.7720E+0
2.7654E+0 2.8300E+0
2.7657E+0 2.7730E+0
2.7660E+0 2.8300E+0
2.7663E+0 2.7720E+0
2.7666E+0 2.8300E+0
2.7669E+0 2.7720E+0
2.7672E+0 2.8320E+0
2.7675E+0 2.7720E+0
2.7678E+0 2.8310E+0
2.7681E+0 2.7760E+0
2.7684E+0 2.8320E+0
2.7687E+0 2.7730E+0
2.7690E+0 2.8310E+0
2.7693E+0 2.7750E+0
2.7696E+0 2.8340E+0
2.7699E+0 2.7750E+0
2.7702E+0 2.8330E+0
2.7705E+0 2.7770E+0
2.7708E+0 2.8350E+0
2.7711E+0 2.7770E+0
2.7714E+0 2.8350E+0
2.7717E+0 2.7780E+0
2.7720E+0 2.8360E+0
2.7723E+0 2.7770E+0
2.7726E+0 2.8350E+0
2.7729E+0 2.7790E+0
2.7732E+0 2.8360E+0
2.7735E+0 2.7770E+0
2.7738E+0 2.8360E+0
2.7741E+0 2.7790E+0
2.7744E+0 2.8390E+0
2.7747E+0 2.7790E+0
2.7750E+0 2.8370E+0
2.7753E+0 2.7810E+0
2.7756E+0 2.8390E+0
2.7759E+0 2.7800E+0
2.7762E+0 2.8390E+0
2.7765E+0 2.7820E+0
2.7768E+0 2.8410E+0
2.7771E+0 2.7830E+0
2.7774E+0 2.8420E+0
2.7777E+0 2.7860E+0
2.7780E+0 2.8420E+0
2.7783E+0 2.7830E+0
2.7786E+0 2.8410E+0
2.7789E+0 2.7840E+0
2.7792E+0 2.8440E+0
2.7795E+0 2.7840E+0
2.7798E+0 2.8430E+0
2.7801E+0 2.7860E+0
2.7804E+0 2.8440E+0
2.7807E+0 2.7860E+0
2.7810E+0 2.8450E+0
2.7813E+0 2.7870E+0
2.7816E+0 2.8460E+0
2.7819E+0 2.7870E+0
2.7822E+0 2.8450E+0
2.7825E+0 2.7890E+0
2.7828E+0 2.8470E+0
2.7831E+0 2.7880E+0
2.7834E+0 2.8470E+0
2.7837E+0 2.7900E+0
2.7840E+0 2.8510E+0
2.7843E+0 2.7900E+0
2.7846E+0 2.8490E+0
2.7849E+0 2.7910E+0
2.7852E+0 2.8500E+0
2.7855E+0 2.7910E+0
2.7858E+0 2.8490E+0
2.7861E+0 2.7920E+0
2.7864E+0 2.8510E+0
2.7867E+0 2.7930E+0
2.7870E+0 2.8510E+0
2.7873E+0 2.7950E+0
2.7876E+0 2.8520E+0
2.7879E+0 2.7930E+0
2.7882E+0 2.8520E+0
2.7885E+0 2.7950E+0
2.7888E+0 2.8550E+0
2.7891E+0 2.7950E+0
2.7894E+0 2.8540E+0
2.7897E+0 2.7970E+0
2.7900E+0 2.8560E+0
2.7903E+0 2.7980E+0
2.7906E+0 2.8560E+0
2.7909E+0 2.7980E+0
2.7912E+0 2.8570E+0
2.7915E+0 2.7970E+0
2.7918E+0 2.8560E+0
2.7921E+0 2.7990E+0
2.7924E+0 2.8560E+0
2.7927E+0 2.7980E+0
2.7930E+0 2.8560E+0
2.7933E+0 2.7990E+0
2.7936E+0 2.8600E+0
2.7939E+0 2.7990E+0
2.7942E+0 2.8570E+0
2.7945E+0 2.8000E+0
2.7948E+0 2.8580E+0
2.7951E+0 2.7990E+0
2.7954E+0 2.8580E+0
2.7957E+0 2.8010E+0
2.7960E+0 2.8600E+0
2.7963E+0 2.8010E+0
2.7966E+0 2.8600E+0
2.7969E+0 2.8050E+0
2.7972E+0 2.8610E+0
2.7975E+0 2.8020E+0
2.7978E+0 2.8610E+0
2.7981E+0 2.8030E+0
2.7984E+0 2.8640E+0
2.7987E+0 2.8030E+0
2.7990E+0 2.8620E+0
2.7993E+0 2.8050E+0
2.7996E+0 2.8640E+0
2.7999E+0 2.8050E+0
2.8002E+0 2.8650E+0
2.8005E+0 2.8070E+0
2.8008E+0 2.8660E+0
2.8011E+0 2.8060E+0
2.8014E+0 2.8660E+0
2.8017E+0 2.8100E+0
2.8020E+0 2.8670E+0
2.8023E+0 2.8080E+0
2.8026E+0 2.8670E+0
2.8029E+0 2.8100E+0
2.8032E+0 2.8710E+0
2.8035E+0 2.8110E+0
2.8038E+0 2.8690E+0
2.8041E+0 2.8120E+0
2.8044E+0 2.8700E+0
2.8047E+0 2.8110E+0
2.8050E+0 2.8690E+0
2.8053E+0 2.8120E+0
2.8056E+0 2.8710E+0
2.8059E+0 2.8110E+0
2.8062E+0 2.8710E+0
2.8065E+0 2.8140E+0
2.8068E+0 2.8720E+0
2.8071E+0 2.8120E+0
2.8074E+0 2.8710E+0
2.8077E+0 2.8140E+0
2.8080E+0 2.8750E+0
2.8083E+0 2.8140E+0
2.8086E+0 2.8730E+0
2.8089E+0 2.8170E+0
2.8092E+0 2.8760E+0
2.8095E+0 2.8170E+0
2.8098E+0 2.8760E+0
2.8101E+0 2.8170E+0
2.8104E+0 2.8770E+0
2.8107E+0 2.8170E+0
2.8110E+0 2.8760E+0
2.8113E+0 2.8200E+0
2.8116E+0 2.8780E+0
2.8119E+0 2.8190E+0
2.8122E+0 2.8780E+0
2.8125E+0 2.8210E+0
2.8128E+0 2.8820E+0
2.8131E+0 2.8210E+0
2.8134E+0 2.8800E+0
2.8137E+0 2.8220E+0
2.8140E+0 2.8810E+0
2.8143E+0 2.8220E+0
2.8146E+0 2.8820E+0
2.8149E+0 2.8230E+0
2.8152E+0 2.8840E+0
2.8155E+0 2.8240E+0
2.8158E+0 2.8840E+0
2.8161E+0 2.8270E+0
2.8164E+0 2.8840E+0
2.8167E+0 2.8240E+0
2.8170E+0 2.8830E+0
2.8173E+0 2.8250E+0
2.8176E+0 2.8850E+0
2.8179E+0 2.8250E+0
2.8182E+0 2.8830E+0
2.8185E+0 2.8260E+0
2.8188E+0 2.8850E+0
2.8191E+0 2.8260E+0
2.8194E+0 2.8850E+0
2.8197E+0 2.8270E+0
2.8200E+0 2.8860E+0
2.8203E+0 2.8260E+0
2.8206E+0 2.8860E+0
2.8209E+0 2.3510E+0
2.8212E+0 2.8870E+0
2.8215E+0 2.8280E+0
2.8218E+0 2.8870E+0
2.8221E+0 2.8290E+0
2.8224E+0 2.8910E+0
2.8227E+0 2.8300E+0
2.8230E+0 2.8880E+0
2.8233E+0 2.8310E+0
2.8236E+0 2.8890E+0
2.8239E+0 2.8300E+0
2.8242E+0 2.8890E+0
2.8245E+0 2.8310E+0
2.8248E+0 2.8920E+0
2.8251E+0 2.8310E+0
2.8254E+0 2.8910E+0
2.8257E+0 2.8350E+0
2.8260E+0 2.8920E+0
2.8263E+0 2.8320E+0
2.8266E+0 2.8920E+0
2.8269E+0 2.8340E+0
2.8272E+0 2.8950E+0
2.8275E+0 2.8340E+0
2.8278E+0 2.8940E+0
2.8281E+0 2.8360E+0
2.8284E+0 2.8970E+0
2.8287E+0 2.8370E+0
2.8290E+0 2.8970E+0
2.8293E+0 2.8380E+0
2.8296E+0 2.8970E+0
2.8299E+0 2.8370E+0
2.8302E+0 2.8970E+0
2.8305E+0 2.8390E+0
2.8308E+0 2.8980E+0
2.8311E+0 2.8370E+0
2.8314E+0 2.8970E+0
2.8317E+0 2.8390E+0
2.8320E+0 2.9010E+0
2.8323E+0 2.8400E+0
2.8326E+0 2.8990E+0
2.8329E+0 2.8410E+0
2.8332E+0 2.9000E+0
2.8335E+0 2.8410E+0
2.8338E+0 2.9000E+0
2.8341E+0 2.8420E+0
2.8344E+0 2.9030E+0
2.8347E+0 2.8420E+0
2.8350E+0 2.9030E+0
2.8353E+0 2.8460E+0
2.8356E+0 2.9030E+0
2.8359E+0 2.8430E+0
2.8362E+0 2.9030E+0
2.8365E+0 2.8440E+0
2.8368E+0 2.9060E+0
2.8371E+0 2.8450E+0
2.8374E+0 2.9050E+0
2.8377E+0 2.8470E+0
2.8380E+0 2.9070E+0
2.8383E+0 2.8470E+0
2.8386E+0 2.9070E+0
2.8389E+0 2.8470E+0
2.8392E+0 2.9090E+0
2.8395E+0 2.8490E+0
2.8398E+0 2.9080E+0
2.8401E+0 2.8510E+0
2.8404E+0 2.9100E+0
2.8407E+0 2.8500E+0
2.8410E+0 2.9100E+0
2.8413E+0 2.8520E+0
2.8416E+0 2.9130E+0
2.8419E+0 2.8510E+0
2.8422E+0 2.9100E+0
2.8425E+0 2.8520E+0
2.8428E+0 2.9120E+0
2.8431E+0 2.8520E+0
2.8434E+0 2.9110E+0
2.8437E+0 2.8520E+0
2.8440E+0 2.9130E+0
2.8443E+0 2.8520E+0
2.8446E+0 2.9130E+0
2.8449E+0 2.8560E+0
2.8452E+0 2.9140E+0
2.8455E+0 2.8530E+0
2.8458E+0 2.9130E+0
2.8461E+0 2.8550E+0
2.8464E+0 2.9160E+0
2.8467E+0 2.8550E+0
2.8470E+0 2.9150E+0
2.8473E+0 2.8570E+0
2.8476E+0 2.9170E+0
2.8479E+0 2.8570E+0
2.8482E+0 2.9170E+0
2.8485E+0 2.8580E+0
2.8488E+0 2.9190E+0
2.8491E+0 2.8570E+0
2.8494E+0 2.9180E+0
2.8497E+0 2.8600E+0
2.8500E+0 2.9180E+0
2.8503E+0 2.8580E+0
2.8506E+0 2.9190E+0
2.8509E+0 2.8600E+0
2.8512E+0 2.9220E+0
2.8515E+0 2.8610E+0
2.8518E+0 2.9200E+0
2.8521E+0 2.8620E+0
2.8524E+0 2.9220E+0
2.8527E+0 2.8610E+0
2.8530E+0 2.9220E+0
2.8533E+0 2.8630E+0
2.8536E+0 2.9240E+0
2.8539E+0 2.8630E+0
2.8542E+0 2.9250E+0
2.8545E+0 2.8670E+0
2.8548E+0 2.9250E+0
2.8551E+0 2.8640E+0
2.8554E+0 2.9240E+0
2.8557E+0 2.8650E+0
2.8560E+0 2.9270E+0
2.8563E+0 2.8650E+0
2.8566E+0 2.9250E+0
2.8569E+0 2.8670E+0
2.8572E+0 2.9270E+0
2.8575E+0 2.8670E+0
2.8578E+0 2.9270E+0
2.8581E+0 2.8680E+0
2.8584E+0 2.9290E+0
2.8587E+0 2.8670E+0
2.8590E+0 2.9280E+0
2.8593E+0 2.8700E+0
2.8596E+0 2.9290E+0
2.8599E+0 2.8690E+0
2.8602E+0 2.9300E+0
2.8605E+0 2.8710E+0
2.8608E+0 2.9340E+0
2.8611E+0 2.8720E+0
2.8614E+0 2.9310E+0
2.8617E+0 2.8730E+0
2.8620E+0 2.9320E+0
2.8623E+0 2.8720E+0
2.8626E+0 2.9320E+0
2.8629E+0 2.8730E+0
2.8632E+0 2.9340E+0
2.8635E+0 2.8740E+0
2.8638E+0 2.9340E+0
2.8641E+0 2.8770E+0
2.8644E+0 2.9360E+0
2.8647E+0 2.8750E+0
2.8650E+0 2.9360E+0
2.8653E+0 2.8770E+0
2.8656E+0 2.9390E+0
2.8659E+0 2.8770E+0
2.8662E+0 2.9390E+0
2.8665E+0 2.8800E+0
2.8668E+0 2.9410E+0
2.8671E+0 2.8800E+0
2.8674E+0 2.9350E+0
2.8677E+0 2.8750E+0
2.8680E+0 2.9350E+0
2.8683E+0 2.8740E+0
2.8686E+0 2.9340E+0
2.8689E+0 2.8760E+0
2.8692E+0 2.9350E+0
2.8695E+0 2.8750E+0
2.8698E+0 2.9350E+0
2.8701E+0 2.8760E+0
2.8704E+0 2.9380E+0
2.8707E+0 2.8770E+0
2.8710E+0 2.9360E+0
2.8713E+0 2.8770E+0
2.8716E+0 2.9360E+0
2.8719E+0 2.8760E+0
2.8722E+0 2.9370E+0
2.8725E+0 2.8770E+0
2.8728E+0 2.9390E+0
2.8731E+0 2.8770E+0
2.8734E+0 2.9390E+0
2.8737E+0 2.8810E+0
2.8740E+0 2.9400E+0
2.8743E+0 2.8780E+0
2.8746E+0 2.9380E+0
2.8749E+0 2.8790E+0
2.8752E+0 2.9410E+0
2.8755E+0 2.8790E+0
2.8758E+0 2.9400E+0
2.8761E+0 2.8810E+0
2.8764E+0 2.9410E+0
2.8767E+0 2.8810E+0
2.8770E+0 2.9420E+0
2.8773E+0 2.8820E+0
2.8776E+0 2.9430E+0
2.8779E+0 2.8810E+0
2.8782E+0 2.9430E+0
2.8785E+0 2.8850E+0
2.8788E+0 2.9440E+0
2.8791E+0 2.8840E+0
2.8794E+0 2.9450E+0
2.8797E+0 2.8860E+0
2.8800E+0 2.9490E+0
2.8803E+0 2.8860E+0
2.8806E+0 2.9460E+0
2.8809E+0 2.8860E+0
2.8812E+0 2.9460E+0
2.8815E+0 2.8860E+0
2.8818E+0 2.9460E+0
2.8821E+0 2.8860E+0
2.8824E+0 2.9480E+0
2.8827E+0 2.8860E+0
2.8830E+0 2.9470E+0
2.8833E+0 2.8890E+0
2.8836E+0 2.9480E+0
2.8839E+0 2.8870E+0
2.8842E+0 2.9480E+0
2.8845E+0 2.8890E+0
2.8848E+0 2.9510E+0
2.8851E+0 2.8890E+0
2.8854E+0 2.9500E+0
2.8857E+0 2.8910E+0
2.8860E+0 2.9510E+0
2.8863E+0 2.8910E+0
2.8866E+0 2.9530E+0
2.8869E+0 2.8920E+0
2.8872E+0 2.9530E+0
2.8875E+0 2.8910E+0
2.8878E+0 2.9520E+0
2.8881E+0 2.8940E+0
2.8884E+0 2.9530E+0
2.8887E+0 2.8920E+0
2.8890E+0 2.9530E+0
2.8893E+0 2.8940E+0
2.8896E+0 2.9570E+0
2.8899E+0 2.8940E+0
2.8902E+0 2.9550E+0
2.8905E+0 2.8960E+0
2.8908E+0 2.9560E+0
2.8911E+0 2.8960E+0
2.8914E+0 2.9570E+0
2.8917E+0 2.8970E+0
2.8920E+0 2.9590E+0
2.8923E+0 2.8980E+0
2.8926E+0 2.9600E+0
2.8929E+0 2.9010E+0
2.8932E+0 2.9600E+0
2.8935E+0 2.8980E+0
2.8938E+0 2.9590E+0
2.8941E+0 2.8990E+0
2.8944E+0 2.9610E+0
2.8947E+0 2.8980E+0
2.8950E+0 2.9590E+0
2.8953E+0 2.9000E+0
2.8956E+0 2.9600E+0
2.8959E+0 2.9000E+0
2.8962E+0 2.9610E+0
2.8965E+0 2.9010E+0
2.8968E+0 2.9620E+0
2.8971E+0 2.9000E+0
2.8974E+0 2.9610E+0
2.8977E+0 2.9030E+0
2.8980E+0 2.9620E+0
2.8983E+0 2.9010E+0
2.8986E+0 2.9630E+0
2.8989E+0 2.9040E+0
2.8992E+0 2.9670E+0
2.8995E+0 2.9040E+0
2.8998E+0 2.9640E+0
2.9001E+0 2.9050E+0
2.9004E+0 2.9650E+0
2.9007E+0 2.9040E+0
2.9010E+0 2.9650E+0
2.9013E+0 2.9050E+0
2.9016E+0 2.9680E+0
2.9019E+0 2.9050E+0
2.9022E+0 2.9670E+0
2.9025E+0 2.9090E+0
2.9028E+0 2.9680E+0
2.9031E+0 2.9070E+0
2.9034E+0 2.9680E+0
2.9037E+0 2.9080E+0
2.9040E+0 2.9710E+0
2.9043E+0 2.9080E+0
2.9046E+0 2.9700E+0
2.9049E+0 2.9110E+0
2.9052E+0 2.9720E+0
2.9055E+0 2.9120E+0
2.9058E+0 2.9730E+0
2.9061E+0 2.9120E+0
2.9064E+0 2.9740E+0
2.9067E+0 2.9110E+0
2.9070E+0 1.2140E+0
2.9073E+0 2.9140E+0
2.9076E+0 2.9730E+0
2.9079E+0 2.9120E+0
2.9082E+0 2.9740E+0
2.9085E+0 2.9140E+0
2.9088E+0 2.9770E+0
2.9091E+0 2.9140E+0
2.9094E+0 2.9750E+0
2.9097E+0 2.9160E+0
2.9100E+0 2.9760E+0
2.9103E+0 2.9160E+0
2.9106E+0 2.9770E+0
2.9109E+0 2.9170E+0
2.9112E+0 2.9790E+0
2.9115E+0 2.9170E+0
2.9118E+0 2.9800E+0
2.9121E+0 2.9210E+0
2.9124E+0 2.9800E+0
2.9127E+0 2.9190E+0
2.9130E+0 2.9800E+0
2.9133E+0 2.9190E+0
2.9136E+0 2.9820E+0
2.9139E+0 2.9200E+0
2.9142E+0 2.9810E+0
2.9145E+0 2.9210E+0
2.9148E+0 2.9830E+0
2.9151E+0 2.9220E+0
2.9154E+0 2.9840E+0
2.9157E+0 2.9230E+0
2.9160E+0 2.9850E+0
2.9163E+0 2.5520E+0
2.9166E+0 2.9840E+0
2.9169E+0 2.9250E+0
2.9172E+0 2.9860E+0
2.9175E+0 2.9240E+0
2.9178E+0 2.9870E+0
2.9181E+0 2.9270E+0
2.9184E+0 2.9900E+0
2.9187E+0 2.9270E+0
2.9190E+0 2.9870E+0
2.9193E+0 2.9270E+0
2.9196E+0 2.9880E+0
2.9199E+0 2.9260E+0
2.9202E+0 2.9870E+0
2.9205E+0 2.9260E+0
2.9208E+0 2.9890E+0
2.9211E+0 2.9260E+0
2.9214E+0 2.9880E+0
2.9217E+0 2.9300E+0
2.9220E+0 2.9890E+0
2.9223E+0 2.9270E+0
2.9226E+0 2.9880E+0
2.9229E+0 2.9280E+0
2.9232E+0 2.9920E+0
2.9235E+0 2.9290E+0
2.9238E+0 2.9900E+0
2.9241E+0 2.9300E+0
2.9244E+0 2.9920E+0
2.9247E+0 2.9310E+0
2.9250E+0 2.9930E+0
2.9253E+0 2.9320E+0
2.9256E+0 2.9940E+0
2.9259E+0 2.9310E+0
2.9262E+0 2.9930E+0
2.9265E+0 2.9340E+0
2.9268E+0 2.9940E+0
2.9271E+0 2.9320E+0
2.9274E+0 2.9940E+0
2.9277E+0 2.9330E+0
2.9280E+0 2.9970E+0
2.9283E+0 2.9340E+0
2.9286E+0 2.9950E+0
2.9289E+0 2.9360E+0
2.9292E+0 2.9970E+0
2.9295E+0 2.9350E+0
2.9298E+0 2.9970E+0
2.9301E+0 2.9360E+0
2.9304E+0 2.9990E+0
2.9307E+0 2.9370E+0
2.9310E+0 3.0000E+0
2.9313E+0 2.9400E+0
2.9316E+0 3.0000E+0
2.9319E+0 2.9380E+0
2.9322E+0 2.9990E+0
2.9325E+0 2.9390E+0
2.9328E+0 3.0020E+0
2.9331E+0 2.9380E+0
2.9334E+0 3.0000E+0
2.9337E+0 2.9410E+0
2.9340E+0 3.0020E+0
2.9343E+0 2.9400E+0
2.9346E+0 3.0020E+0
2.9349E+0 2.9410E+0
2.9352E+0 3.0030E+0
2.9355E+0 2.9410E+0
2.9358E+0 3.0030E+0
2.9361E+0 2.9440E+0
2.9364E+0 3.0050E+0
2.9367E+0 2.9420E+0
2.9370E+0 3.0040E+0
2.9373E+0 2.9440E+0
2.9376E+0 3.0080E+0
2.9379E+0 2.9450E+0
2.9382E+0 3.0050E+0
2.9385E+0 2.9450E+0
2.9388E+0 3.0060E+0
2.9391E+0 2.9440E+0
2.9394E+0 3.0070E+0
2.9397E+0 2.9450E+0
2.9400E+0 3.0080E+0
2.9403E+0 2.9460E+0
2.9406E+0 3.0080E+0
2.9409E+0 2.9490E+0
2.9412E+0 3.0090E+0
2.9415E+0 2.9460E+0
2.9418E+0 3.0090E+0
2.9421E+0 2.9480E+0
2.9424E+0 3.0120E+0
2.9427E+0 2.9480E+0
2.9430E+0 3.0110E+0
2.9433E+0 2.9510E+0
2.9436E+0 3.0130E+0
2.9439E+0 2.9510E+0
2.9442E+0 3.0130E+0
2.9445E+0 2.9510E+0
2.9448E+0 3.0130E+0
2.9451E+0 2.9500E+0
2.9454E+0 3.0130E+0
2.9457E+0 2.9530E+0
2.9460E+0 3.0140E+0
2.9463E+0 2.9510E+0
2.9466E+0 3.0130E+0
2.9469E+0 2.9520E+0
2.9472E+0 3.0170E+0
2.9475E+0 2.9530E+0
2.9478E+0 3.0150E+0
2.9481E+0 2.9540E+0
2.9484E+0 3.0160E+0
2.9487E+0 2.9540E+0
2.9490E+0 3.0160E+0
2.9493E+0 2.9540E+0
2.9496E+0 3.0180E+0
2.9499E+0 2.9550E+0
2.9502E+0 3.0180E+0
2.9505E+0 2.9590E+0
2.9508E+0 3.0190E+0
2.9511E+0 2.9570E+0
2.9514E+0 3.0190E+0
2.9517E+0 2.9570E+0
2.9520E+0 3.0210E+0
2.9523E+0 2.9570E+0
2.9526E+0 3.0190E+0
2.9529E+0 2.9590E+0
2.9532E+0 3.0210E+0
2.9535E+0 2.9590E+0
2.9538E+0 3.0220E+0
2.9541E+0 2.9600E+0
2.9544E+0 3.0230E+0
2.9547E+0 2.9600E+0
2.9550E+0 3.0230E+0
2.9553E+0 2.9630E+0
2.9556E+0 3.0250E+0
2.9559E+0 2.9620E+0
2.9562E+0 3.0250E+0
2.9565E+0 2.9640E+0
2.9568E+0 3.0290E+0
2.9571E+0 2.9650E+0
2.9574E+0 3.0260E+0
2.9577E+0 2.9660E+0
2.9580E+0 3.0270E+0
2.9583E+0 2.9650E+0
2.9586E+0 3.0270E+0
2.9589E+0 2.9660E+0
2.9592E+0 3.0290E+0
2.9595E+0 2.9660E+0
2.9598E+0 3.0290E+0
2.9601E+0 2.9700E+0
2.9604E+0 3.0300E+0
2.9607E+0 2.9670E+0
2.9610E+0 3.0290E+0
2.9613E+0 2.9680E+0
2.9616E+0 3.0330E+0
2.9619E+0 2.9690E+0
2.9622E+0 3.0310E+0
2.9625E+0 2.9710E+0
2.9628E+0 3.0330E+0
2.9631E+0 2.9710E+0
2.9634E+0 3.0340E+0
2.9637E+0 2.9720E+0
2.9640E+0 3.0350E+0
2.9643E+0 2.9710E+0
2.9646E+0 3.0350E+0
2.9649E+0 2.9750E+0
2.9652E+0 3.0360E+0
2.9655E+0 2.9730E+0
2.9658E+0 3.0360E+0
2.9661E+0 1.6590E+0
2.9664E+0 3.0390E+0
2.9667E+0 2.9750E+0
2.9670E+0 3.0370E+0
2.9673E+0 2.9770E+0
2.9676E+0 3.0380E+0
2.9679E+0 2.9760E+0
2.9682E+0 3.0390E+0
2.9685E+0 2.9770E+0
2.9688E+0 3.0420E+0
2.9691E+0 2.9790E+0
2.9694E+0 3.0430E+0
2.9697E+0 2.9810E+0
2.9700E+0 3.0420E+0
2.9703E+0 2.9780E+0
2.9706E+0 3.0400E+0
2.9709E+0 2.9780E+0
2.9712E+0 3.0430E+0
2.9715E+0 2.9780E+0
2.9718E+0 3.0410E+0
2.9721E+0 2.9800E+0
2.9724E+0 3.0420E+0
2.9727E+0 2.9800E+0
2.9730E+0 3.0430E+0
2.9733E+0 2.9810E+0
2.9736E+0 3.0440E+0
2.9739E+0 2.9800E+0
2.9742E+0 3.0430E+0
2.9745E+0 2.9830E+0
2.9748E+0 3.0440E+0
2.9751E+0 2.9820E+0
2.9754E+0 3.0450E+0
2.9757E+0 2.9830E+0
2.9760E+0 3.0490E+0
2.9763E+0 2.9840E+0
2.9766E+0 3.0460E+0
2.9769E+0 2.9850E+0
2.9772E+0 3.0460E+0
2.9775E+0 2.9840E+0
2.9778E+0 3.0470E+0
2.9781E+0 2.9850E+0
2.9784E+0 3.0480E+0
2.9787E+0 2.9850E+0
2.9790E+0 3.0480E+0
2.9793E+0 2.9880E+0
2.9796E+0 3.0490E+0
2.9799E+0 2.9860E+0
2.9802E+0 3.0490E+0
2.9805E+0 2.9880E+0
2.9808E+0 3.0520E+0
2.9811E+0 2.9880E+0
2.9814E+0 3.0510E+0
2.9817E+0 2.9910E+0
2.9820E+0 3.0530E+0
2.9823E+0 2.9910E+0
2.9826E+0 3.0540E+0
2.9829E+0 2.9910E+0
2.9832E+0 3.0550E+0
2.9835E+0 2.9900E+0
2.9838E+0 3.0530E+0
2.9841E+0 2.9930E+0
2.9844E+0 3.0550E+0
2.9847E+0 2.9910E+0
2.9850E+0 3.0540E+0
2.9853E+0 2.9920E+0
2.9856E+0 3.0580E+0
2.9859E+0 2.9930E+0
2.9862E+0 3.0550E+0
2.9865E+0 2.9940E+0
2.9868E+0 3.0570E+0
2.9871E+0 2.9930E+0
2.9874E+0 3.0570E+0
2.9877E+0 2.9950E+0
2.9880E+0 3.0590E+0
2.9883E+0 2.9950E+0
2.9886E+0 3.0600E+0
2.9889E+0 2.9990E+0
2.9892E+0 3.0600E+0
2.9895E+0 2.9960E+0
2.9898E+0 3.0590E+0
2.9901E+0 2.9970E+0
2.9904E+0 3.0620E+0
2.9907E+0 2.9970E+0
2.9910E+0 3.0600E+0
2.9913E+0 2.9990E+0
2.9916E+0 3.0620E+0
2.9919E+0 3.0000E+0
2.9922E+0 3.0630E+0
2.9925E+0 3.0010E+0
2.9928E+0 3.0640E+0
2.9931E+0 3.0000E+0
2.9934E+0 3.0640E+0
2.9937E+0 3.0030E+0
2.9940E+0 3.0650E+0
2.9943E+0 3.0020E+0
2.9946E+0 3.0660E+0
2.9949E+0 7.6000E-1
2.9952E+0 3.0700E+0
2.9955E+0 3.0050E+0
2.9958E+0 3.0670E+0
2.9961E+0 3.0050E+0
2.9964E+0 3.0670E+0
2.9967E+0 3.0040E+0
2.9970E+0 3.0670E+0
2.9973E+0 3.0050E+0
2.9976E+0 3.0690E+0
2.9979E+0 3.0040E+0
2.9982E+0 3.0680E+0
2.9985E+0 3.0080E+0
2.9988E+0 3.0690E+0
2.9991E+0 3.0050E+0
2.9994E+0 3.0680E+0
2.9997E+0 3.0060E+0
3.0000E+0 3.0710E+0
3.0003E+0 3.0070E+0
3.0006E+0 3.0700E+0
3.0009E+0 3.0090E+0
3.0012E+0 3.0720E+0
3.0015E+0 3.0090E+0
3.0018E+0 3.0730E+0
3.0021E+0 3.0100E+0
3.0024E+0 3.0730E+0
3.0027E+0 3.0090E+0
3.0030E+0 3.0730E+0
3.0033E+0 3.0120E+0
3.0036E+0 3.0740E+0
3.0039E+0 3.0110E+0
3.0042E+0 3.0740E+0
3.0045E+0 3.0120E+0
3.0048E+0 3.0770E+0
3.0051E+0 3.0120E+0
3.0054E+0 3.0750E+0
3.0057E+0 3.0140E+0
3.0060E+0 3.0770E+0
3.0063E+0 3.0130E+0
3.0066E+0 3.0770E+0
3.0069E+0 3.0150E+0
3.0072E+0 3.0790E+0
3.0075E+0 3.0150E+0
3.0078E+0 3.0800E+0
3.0081E+0 3.0190E+0
3.0084E+0 3.0810E+0
3.0087E+0 3.0160E+0
3.0090E+0 3.0800E+0
3.0093E+0 3.0180E+0
3.0096E+0 3.0830E+0
3.0099E+0 3.0180E+0
3.0102E+0 3.0800E+0
3.0105E+0 3.0190E+0
3.0108E+0 3.0820E+0
3.0111E+0 3.0190E+0
3.0114E+0 3.0820E+0
3.0117E+0 3.0200E+0
3.0120E+0 3.0840E+0
3.0123E+0 3.0190E+0
3.0126E+0 3.0830E+0
3.0129E+0 3.0220E+0
3.0132E+0 3.0850E+0
3.0135E+0 3.0220E+0
3.0138E+0 3.0860E+0
3.0141E+0 3.0240E+0
3.0144E+0 3.0900E+0
3.0147E+0 3.0240E+0
3.0150E+0 3.0870E+0
3.0153E+0 3.0250E+0
3.0156E+0 3.0880E+0
3.0159E+0 3.0240E+0
3.0162E+0 3.0880E+0
3.0165E+0 3.0250E+0
3.0168E+0 3.0900E+0
3.0171E+0 3.0260E+0
3.0174E+0 3.0900E+0
3.0177E+0 3.0290E+0
3.0180E+0 3.0910E+0
3.0183E+0 3.0270E+0
3.0186E+0 3.0910E+0
3.0189E+0 3.0290E+0
3.0192E+0 3.0940E+0
3.0195E+0 3.0290E+0
3.0198E+0 3.0930E+0
3.0201E+0 3.0320E+0
3.0204E+0 3.0960E+0
3.0207E+0 3.0330E+0
3.0210E+0 2.8860E+0
3.0213E+0 3.0320E+0
3.0216E+0 3.0960E+0
3.0219E+0 3.0300E+0
3.0222E+0 3.0950E+0
3.0225E+0 3.0330E+0
3.0228E+0 3.0950E+0
3.0231E+0 3.0310E+0
3.0234E+0 3.0950E+0
3.0237E+0 3.0330E+0
3.0240E+0 3.0990E+0
3.0243E+0 3.0330E+0
3.0246E+0 3.0970E+0
3.0249E+0 3.0350E+0
3.0252E+0 3.0980E+0
3.0255E+0 3.0340E+0
3.0258E+0 3.0980E+0
3.0261E+0 3.0350E+0
3.0264E+0 3.1000E+0
3.0267E+0 3.0350E+0
3.0270E+0 3.1010E+0
3.0273E+0 3.0400E+0
3.0276E+0 3.1010E+0
3.0279E+0 3.0370E+0
3.0282E+0 3.1000E+0
3.0285E+0 3.0370E+0
3.0288E+0 3.1030E+0
3.0291E+0 3.0380E+0
3.0294E+0 3.1010E+0
3.0297E+0 3.0390E+0
3.0300E+0 3.1030E+0
3.0303E+0 3.0400E+0
3.0306E+0 3.1030E+0
3.0309E+0 3.0410E+0
3.0312E+0 3.1050E+0
3.0315E+0 3.0400E+0
3.0318E+0 3.1050E+0
3.0321E+0 3.0430E+0
3.0324E+0 3.1060E+0
3.0327E+0 3.0420E+0
3.0330E+0 3.1070E+0
3.0333E+0 3.0440E+0
3.0336E+0 3.1110E+0
3.0339E+0 3.0440E+0
3.0342E+0 3.1070E+0
3.0345E+0 3.0460E+0
3.0348E+0 3.1090E+0
3.0351E+0 3.0440E+0
3.0354E+0 3.1080E+0
3.0357E+0 3.0450E+0
3.0360E+0 3.1100E+0
3.0363E+0 3.0450E+0
3.0366E+0 3.1100E+0
3.0369E+0 3.0480E+0
3.0372E+0 3.1110E+0
3.0375E+0 3.0460E+0
3.0378E+0 3.1100E+0
3.0381E+0 3.0480E+0
3.0384E+0 3.1130E+0
3.0387E+0 3.0480E+0
3.0390E+0 3.1110E+0
3.0393E+0 3.0490E+0
3.0396E+0 3.1130E+0
3.0399E+0 3.0500E+0
3.0402E+0 3.1140E+0
3.0405E+0 3.0510E+0
3.0408E+0 3.1150E+0
3.0411E+0 3.0500E+0
3.0414E+0 3.1150E+0
3.0417E+0 3.0540E+0
3.0420E+0 3.1160E+0
3.0423E+0 3.0520E+0
3.0426E+0 3.1160E+0
3.0429E+0 3.0540E+0
3.0432E+0 3.1200E+0
3.0435E+0 3.0540E+0
3.0438E+0 3.1180E+0
3.0441E+0 3.0560E+0
3.0444E+0 3.1200E+0
3.0447E+0 3.0560E+0
3.0450E+0 3.1200E+0
3.0453E+0 3.0570E+0
3.0456E+0 3.1220E+0
3.0459E+0 3.0570E+0
3.0462E+0 3.1230E+0
3.0465E+0 3.0610E+0
3.0468E+0 3.1230E+0
3.0471E+0 3.0580E+0
3.0474E+0 3.1220E+0
3.0477E+0 3.0590E+0
3.0480E+0 3.1240E+0
3.0483E+0 3.0590E+0
3.0486E+0 3.1220E+0
3.0489E+0 3.0600E+0
3.0492E+0 3.1240E+0
3.0495E+0 3.0600E+0
3.0498E+0 3.1250E+0
3.0501E+0 3.0610E+0
3.0504E+0 3.1260E+0
3.0507E+0 3.0600E+0
3.0510E+0 3.1250E+0
3.0513E+0 3.0640E+0
3.0516E+0 3.1270E+0
3.0519E+0 3.0620E+0
3.0522E+0 3.1270E+0
3.0525E+0 3.0640E+0
3.0528E+0 3.1320E+0
3.0531E+0 3.0650E+0
3.0534E+0 3.1280E+0
3.0537E+0 3.0660E+0
3.0540E+0 3.1290E+0
3.0543E+0 3.0650E+0
3.0546E+0 3.1290E+0
3.0549E+0 3.0660E+0
3.0552E+0 3.1310E+0
3.0555E+0 3.0660E+0
3.0558E+0 3.1320E+0
3.0561E+0 3.0700E+0
3.0564E+0 3.1320E+0
3.0567E+0 3.0680E+0
3.0570E+0 3.1320E+0
3.0573E+0 3.0690E+0
3.0576E+0 3.1360E+0
3.0579E+0 3.0690E+0
3.0582E+0 3.1340E+0
3.0585E+0 3.0720E+0
3.0588E+0 3.1360E+0
3.0591E+0 3.0720E+0
3.0594E+0 3.1370E+0
3.0597E+0 3.0730E+0
3.0600E+0 3.1380E+0
3.0603E+0 3.0720E+0
3.0606E+0 3.1370E+0
3.0609E+0 3.0740E+0
3.0612E+0 3.1380E+0
3.0615E+0 3.0720E+0
3.0618E+0 3.1370E+0
3.0621E+0 3.0740E+0
3.0624E+0 3.1410E+0
3.0627E+0 3.0750E+0
3.0630E+0 3.1390E+0
3.0633E+0 3.0760E+0
3.0636E+0 3.1400E+0
3.0639E+0 3.0750E+0
3.0642E+0 3.1400E+0
3.0645E+0 3.0770E+0
3.0648E+0 3.1430E+0
3.0651E+0 3.0770E+0
3.0654E+0 3.1430E+0
3.0657E+0 3.0810E+0
3.0660E+0 3.1440E+0
3.0663E+0 3.0780E+0
3.0666E+0 3.1430E+0
3.0669E+0 3.0790E+0
3.0672E+0 3.1450E+0
3.0675E+0 3.0790E+0
3.0678E+0 3.1440E+0
3.0681E+0 3.0810E+0
3.0684E+0 3.1460E+0
3.0687E+0 3.0810E+0
3.0690E+0 3.1470E+0
3.0693E+0 3.0830E+0
3.0696E+0 3.1490E+0
3.0699E+0 3.0830E+0
3.0702E+0 3.1480E+0
3.0705E+0 3.0860E+0
3.0708E+0 3.1500E+0
3.0711E+0 3.0840E+0
3.0714E+0 3.1510E+0
3.0717E+0 3.0870E+0
3.0720E+0 3.1510E+0
3.0723E+0 3.0840E+0
3.0726E+0 3.1480E+0
3.0729E+0 3.0850E+0
3.0732E+0 3.1480E+0
3.0735E+0 3.0840E+0
3.0738E+0 3.1490E+0
3.0741E+0 3.0840E+0
3.0744E+0 3.1500E+0
3.0747E+0 3.0840E+0
3.0750E+0 3.1500E+0
3.0753E+0 3.0880E+0
3.0756E+0 3.1510E+0
3.0759E+0 3.0850E+0
3.0762E+0 3.1500E+0
3.0765E+0 3.0860E+0
3.0768E+0 3.1520E+0
3.0771E+0 3.0860E+0
3.0774E+0 3.1510E+0
3.0777E+0 3.0880E+0
3.0780E+0 3.1530E+0
3.0783E+0 3.0880E+0
3.0786E+0 3.1540E+0
3.0789E+0 3.0890E+0
3.0792E+0 3.1540E+0
3.0795E+0 3.0880E+0
3.0798E+0 3.1530E+0
3.0801E+0 3.0910E+0
3.0804E+0 3.1540E+0
3.0807E+0 3.0890E+0
3.0810E+0 3.1540E+0
3.0813E+0 3.0910E+0
3.0816E+0 3.1580E+0
3.0819E+0 3.0910E+0
3.0822E+0 3.1560E+0
3.0825E+0 3.0930E+0
3.0828E+0 3.1570E+0
3.0831E+0 3.0920E+0
3.0834E+0 3.1580E+0
3.0837E+0 3.0940E+0
3.0840E+0 3.1610E+0
3.0843E+0 3.0940E+0
3.0846E+0 3.1610E+0
3.0849E+0 3.0980E+0
3.0852E+0 3.1610E+0
3.0855E+0 3.0950E+0
3.0858E+0 3.1600E+0
3.0861E+0 3.0960E+0
3.0864E+0 3.1630E+0
3.0867E+0 3.0960E+0
3.0870E+0 3.1600E+0
3.0873E+0 3.0970E+0
3.0876E+0 3.1630E+0
3.0879E+0 3.0970E+0
3.0882E+0 3.1630E+0
3.0885E+0 3.0980E+0
3.0888E+0 3.1640E+0
3.0891E+0 3.0970E+0
3.0894E+0 3.1630E+0
3.0897E+0 3.1000E+0
3.0900E+0 3.1640E+0
3.0903E+0 3.0980E+0
3.0906E+0 3.1650E+0
3.0909E+0 3.1010E+0
3.0912E+0 3.1690E+0
3.0915E+0 3.1010E+0
3.0918E+0 3.1660E+0
3.0921E+0 3.1020E+0
3.0924E+0 3.1670E+0
3.0927E+0 3.1010E+0
3.0930E+0 3.1670E+0
3.0933E+0 3.1020E+0
3.0936E+0 3.1690E+0
3.0939E+0 3.1030E+0
3.0942E+0 3.1690E+0
3.0945E+0 3.1060E+0
3.0948E+0 3.1700E+0
3.0951E+0 3.1040E+0
3.0954E+0 3.1700E+0
3.0957E+0 3.1050E+0
3.0960E+0 3.1730E+0
3.0963E+0 3.1060E+0
3.0966E+0 3.1720E+0
3.0969E+0 3.1090E+0
3.0972E+0 3.1740E+0
3.0975E+0 3.1100E+0
3.0978E+0 3.1740E+0
3.0981E+0 3.1090E+0
3.0984E+0 3.1760E+0
3.0987E+0 3.1090E+0
3.0990E+0 3.1740E+0
3.0993E+0 3.1110E+0
3.0996E+0 3.1750E+0
3.0999E+0 3.1090E+0
3.1002E+0 3.1750E+0
3.1005E+0 3.1110E+0
3.1008E+0 3.1780E+0
3.1011E+0 3.1110E+0
3.1014E+0 3.1760E+0
3.1017E+0 3.1120E+0
3.1020E+0 3.1770E+0
3.1023E+0 3.1120E+0
3.1026E+0 3.1770E+0
3.1029E+0 3.1130E+0
3.1032E+0 3.1800E+0
3.1035E+0 3.1130E+0
3.1038E+0 3.1800E+0
3.1041E+0 3.1170E+0
3.1044E+0 3.1810E+0
3.1047E+0 3.1150E+0
3.1050E+0 3.1800E+0
3.1053E+0 3.1160E+0
3.1056E+0 3.1830E+0
3.1059E+0 3.1150E+0
3.1062E+0 3.1800E+0
3.1065E+0 3.1170E+0
3.1068E+0 3.1820E+0
3.1071E+0 3.1170E+0
3.1074E+0 3.1830E+0
3.1077E+0 3.1190E+0
3.1080E+0 3.1850E+0
3.1083E+0 3.1170E+0
3.1086E+0 3.1840E+0
3.1089E+0 3.1210E+0
3.1092E+0 3.1850E+0
3.1095E+0 3.1200E+0
3.1098E+0 3.1860E+0
3.1101E+0 3.1220E+0
3.1104E+0 3.1910E+0
3.1107E+0 3.1220E+0
3.1110E+0 3.1870E+0
3.1113E+0 3.1240E+0
3.1116E+0 3.1890E+0
3.1119E+0 3.1230E+0
3.1122E+0 3.1880E+0
3.1125E+0 3.1230E+0
3.1128E+0 3.1910E+0
3.1131E+0 3.1230E+0
3.1134E+0 3.1900E+0
3.1137E+0 1.8070E+0
3.1140E+0 3.1910E+0
3.1143E+0 3.1240E+0
3.1146E+0 3.1900E+0
3.1149E+0 3.1260E+0
3.1152E+0 3.1930E+0
3.1155E+0 3.1260E+0
3.1158E+0 3.1920E+0
3.1161E+0 3.1280E+0
3.1164E+0 3.1940E+0
3.1167E+0 3.1290E+0
3.1170E+0 3.1950E+0
3.1173E+0 3.1300E+0
3.1176E+0 3.1960E+0
3.1179E+0 3.1290E+0
3.1182E+0 3.1950E+0
3.1185E+0 3.1320E+0
3.1188E+0 3.1960E+0
3.1191E+0 3.1300E+0
3.1194E+0 3.1970E+0
3.1197E+0 3.1320E+0
3.1200E+0 1.7220E+0
3.1203E+0 3.1330E+0
3.1206E+0 3.1980E+0
3.1209E+0 3.1350E+0
3.1212E+0 3.2000E+0
3.1215E+0 3.1340E+0
3.1218E+0 3.2010E+0
3.1221E+0 3.1350E+0
3.1224E+0 3.2030E+0
3.1227E+0 3.1360E+0
3.1230E+0 3.2040E+0
3.1233E+0 3.1400E+0
3.1236E+0 3.2040E+0
3.1239E+0 3.1360E+0
3.1242E+0 3.2020E+0
3.1245E+0 3.1370E+0
3.1248E+0 3.2050E+0
3.1251E+0 3.1370E+0
3.1254E+0 3.2020E+0
3.1257E+0 3.1390E+0
3.1260E+0 3.2040E+0
3.1263E+0 3.1380E+0
3.1266E+0 3.2040E+0
3.1269E+0 3.1390E+0
3.1272E+0 3.2050E+0
3.1275E+0 3.1380E+0
3.1278E+0 3.2040E+0
3.1281E+0 3.1410E+0
3.1284E+0 3.2060E+0
3.1287E+0 3.1390E+0
3.1290E+0 3.2060E+0
3.1293E+0 3.1410E+0
3.1296E+0 3.2100E+0
3.1299E+0 3.1410E+0
3.1302E+0 3.2070E+0
3.1305E+0 3.1420E+0
3.1308E+0 3.2080E+0
3.1311E+0 3.1420E+0
3.1314E+0 3.2080E+0
3.1317E+0 3.1430E+0
3.1320E+0 3.2100E+0
3.1323E+0 3.1430E+0
3.1326E+0 3.2100E+0
3.1329E+0 3.1460E+0
3.1332E+0 3.2100E+0
3.1335E+0 3.1440E+0
3.1338E+0 3.2100E+0
3.1341E+0 3.1450E+0
3.1344E+0 3.2140E+0
3.1347E+0 3.1460E+0
3.1350E+0 3.2120E+0
3.1353E+0 3.1480E+0
3.1356E+0 3.2140E+0
3.1359E+0 3.1480E+0
3.1362E+0 3.2150E+0
3.1365E+0 3.1490E+0
3.1368E+0 3.2160E+0
3.1371E+0 3.1480E+0
3.1374E+0 3.2150E+0
3.1377E+0 3.1510E+0
3.1380E+0 3.2160E+0
3.1383E+0 3.1490E+0
3.1386E+0 3.2160E+0
3.1389E+0 3.1510E+0
3.1392E+0 3.2200E+0
3.1395E+0 3.1510E+0
3.1398E+0 3.2170E+0
3.1401E+0 3.1530E+0
3.1404E+0 3.2180E+0
3.1407E+0 3.1520E+0
3.1410E+0 3.2180E+0
3.1413E+0 3.1530E+0
3.1416E+0 3.2200E+0
3.1419E+0 3.1530E+0
3.1422E+0 3.2210E+0
3.1425E+0 3.1570E+0
3.1428E+0 3.2220E+0
3.1431E+0 3.1550E+0
3.1434E+0 3.2200E+0
3.1437E+0 3.1550E+0
3.1440E+0 3.2240E+0
3.1443E+0 3.1560E+0
3.1446E+0 3.2220E+0
3.1449E+0 3.1570E+0
3.1452E+0 3.2240E+0
3.1455E+0 3.1570E+0
3.1458E+0 3.2240E+0
3.1461E+0 3.1580E+0
3.1464E+0 3.2260E+0
3.1467E+0 3.1580E+0
3.1470E+0 3.2260E+0
3.1473E+0 3.1620E+0
3.1476E+0 3.2270E+0
3.1479E+0 3.1600E+0
3.1482E+0 3.2280E+0
3.1485E+0 3.1630E+0
3.1488E+0 3.2310E+0
3.1491E+0 3.1630E+0
3.1494E+0 3.2280E+0
3.1497E+0 3.1640E+0
3.1500E+0 3.2290E+0
3.1503E+0 3.1620E+0
3.1506E+0 3.2290E+0
3.1509E+0 3.1620E+0
3.1512E+0 3.2300E+0
3.1515E+0 3.1630E+0
3.1518E+0 3.2300E+0
3.1521E+0 3.1660E+0
3.1524E+0 3.2310E+0
3.1527E+0 3.1640E+0
3.1530E+0 3.2300E+0
3.1533E+0 3.1650E+0
3.1536E+0 3.2330E+0
3.1539E+0 3.1650E+0
3.1542E+0 3.2310E+0
3.1545E+0 3.1670E+0
3.1548E+0 3.2330E+0
3.1551E+0 3.1670E+0
3.1554E+0 3.2340E+0
3.1557E+0 3.1680E+0
3.1560E+0 3.2350E+0
3.1563E+0 3.1670E+0
3.1566E+0 3.2340E+0
3.1569E+0 3.1700E+0
3.1572E+0 3.2350E+0
3.1575E+0 3.1680E+0
3.1578E+0 3.2350E+0
3.1581E+0 3.1700E+0
3.1584E+0 3.2390E+0
3.1587E+0 3.1700E+0
3.1590E+0 3.2360E+0
3.1593E+0 3.1720E+0
3.1596E+0 3.2380E+0
3.1599E+0 3.1710E+0
3.1602E+0 3.2390E+0
3.1605E+0 3.1720E+0
3.1608E+0 3.2410E+0
3.1611E+0 3.1730E+0
3.1614E+0 3.2420E+0
3.1617E+0 3.1770E+0
3.1620E+0 3.2420E+0
3.1623E+0 3.1750E+0
3.1626E+0 3.2410E+0
3.1629E+0 3.1750E+0
3.1632E+0 3.2440E+0
3.1635E+0 3.1750E+0
3.1638E+0 3.2410E+0
3.1641E+0 3.1770E+0
3.1644E+0 3.2440E+0
3.1647E+0 3.1760E+0
3.1650E+0 3.2440E+0
3.1653E+0 3.1770E+0
3.1656E+0 3.2450E+0
3.1659E+0 3.1770E+0
3.1662E+0 3.2450E+0
3.1665E+0 3.1800E+0
3.1668E+0 3.2460E+0
3.1671E+0 3.1790E+0
3.1674E+0 3.2470E+0
3.1677E+0 3.1810E+0
3.1680E+0 3.2510E+0
3.1683E+0 3.1820E+0
3.1686E+0 3.2480E+0
3.1689E+0 3.1830E+0
3.1692E+0 3.2490E+0
3.1695E+0 3.1820E+0
3.1698E+0 3.2500E+0
3.1701E+0 3.1840E+0
3.1704E+0 3.2520E+0
3.1707E+0 3.1840E+0
3.1710E+0 3.2520E+0
3.1713E+0 3.1880E+0
3.1716E+0 3.2530E+0
3.1719E+0 1.6020E+0
3.1722E+0 3.2530E+0
3.1725E+0 3.1870E+0
3.1728E+0 3.2570E+0
3.1731E+0 3.1880E+0
3.1734E+0 3.2550E+0
3.1737E+0 3.1900E+0
3.1740E+0 3.2580E+0
3.1743E+0 3.1910E+0
3.1746E+0 3.2560E+0
3.1749E+0 3.1900E+0
3.1752E+0 3.2580E+0
3.1755E+0 3.1890E+0
3.1758E+0 3.2560E+0
3.1761E+0 3.1910E+0
3.1764E+0 3.2570E+0
3.1767E+0 3.1890E+0
3.1770E+0 3.2560E+0
3.1773E+0 3.1910E+0
3.1776E+0 3.2610E+0
3.1779E+0 3.1910E+0
3.1782E+0 3.2570E+0
3.1785E+0 3.1920E+0
3.1788E+0 3.2590E+0
3.1791E+0 3.1910E+0
3.1794E+0 3.2590E+0
3.1797E+0 3.1920E+0
3.1800E+0 3.2610E+0
3.1803E+0 3.1920E+0
3.1806E+0 3.2620E+0
3.1809E+0 3.1970E+0
3.1812E+0 3.2620E+0
3.1815E+0 3.1940E+0
3.1818E+0 3.2610E+0
3.1821E+0 3.1950E+0
3.1824E+0 3.2630E+0
3.1827E+0 3.1950E+0
3.1830E+0 3.2620E+0
3.1833E+0 3.1970E+0
3.1836E+0 3.2640E+0
3.1839E+0 3.1960E+0
3.1842E+0 3.2640E+0
3.1845E+0 3.1970E+0
3.1848E+0 3.2660E+0
3.1851E+0 3.1970E+0
3.1854E+0 3.2650E+0
3.1857E+0 3.2000E+0
3.1860E+0 3.2660E+0
3.1863E+0 3.1990E+0
3.1866E+0 3.2670E+0
3.1869E+0 3.2010E+0
3.1872E+0 2.3150E+0
3.1875E+0 3.2020E+0
3.1878E+0 3.2680E+0
3.1881E+0 3.2020E+0
3.1884E+0 3.2680E+0
3.1887E+0 3.2010E+0
3.1890E+0 3.2690E+0
3.1893E+0 3.2020E+0
3.1896E+0 3.2710E+0
3.1899E+0 3.2020E+0
3.1902E+0 3.2700E+0
3.1905E+0 3.2050E+0
3.1908E+0 3.2710E+0
3.1911E+0 3.2030E+0
3.1914E+0 3.2700E+0
3.1917E+0 3.2040E+0
3.1920E+0 3.2730E+0
3.1923E+0 3.2040E+0
3.1926E+0 3.2720E+0
3.1929E+0 3.2060E+0
3.1932E+0 3.2740E+0
3.1935E+0 3.2070E+0
3.1938E+0 3.2740E+0
3.1941E+0 3.2070E+0
3.1944E+0 3.2760E+0
3.1947E+0 3.2060E+0
3.1950E+0 3.2740E+0
3.1953E+0 3.2090E+0
3.1956E+0 3.2760E+0
3.1959E+0 3.2070E+0
3.1962E+0 3.2750E+0
3.1965E+0 3.2100E+0
3.1968E+0 3.2790E+0
3.1971E+0 3.2100E+0
3.1974E+0 3.2770E+0
3.1977E+0 3.2120E+0
3.1980E+0 3.2790E+0
3.1983E+0 3.2110E+0
3.1986E+0 3.2790E+0
3.1989E+0 3.2130E+0
3.1992E+0 3.2820E+0
3.1995E+0 3.2130E+0
3.1998E+0 3.2830E+0
3.2001E+0 3.2170E+0
3.2004E+0 3.2820E+0
3.2007E+0 3.2140E+0
3.2010E+0 3.2810E+0
3.2013E+0 3.2150E+0
3.2016E+0 3.2840E+0
3.2019E+0 3.2140E+0
3.2022E+0 3.2820E+0
3.2025E+0 3.2160E+0
3.2028E+0 3.2830E+0
3.2031E+0 3.2160E+0
3.2034E+0 3.2840E+0
3.2037E+0 3.2170E+0
3.2040E+0 3.2850E+0
3.2043E+0 3.2160E+0
3.2046E+0 3.2850E+0
3.2049E+0 3.2200E+0
3.2052E+0 3.2860E+0
3.2055E+0 3.2180E+0
3.2058E+0 3.2860E+0
3.2061E+0 3.2200E+0
3.2064E+0 3.2910E+0
3.2067E+0 3.2210E+0
3.2070E+0 3.2880E+0
3.2073E+0 3.2220E+0
3.2076E+0 3.2880E+0
3.2079E+0 3.2210E+0
3.2082E+0 3.2890E+0
3.2085E+0 3.2220E+0
3.2088E+0 3.2900E+0
3.2091E+0 3.2210E+0
3.2094E+0 3.2910E+0
3.2097E+0 3.2250E+0
3.2100E+0 3.2920E+0
3.2103E+0 3.2230E+0
3.2106E+0 3.2910E+0
3.2109E+0 3.2250E+0
3.2112E+0 3.2950E+0
3.2115E+0 3.2250E+0
3.2118E+0 3.2930E+0
3.2121E+0 3.2280E+0
3.2124E+0 3.2960E+0
3.2127E+0 3.2280E+0
3.2130E+0 3.2960E+0
3.2133E+0 3.2280E+0
3.2136E+0 3.2970E+0
3.2139E+0 3.2270E+0
3.2142E+0 3.2950E+0
3.2145E+0 3.2300E+0
3.2148E+0 3.2960E+0
3.2151E+0 3.2280E+0
3.2154E+0 3.2960E+0
3.2157E+0 3.2300E+0
3.2160E+0 3.3000E+0
3.2163E+0 3.2300E+0
3.2166E+0 3.2980E+0
3.2169E+0 3.2310E+0
3.2172E+0 3.2990E+0
3.2175E+0 3.2310E+0
3.2178E+0 3.2990E+0
3.2181E+0 3.2320E+0
3.2184E+0 3.3020E+0
3.2187E+0 3.2310E+0
3.2190E+0 3.3030E+0
3.2193E+0 3.2370E+0
3.2196E+0 3.3030E+0
3.2199E+0 3.2340E+0
3.2202E+0 3.3020E+0
3.2205E+0 3.2350E+0
3.2208E+0 3.3050E+0
3.2211E+0 3.2360E+0
3.2214E+0 3.3030E+0
3.2217E+0 3.2370E+0
3.2220E+0 3.3060E+0
3.2223E+0 3.2380E+0
3.2226E+0 3.3060E+0
3.2229E+0 3.2390E+0
3.2232E+0 3.3080E+0
3.2235E+0 3.2380E+0
3.2238E+0 3.3080E+0
3.2241E+0 4.8700E-1
3.2244E+0 3.3090E+0
3.2247E+0 3.2410E+0
3.2250E+0 3.3100E+0
3.2253E+0 3.2430E+0
3.2256E+0 3.3140E+0
3.2259E+0 3.2430E+0
3.2262E+0 3.3100E+0
3.2265E+0 3.2440E+0
3.2268E+0 3.3110E+0
3.2271E+0 3.2420E+0
3.2274E+0 3.3110E+0
3.2277E+0 3.2430E+0
3.2280E+0 3.3120E+0
3.2283E+0 3.2430E+0
3.2286E+0 3.3120E+0
3.2289E+0 3.2470E+0
3.2292E+0 3.3130E+0
3.2295E+0 3.2440E+0
3.2298E+0 3.3120E+0
3.2301E+0 3.2450E+0
3.2304E+0 3.3150E+0
3.2307E+0 3.2450E+0
3.2310E+0 3.3130E+0
3.2313E+0 3.2480E+0
3.2316E+0 3.3160E+0
3.2319E+0 3.2480E+0
3.2322E+0 3.3170E+0
3.2325E+0 3.2490E+0
3.2328E+0 3.3170E+0
3.2331E+0 3.2480E+0
3.2334E+0 3.3160E+0
3.2337E+0 3.2510E+0
3.2340E+0 3.3170E+0
3.2343E+0 3.2490E+0
3.2346E+0 3.3170E+0
3.2349E+0 3.2500E+0
3.2352E+0 3.3220E+0
3.2355E+0 3.2510E+0
3.2358E+0 3.3190E+0
3.2361E+0 3.2520E+0
3.2364E+0 3.3200E+0
3.2367E+0 3.2520E+0
3.2370E+0 3.3210E+0
3.2373E+0 3.2530E+0
3.2376E+0 3.3230E+0
3.2379E+0 3.2540E+0
3.2382E+0 3.3240E+0
3.2385E+0 3.2580E+0
3.2388E+0 3.3240E+0
3.2391E+0 3.2540E+0
3.2394E+0 3.3230E+0
3.2397E+0 3.2550E+0
3.2400E+0 3.3260E+0
3.2403E+0 3.2550E+0
3.2406E+0 3.3230E+0
3.2409E+0 3.2560E+0
3.2412E+0 3.3250E+0
3.2415E+0 3.2560E+0
3.2418E+0 3.3250E+0
3.2421E+0 3.2570E+0
3.2424E+0 3.3270E+0
3.2427E+0 3.2570E+0
3.2430E+0 3.3260E+0
3.2433E+0 3.2600E+0
3.2436E+0 3.3270E+0
3.2439E+0 3.2580E+0
3.2442E+0 3.3280E+0
3.2445E+0 3.2600E+0
3.2448E+0 3.3320E+0
3.2451E+0 3.2610E+0
3.2454E+0 3.3290E+0
3.2457E+0 3.2630E+0
3.2460E+0 3.3300E+0
3.2463E+0 3.2610E+0
3.2466E+0 3.3300E+0
3.2469E+0 3.2620E+0
3.2472E+0 3.3320E+0
3.2475E+0 3.2620E+0
3.2478E+0 3.3320E+0
3.2481E+0 3.2660E+0
3.2484E+0 3.3330E+0
3.2487E+0 3.2640E+0
3.2490E+0 3.3330E+0
3.2493E+0 3.2660E+0
3.2496E+0 3.3370E+0
3.2499E+0 3.2670E+0
3.2502E+0 3.3360E+0
3.2505E+0 3.2700E+0
3.2508E+0 3.3380E+0
3.2511E+0 3.2700E+0
3.2514E+0 3.3380E+0
3.2517E+0 3.2700E+0
3.2520E+0 3.3390E+0
3.2523E+0 3.2680E+0
3.2526E+0 3.3380E+0
3.2529E+0 3.2710E+0
3.2532E+0 3.3390E+0
3.2535E+0 3.2690E+0
3.2538E+0 3.3380E+0
3.2541E+0 3.2710E+0
3.2544E+0 3.3420E+0
3.2547E+0 3.2710E+0
3.2550E+0 3.3390E+0
3.2553E+0 3.2730E+0
3.2556E+0 3.3410E+0
3.2559E+0 3.2720E+0
3.2562E+0 3.3410E+0
3.2565E+0 3.2730E+0
3.2568E+0 3.3430E+0
3.2571E+0 3.2730E+0
3.2574E+0 3.3440E+0
3.2577E+0 3.2780E+0
3.2580E+0 3.3450E+0
3.2583E+0 3.2750E+0
3.2586E+0 3.3430E+0
3.2589E+0 3.2760E+0
3.2592E+0 3.3470E+0
3.2595E+0 3.2760E+0
3.2598E+0 3.3440E+0
3.2601E+0 3.2770E+0
3.2604E+0 3.3470E+0
3.2607E+0 3.2770E+0
3.2610E+0 3.3460E+0
3.2613E+0 3.2790E+0
3.2616E+0 3.3490E+0
3.2619E+0 3.2780E+0
3.2622E+0 3.3480E+0
3.2625E+0 3.2820E+0
3.2628E+0 3.3500E+0
3.2631E+0 3.2810E+0
3.2634E+0 3.3510E+0
3.2637E+0 3.2830E+0
3.2640E+0 3.3550E+0
3.2643E+0 3.2840E+0
3.2646E+0 3.3520E+0
3.2649E+0 3.2850E+0
3.2652E+0 3.3530E+0
3.2655E+0 3.2840E+0
3.2658E+0 3.3530E+0
3.2661E+0 3.2850E+0
3.2664E+0 3.3550E+0
3.2667E+0 3.2840E+0
3.2670E+0 3.3550E+0
3.2673E+0 3.2880E+0
3.2676E+0 3.3560E+0
3.2679E+0 3.2860E+0
3.2682E+0 3.3550E+0
3.2685E+0 3.2870E+0
3.2688E+0 3.3590E+0
3.2691E+0 3.2870E+0
3.2694E+0 3.3570E+0
3.2697E+0 3.2900E+0
3.2700E+0 3.3590E+0
3.2703E+0 3.2900E+0
3.2706E+0 3.3600E+0
3.2709E+0 3.2910E+0
3.2712E+0 3.3610E+0
3.2715E+0 3.2900E+0
3.2718E+0 3.3600E+0
3.2721E+0 3.2930E+0
3.2724E+0 3.3610E+0
3.2727E+0 3.2910E+0
3.2730E+0 3.3610E+0
3.2733E+0 3.2930E+0
3.2736E+0 3.3650E+0
3.2739E+0 3.2940E+0
3.2742E+0 3.3630E+0
3.2745E+0 3.2960E+0
3.2748E+0 3.3650E+0
3.2751E+0 3.2950E+0
3.2754E+0 3.3650E+0
3.2757E+0 3.2970E+0
3.2760E+0 3.3680E+0
3.2763E+0 3.2980E+0
3.2766E+0 3.3690E+0
3.2769E+0 3.2510E+0
3.2772E+0 3.3180E+0
3.2775E+0 3.2470E+0
3.2778E+0 3.3160E+0
3.2781E+0 3.2480E+0
3.2784E+0 3.3190E+0
3.2787E+0 3.2470E+0
3.2790E+0 3.3170E+0
3.2793E+0 3.2490E+0
3.2796E+0 3.3180E+0
3.2799E+0 3.2480E+0
3.2802E+0 3.3180E+0
3.2805E+0 3.2490E+0
3.2808E+0 3.3190E+0
3.2811E+0 3.2490E+0
3.2814E+0 3.3190E+0
3.2817E+0 3.2520E+0
3.2820E+0 3.3200E+0
3.2823E+0 3.2500E+0
3.2826E+0 3.3200E+0
3.2829E+0 3.2520E+0
3.2832E+0 3.3250E+0
3.2835E+0 3.2530E+0
3.2838E+0 3.3210E+0
3.2841E+0 3.2530E+0
3.2844E+0 3.3220E+0
3.2847E+0 3.2520E+0
3.2850E+0 3.3220E+0
3.2853E+0 3.2530E+0
3.2856E+0 3.3230E+0
3.2859E+0 3.2530E+0
3.2862E+0 3.3230E+0
3.2865E+0 3.2560E+0
3.2868E+0 3.3240E+0
3.2871E+0 3.2540E+0
3.2874E+0 3.3240E+0
3.2877E+0 3.2560E+0
3.2880E+0 3.3270E+0
3.2883E+0 3.2560E+0
3.2886E+0 3.3260E+0
3.2889E+0 3.2580E+0
3.2892E+0 3.3280E+0
3.2895E+0 3.2580E+0
3.2898E+0 3.3290E+0
3.2901E+0 3.2590E+0
3.2904E+0 3.3290E+0
3.2907E+0 3.2580E+0
3.2910E+0 3.3280E+0
3.2913E+0 3.2610E+0
3.2916E+0 3.3290E+0
3.2919E+0 3.2580E+0
3.2922E+0 3.3290E+0
3.2925E+0 3.2610E+0
3.2928E+0 3.3330E+0
3.2931E+0 3.2610E+0
3.2934E+0 3.3300E+0
3.2937E+0 3.2620E+0
3.2940E+0 3.3310E+0
3.2943E+0 3.2610E+0
3.2946E+0 3.3310E+0
3.2949E+0 3.2630E+0
3.2952E+0 3.3340E+0
3.2955E+0 3.2630E+0
3.2958E+0 3.3340E+0
3.2961E+0 3.2670E+0
3.2964E+0 3.3350E+0
3.2967E+0 3.2640E+0
3.2970E+0 3.3340E+0
3.2973E+0 3.2660E+0
3.2976E+0 3.3380E+0
3.2979E+0 3.2660E+0
3.2982E+0 3.3350E+0
3.2985E+0 3.2680E+0
3.2988E+0 3.3370E+0
3.2991E+0 3.2680E+0
3.2994E+0 3.3380E+0
