2.4000E+0 2.4580E+0
2.4003E+0 2.4060E+0
2.4006E+0 2.4560E+0
2.4009E+0 2.4070E+0
2.4012E+0 2.4570E+0
2.4015E+0 2.4070E+0
2.4018E+0 2.4580E+0
2.4021E+0 2.4080E+0
2.4024E+0 2.4600E+0
2.4027E+0 2.4080E+0
2.4030E+0 2.4600E+0
2.4033E+0 2.4120E+0
2.4036E+0 2.4610E+0
2.4039E+0 2.4110E+0
2.4042E+0 2.4610E+0
2.4045E+0 2.4120E+0
2.4048E+0 2.4640E+0
2.4051E+0 2.4130E+0
2.4054E+0 2.4640E+0
2.4057E+0 2.4150E+0
2.4060E+0 2.4650E+0
2.4063E+0 2.4150E+0
2.4066E+0 2.4660E+0
2.4069E+0 2.4150E+0
2.4072E+0 2.4660E+0
2.4075E+0 2.4140E+0
2.4078E+0 2.4650E+0
2.4081E+0 2.4170E+0
2.4084E+0 2.4670E+0
2.4087E+0 2.4150E+0
2.4090E+0 2.4660E+0
2.4093E+0 2.4160E+0
2.4096E+0 2.4690E+0
2.4099E+0 2.4170E+0
2.4102E+0 2.4670E+0
2.4105E+0 2.4180E+0
2.4108E+0 2.4680E+0
2.4111E+0 2.4170E+0
2.4114E+0 2.4680E+0
2.4117E+0 2.4190E+0
2.4120E+0 2.4710E+0
2.4123E+0 2.4190E+0
2.4126E+0 2.4710E+0
2.4129E+0 2.4220E+0
2.4132E+0 2.4710E+0
2.4135E+0 2.4200E+0
2.4138E+0 2.4700E+0
2.4141E+0 2.4210E+0
2.4144E+0 2.4730E+0
2.4147E+0 2.4210E+0
2.4150E+0 2.4720E+0
2.4153E+0 2.4220E+0
2.4156E+0 2.4730E+0
2.4159E+0 2.4230E+0
2.4162E+0 2.4740E+0
2.4165E+0 2.4240E+0
2.4168E+0 2.4740E+0
2.4171E+0 2.4230E+0
2.4174E+0 2.4740E+0
2.4177E+0 2.4260E+0
2.4180E+0 2.4760E+0
2.4183E+0 2.4250E+0
2.4186E+0 2.4760E+0
2.4189E+0 2.4260E+0
2.4192E+0 2.4800E+0
2.4195E+0 2.4280E+0
2.4198E+0 2.4770E+0
2.4201E+0 2.4280E+0
2.4204E+0 2.4780E+0
2.4207E+0 2.4270E+0
2.4210E+0 2.4780E+0
2.4213E+0 2.4280E+0
2.4216E+0 2.4800E+0
2.4219E+0 2.4280E+0
2.4222E+0 2.4800E+0
2.4225E+0 2.4320E+0
2.4228E+0 2.4800E+0
2.4231E+0 2.4290E+0
2.4234E+0 2.4810E+0
2.4237E+0 2.4310E+0
2.4240E+0 2.4830E+0
2.4243E+0 2.4310E+0
2.4246E+0 2.4820E+0
2.4249E+0 2.4330E+0
2.4252E+0 2.4840E+0
2.4255E+0 2.4340E+0
2.4258E+0 2.4850E+0
2.4261E+0 2.4340E+0
2.4264E+0 2.4860E+0
2.4267E+0 1.6420E+0
2.4270E+0 2.4850E+0
2.4273E+0 2.4360E+0
2.4276E+0 2.4860E+0
2.4279E+0 2.4350E+0
2.4282E+0 2.4860E+0
2.4285E+0 2.4370E+0
2.4288E+0 2.4890E+0
2.4291E+0 2.4370E+0
2.4294E+0 2.4880E+0
2.4297E+0 2.4380E+0
2.4300E+0 2.4890E+0
2.4303E+0 2.4380E+0
2.4306E+0 2.4900E+0
2.4309E+0 2.4400E+0
2.4312E+0 2.4920E+0
2.4315E+0 2.4400E+0
2.4318E+0 2.4920E+0
2.4321E+0 2.4430E+0
2.4324E+0 2.4920E+0
2.4327E+0 2.4400E+0
2.4330E+0 2.4910E+0
2.4333E+0 2.4410E+0
2.4336E+0 2.4940E+0
2.4339E+0 2.4420E+0
2.4342E+0 2.4920E+0
2.4345E+0 2.4430E+0
2.4348E+0 2.4940E+0
2.4351E+0 2.4430E+0
2.4354E+0 2.4940E+0
2.4357E+0 2.4440E+0
2.4360E+0 2.4960E+0
2.4363E+0 2.4430E+0
2.4366E+0 2.4950E+0
2.4369E+0 2.4460E+0
2.4372E+0 2.4960E+0
2.4375E+0 2.4450E+0
2.4378E+0 2.4960E+0
2.4381E+0 2.4470E+0
2.4384E+0 2.5000E+0
2.4387E+0 2.4480E+0
2.4390E+0 2.4980E+0
2.4393E+0 2.4490E+0
2.4396E+0 2.4990E+0
2.4399E+0 2.4480E+0
2.4402E+0 2.4990E+0
2.4405E+0 2.4490E+0
2.4408E+0 2.5010E+0
2.4411E+0 2.4490E+0
2.4414E+0 2.5010E+0
2.4417E+0 2.4520E+0
2.4420E+0 2.5020E+0
2.4423E+0 2.4510E+0
2.4426E+0 2.5010E+0
2.4429E+0 2.4520E+0
2.4432E+0 2.5050E+0
2.4435E+0 2.4520E+0
2.4438E+0 2.5040E+0
2.4441E+0 2.4540E+0
2.4444E+0 2.5060E+0
2.4447E+0 2.4550E+0
2.4450E+0 2.5070E+0
2.4453E+0 2.4560E+0
2.4456E+0 2.5070E+0
2.4459E+0 2.4550E+0
2.4462E+0 2.5070E+0
2.4465E+0 2.4570E+0
2.4468E+0 2.5080E+0
2.4471E+0 2.4560E+0
2.4474E+0 2.5080E+0
2.4477E+0 2.4580E+0
2.4480E+0 2.5110E+0
2.4483E+0 2.4580E+0
2.4486E+0 2.5090E+0
2.4489E+0 2.4590E+0
2.4492E+0 2.5100E+0
2.4495E+0 2.4590E+0
2.4498E+0 2.5110E+0
2.4501E+0 2.4610E+0
2.4504E+0 2.5130E+0
2.4507E+0 2.4610E+0
2.4510E+0 2.5130E+0
2.4513E+0 2.4640E+0
2.4516E+0 2.5150E+0
2.4519E+0 2.4620E+0
2.4522E+0 2.5140E+0
2.4525E+0 2.4630E+0
2.4528E+0 2.5160E+0
2.4531E+0 2.4630E+0
2.4534E+0 2.5150E+0
2.4537E+0 2.4650E+0
2.4540E+0 2.5170E+0
2.4543E+0 2.4650E+0
2.4546E+0 2.5180E+0
2.4549E+0 2.4660E+0
2.4552E+0 2.5190E+0
2.4555E+0 2.4660E+0
2.4558E+0 2.5190E+0
2.4561E+0 2.4690E+0
2.4564E+0 2.5200E+0
2.4567E+0 2.4680E+0
2.4570E+0 2.5210E+0
2.4573E+0 2.4710E+0
2.4576E+0 2.5110E+0
2.4579E+0 2.4590E+0
2.4582E+0 2.5090E+0
2.4585E+0 2.4590E+0
2.4588E+0 2.5100E+0
2.4591E+0 2.4580E+0
2.4594E+0 2.5110E+0
2.4597E+0 2.4590E+0
2.4600E+0 2.5120E+0
2.4603E+0 2.4590E+0
2.4606E+0 2.5110E+0
2.4609E+0 2.4620E+0
2.4612E+0 2.5120E+0
2.4615E+0 2.4600E+0
2.4618E+0 2.5120E+0
2.4621E+0 2.4610E+0
2.4624E+0 2.5140E+0
2.4627E+0 2.4610E+0
2.4630E+0 2.5130E+0
2.4633E+0 2.4630E+0
2.4636E+0 2.5150E+0
2.4639E+0 2.4630E+0
2.4642E+0 2.5150E+0
2.4645E+0 2.4640E+0
2.4648E+0 2.5160E+0
2.4651E+0 2.4630E+0
2.4654E+0 2.5150E+0
2.4657E+0 2.4660E+0
2.4660E+0 2.5160E+0
2.4663E+0 2.4640E+0
2.4666E+0 2.5160E+0
2.4669E+0 2.4660E+0
2.4672E+0 2.5190E+0
2.4675E+0 2.4660E+0
2.4678E+0 2.5180E+0
2.4681E+0 2.4680E+0
2.4684E+0 2.5190E+0
2.4687E+0 2.4670E+0
2.4690E+0 2.5190E+0
2.4693E+0 2.4680E+0
2.4696E+0 2.5210E+0
2.4699E+0 2.4690E+0
2.4702E+0 2.5210E+0
2.4705E+0 2.4720E+0
2.4708E+0 2.5220E+0
2.4711E+0 2.4700E+0
2.4714E+0 2.5210E+0
2.4717E+0 2.4700E+0
2.4720E+0 2.5230E+0
2.4723E+0 2.4710E+0
2.4726E+0 2.5220E+0
2.4729E+0 2.4720E+0
2.4732E+0 2.5240E+0
2.4735E+0 2.4720E+0
2.4738E+0 2.5240E+0
2.4741E+0 2.4730E+0
2.4744E+0 2.5250E+0
2.4747E+0 2.4730E+0
2.4750E+0 2.5250E+0
2.4753E+0 2.4750E+0
2.4756E+0 2.5260E+0
2.4759E+0 2.4740E+0
2.4762E+0 2.5260E+0
2.4765E+0 2.4760E+0
2.4768E+0 2.5300E+0
2.4771E+0 2.4760E+0
2.4774E+0 2.5280E+0
2.4777E+0 2.4770E+0
2.4780E+0 2.5290E+0
2.4783E+0 2.4770E+0
2.4786E+0 2.5290E+0
2.4789E+0 2.4780E+0
2.4792E+0 2.5310E+0
2.4795E+0 2.4780E+0
2.4798E+0 2.5310E+0
2.4801E+0 2.4820E+0
2.4804E+0 2.5320E+0
2.4807E+0 2.4800E+0
2.4810E+0 2.5320E+0
2.4813E+0 2.4810E+0
2.4816E+0 2.5350E+0
2.4819E+0 2.4820E+0
2.4822E+0 2.5340E+0
2.4825E+0 2.4830E+0
2.4828E+0 2.5360E+0
2.4831E+0 2.4840E+0
2.4834E+0 2.5350E+0
2.4837E+0 2.4840E+0
2.4840E+0 2.5360E+0
2.4843E+0 2.4820E+0
2.4846E+0 2.5350E+0
2.4849E+0 2.4850E+0
2.4852E+0 2.5360E+0
2.4855E+0 2.4830E+0
2.4858E+0 2.5350E+0
2.4861E+0 2.4850E+0
2.4864E+0 2.5380E+0
2.4867E+0 2.4850E+0
2.4870E+0 2.5370E+0
2.4873E+0 2.4860E+0
2.4876E+0 2.5380E+0
2.4879E+0 2.4860E+0
2.4882E+0 2.5380E+0
2.4885E+0 2.4870E+0
2.4888E+0 2.5390E+0
2.4891E+0 2.4870E+0
2.4894E+0 2.5400E+0
2.4897E+0 2.4900E+0
2.4900E+0 2.5410E+0
2.4903E+0 2.4880E+0
2.4906E+0 2.5400E+0
2.4909E+0 2.4890E+0
2.4912E+0 2.5430E+0
2.4915E+0 2.4890E+0
2.4918E+0 2.5410E+0
2.4921E+0 2.4910E+0
2.4924E+0 2.5430E+0
2.4927E+0 2.4910E+0
2.4930E+0 2.5430E+0
2.4933E+0 2.4920E+0
2.4936E+0 2.5450E+0
2.4939E+0 2.4920E+0
2.4942E+0 2.5450E+0
2.4945E+0 2.4950E+0
2.4948E+0 2.5460E+0
2.4951E+0 2.4940E+0
2.4954E+0 2.5460E+0
2.4957E+0 2.4950E+0
2.4960E+0 2.5500E+0
2.4963E+0 2.4960E+0
2.4966E+0 2.5470E+0
2.4969E+0 2.4960E+0
2.4972E+0 2.5480E+0
2.4975E+0 2.4960E+0
2.4978E+0 2.5480E+0
2.4981E+0 2.4960E+0
2.4984E+0 2.5490E+0
2.4987E+0 2.4970E+0
2.4990E+0 2.5490E+0
2.4993E+0 2.5000E+0
2.4996E+0 2.5510E+0
2.4999E+0 2.4980E+0
2.5002E+0 2.5500E+0
2.5005E+0 2.4990E+0
2.5008E+0 2.5530E+0
2.5011E+0 2.5000E+0
2.5014E+0 2.5520E+0
2.5017E+0 2.5010E+0
2.5020E+0 2.5540E+0
2.5023E+0 2.5020E+0
2.5026E+0 2.5550E+0
2.5029E+0 2.5030E+0
2.5032E+0 2.5560E+0
2.5035E+0 2.5020E+0
2.5038E+0 2.5550E+0
2.5041E+0 2.5050E+0
2.5044E+0 2.5560E+0
2.5047E+0 2.5040E+0
2.5050E+0 2.5560E+0
2.5053E+0 2.5060E+0
2.5056E+0 2.5600E+0
2.5059E+0 2.5060E+0
2.5062E+0 2.5580E+0
2.5065E+0 2.5080E+0
2.5068E+0 2.5600E+0
2.5071E+0 2.5070E+0
2.5074E+0 2.5600E+0
2.5077E+0 2.5080E+0
2.5080E+0 2.5620E+0
2.5083E+0 2.5090E+0
2.5086E+0 2.5620E+0
2.5089E+0 2.5120E+0
2.5092E+0 2.5620E+0
2.5095E+0 2.5090E+0
2.5098E+0 2.5620E+0
2.5101E+0 2.5110E+0
2.5104E+0 2.5640E+0
2.5107E+0 2.5100E+0
2.5110E+0 2.5630E+0
2.5113E+0 2.5120E+0
2.5116E+0 2.5640E+0
2.5119E+0 2.5120E+0
2.5122E+0 2.5650E+0
2.5125E+0 2.5130E+0
2.5128E+0 2.5660E+0
2.5131E+0 2.5120E+0
2.5134E+0 2.5650E+0
2.5137E+0 2.5150E+0
2.5140E+0 2.5670E+0
2.5143E+0 2.5140E+0
2.5146E+0 2.5660E+0
2.5149E+0 2.5150E+0
2.5152E+0 2.5700E+0
2.5155E+0 2.5150E+0
2.5158E+0 2.5670E+0
2.5161E+0 2.5170E+0
2.5164E+0 2.5680E+0
2.5167E+0 2.5160E+0
2.5170E+0 2.5680E+0
2.5173E+0 2.5170E+0
2.5176E+0 2.5700E+0
2.5179E+0 2.5160E+0
2.5182E+0 2.5700E+0
2.5185E+0 2.5190E+0
2.5188E+0 2.5710E+0
2.5191E+0 2.5180E+0
2.5194E+0 2.5710E+0
2.5197E+0 2.5190E+0
2.5200E+0 2.5740E+0
2.5203E+0 2.5200E+0
2.5206E+0 2.5730E+0
2.5209E+0 2.5220E+0
2.5212E+0 2.5750E+0
2.5215E+0 2.5220E+0
2.5218E+0 2.5750E+0
2.5221E+0 2.5220E+0
2.5224E+0 2.5760E+0
2.5227E+0 2.5220E+0
2.5230E+0 2.5750E+0
2.5233E+0 2.5240E+0
2.5236E+0 2.5760E+0
2.5239E+0 2.5230E+0
2.5242E+0 2.5760E+0
2.5245E+0 2.5240E+0
2.5248E+0 2.5790E+0
2.5251E+0 2.5250E+0
2.5254E+0 2.5770E+0
2.5257E+0 2.5260E+0
2.5260E+0 2.5780E+0
2.5263E+0 2.5250E+0
2.5266E+0 2.5780E+0
2.5269E+0 2.5260E+0
2.5272E+0 2.5800E+0
2.5275E+0 2.5270E+0
2.5278E+0 2.5810E+0
2.5281E+0 2.5300E+0
2.5284E+0 2.5810E+0
2.5287E+0 2.5280E+0
2.5290E+0 2.5810E+0
2.5293E+0 2.5290E+0
2.5296E+0 2.5840E+0
2.5299E+0 2.5290E+0
2.5302E+0 2.5810E+0
2.5305E+0 2.5300E+0
2.5308E+0 2.5840E+0
2.5311E+0 2.5310E+0
2.5314E+0 2.5840E+0
2.5317E+0 2.5320E+0
2.5320E+0 2.5860E+0
2.5323E+0 2.5310E+0
2.5326E+0 2.5860E+0
2.5329E+0 2.5340E+0
2.5332E+0 2.5870E+0
2.5335E+0 2.5330E+0
2.5338E+0 2.5870E+0
2.5341E+0 2.5350E+0
2.5344E+0 2.5900E+0
2.5347E+0 2.5360E+0
2.5350E+0 2.5880E+0
2.5353E+0 2.5360E+0
2.5356E+0 2.5880E+0
2.5359E+0 2.5360E+0
2.5362E+0 2.5890E+0
2.5365E+0 2.5370E+0
2.5368E+0 2.5900E+0
2.5371E+0 2.5370E+0
2.5374E+0 2.5900E+0
2.5377E+0 2.5400E+0
2.5380E+0 2.5910E+0
2.5383E+0 2.5380E+0
2.5386E+0 2.5910E+0
2.5389E+0 2.5390E+0
2.5392E+0 2.5940E+0
2.5395E+0 2.5390E+0
2.5398E+0 2.5930E+0
2.5401E+0 2.5420E+0
2.5404E+0 2.5950E+0
2.5407E+0 2.5420E+0
2.5410E+0 2.5950E+0
2.5413E+0 2.5430E+0
2.5416E+0 2.5960E+0
2.5419E+0 2.5420E+0
2.5422E+0 2.5950E+0
2.5425E+0 2.5450E+0
2.5428E+0 2.5960E+0
2.5431E+0 2.5430E+0
2.5434E+0 2.5960E+0
2.5437E+0 2.5450E+0
2.5440E+0 2.6000E+0
2.5443E+0 2.5450E+0
2.5446E+0 2.5980E+0
2.5449E+0 2.5460E+0
2.5452E+0 2.6000E+0
2.5455E+0 2.5470E+0
2.5458E+0 2.6000E+0
2.5461E+0 2.5480E+0
2.5464E+0 2.6020E+0
2.5467E+0 2.5480E+0
2.5470E+0 2.6020E+0
2.5473E+0 2.5520E+0
2.5476E+0 2.6030E+0
2.5479E+0 2.5490E+0
2.5482E+0 2.6030E+0
2.5485E+0 2.5500E+0
2.5488E+0 2.6050E+0
2.5491E+0 2.5500E+0
2.5494E+0 2.6030E+0
2.5497E+0 2.5520E+0
2.5500E+0 2.6050E+0
2.5503E+0 2.5520E+0
2.5506E+0 2.6050E+0
2.5509E+0 2.5520E+0
2.5512E+0 2.6060E+0
2.5515E+0 2.5520E+0
2.5518E+0 2.6060E+0
2.5521E+0 2.5550E+0
2.5524E+0 2.6070E+0
2.5527E+0 2.5540E+0
2.5530E+0 2.6080E+0
2.5533E+0 2.5560E+0
2.5536E+0 2.6110E+0
2.5539E+0 2.5560E+0
2.5542E+0 2.6090E+0
2.5545E+0 2.5570E+0
2.5548E+0 2.6110E+0
2.5551E+0 2.5570E+0
2.5554E+0 2.6100E+0
2.5557E+0 2.5580E+0
2.5560E+0 2.6120E+0
2.5563E+0 2.5580E+0
2.5566E+0 2.6120E+0
2.5569E+0 2.5610E+0
2.5572E+0 2.6130E+0
2.5575E+0 2.5590E+0
2.5578E+0 2.6130E+0
2.5581E+0 2.5600E+0
2.5584E+0 2.6160E+0
2.5587E+0 2.5620E+0
2.5590E+0 2.6150E+0
2.5593E+0 2.5630E+0
2.5596E+0 2.6180E+0
2.5599E+0 2.5640E+0
2.5602E+0 2.6160E+0
2.5605E+0 2.5630E+0
2.5608E+0 2.6170E+0
2.5611E+0 2.5620E+0
2.5614E+0 2.6160E+0
2.5617E+0 2.5640E+0
2.5620E+0 2.6160E+0
2.5623E+0 2.5620E+0
2.5626E+0 2.6160E+0
2.5629E+0 2.5640E+0
2.5632E+0 2.6190E+0
2.5635E+0 2.5640E+0
2.5638E+0 2.6170E+0
2.5641E+0 2.5650E+0
2.5644E+0 2.6180E+0
2.5647E+0 2.5640E+0
2.5650E+0 2.6190E+0
2.5653E+0 2.5660E+0
2.5656E+0 2.6200E+0
2.5659E+0 2.5660E+0
2.5662E+0 2.6210E+0
2.5665E+0 2.5690E+0
2.5668E+0 2.6220E+0
2.5671E+0 2.5670E+0
2.5674E+0 2.6210E+0
2.5677E+0 2.5680E+0
2.5680E+0 2.6230E+0
2.5683E+0 2.5680E+0
2.5686E+0 2.6210E+0
2.5689E+0 2.5690E+0
2.5692E+0 2.6230E+0
2.5695E+0 2.5700E+0
2.5698E+0 2.6240E+0
2.5701E+0 2.5700E+0
2.5704E+0 2.6250E+0
2.5707E+0 2.5700E+0
2.5710E+0 2.6240E+0
2.5713E+0 2.5730E+0
2.5716E+0 2.6260E+0
2.5719E+0 2.5720E+0
2.5722E+0 2.6260E+0
2.5725E+0 2.5740E+0
2.5728E+0 2.6300E+0
2.5731E+0 2.5750E+0
2.5734E+0 2.6270E+0
2.5737E+0 2.5750E+0
2.5740E+0 2.6290E+0
2.5743E+0 2.5740E+0
2.5746E+0 2.6280E+0
2.5749E+0 2.5750E+0
2.5752E+0 2.6300E+0
2.5755E+0 2.5750E+0
2.5758E+0 2.6300E+0
2.5761E+0 2.5780E+0
2.5764E+0 2.6300E+0
2.5767E+0 2.5760E+0
2.5770E+0 2.6300E+0
2.5773E+0 2.5770E+0
2.5776E+0 2.6330E+0
2.5779E+0 2.5780E+0
2.5782E+0 2.6320E+0
2.5785E+0 2.5790E+0
2.5788E+0 2.6340E+0
2.5791E+0 2.5800E+0
2.5794E+0 2.6340E+0
2.5797E+0 2.5810E+0
2.5800E+0 2.6350E+0
2.5803E+0 2.5800E+0
2.5806E+0 2.6350E+0
2.5809E+0 2.5820E+0
2.5812E+0 2.6350E+0
2.5815E+0 2.5810E+0
2.5818E+0 2.6360E+0
2.5821E+0 2.5830E+0
2.5824E+0 2.6390E+0
2.5827E+0 2.5840E+0
2.5830E+0 2.6370E+0
2.5833E+0 2.5850E+0
2.5836E+0 2.6380E+0
2.5839E+0 2.5840E+0
2.5842E+0 2.6390E+0
2.5845E+0 2.5860E+0
2.5848E+0 2.6410E+0
2.5851E+0 2.5870E+0
2.5854E+0 2.6420E+0
2.5857E+0 2.5900E+0
2.5860E+0 2.6420E+0
2.5863E+0 2.5870E+0
2.5866E+0 2.6410E+0
2.5869E+0 2.5880E+0
2.5872E+0 2.6430E+0
2.5875E+0 2.5880E+0
2.5878E+0 2.6410E+0
2.5881E+0 2.5900E+0
2.5884E+0 2.6430E+0
2.5887E+0 2.5890E+0
2.5890E+0 2.6430E+0
2.5893E+0 2.5900E+0
2.5896E+0 2.6450E+0
2.5899E+0 2.5900E+0
2.5902E+0 2.6440E+0
2.5905E+0 2.5920E+0
2.5908E+0 2.6460E+0
2.5911E+0 2.5910E+0
2.5914E+0 2.6460E+0
2.5917E+0 2.5930E+0
2.5920E+0 2.6490E+0
2.5923E+0 2.5940E+0
2.5926E+0 2.6470E+0
2.5929E+0 2.5940E+0
2.5932E+0 2.6480E+0
2.5935E+0 2.5940E+0
2.5938E+0 2.6480E+0
2.5941E+0 2.5950E+0
2.5944E+0 2.6500E+0
2.5947E+0 2.5950E+0
2.5950E+0 2.6500E+0
2.5953E+0 2.5980E+0
2.5956E+0 2.6510E+0
2.5959E+0 2.5960E+0
2.5962E+0 2.6510E+0
2.5965E+0 2.5970E+0
2.5968E+0 2.6530E+0
2.5971E+0 2.5970E+0
2.5974E+0 2.6520E+0
2.5977E+0 2.6000E+0
2.5980E+0 2.6540E+0
2.5983E+0 2.6000E+0
2.5986E+0 2.6540E+0
2.5989E+0 2.6010E+0
2.5992E+0 2.6560E+0
2.5995E+0 2.6000E+0
2.5998E+0 2.6550E+0
2.6001E+0 2.6020E+0
2.6004E+0 2.6550E+0
2.6007E+0 2.6010E+0
2.6010E+0 2.6560E+0
2.6013E+0 2.6020E+0
2.6016E+0 2.6590E+0
2.6019E+0 2.6030E+0
2.6022E+0 2.6570E+0
2.6025E+0 2.6040E+0
2.6028E+0 2.6580E+0
2.6031E+0 2.6030E+0
2.6034E+0 2.6580E+0
2.6037E+0 2.6050E+0
2.6040E+0 2.6610E+0
2.6043E+0 2.6050E+0
2.6046E+0 2.6610E+0
2.6049E+0 2.6090E+0
2.6052E+0 2.6620E+0
2.6055E+0 2.6070E+0
2.6058E+0 2.6620E+0
2.6061E+0 2.6080E+0
2.6064E+0 2.6640E+0
2.6067E+0 2.6080E+0
2.6070E+0 2.6630E+0
2.6073E+0 2.6110E+0
2.6076E+0 2.6640E+0
2.6079E+0 2.6100E+0
2.6082E+0 2.6650E+0
2.6085E+0 2.6110E+0
2.6088E+0 2.6670E+0
2.6091E+0 2.6110E+0
2.6094E+0 2.6660E+0
2.6097E+0 2.6140E+0
2.6100E+0 2.6680E+0
2.6103E+0 2.6130E+0
2.6106E+0 2.6690E+0
2.6109E+0 2.6150E+0
2.6112E+0 2.6710E+0
2.6115E+0 2.6150E+0
2.6118E+0 2.6690E+0
2.6121E+0 2.6160E+0
2.6124E+0 2.6700E+0
2.6127E+0 2.6150E+0
2.6130E+0 2.6690E+0
2.6133E+0 2.6150E+0
2.6136E+0 2.6710E+0
2.6139E+0 2.6160E+0
2.6142E+0 2.6710E+0
2.6145E+0 2.6180E+0
2.6148E+0 2.6710E+0
2.6151E+0 2.6160E+0
2.6154E+0 2.6710E+0
2.6157E+0 2.6170E+0
2.6160E+0 2.6740E+0
2.6163E+0 2.6180E+0
2.6166E+0 2.6720E+0
2.6169E+0 2.6200E+0
2.6172E+0 2.6740E+0
2.6175E+0 2.6200E+0
2.6178E+0 2.6750E+0
2.6181E+0 2.6200E+0
2.6184E+0 2.6760E+0
2.6187E+0 2.6200E+0
2.6190E+0 2.6750E+0
2.6193E+0 2.6220E+0
2.6196E+0 2.6760E+0
2.6199E+0 2.6210E+0
2.6202E+0 2.6760E+0
2.6205E+0 2.6230E+0
2.6208E+0 2.6800E+0
2.6211E+0 2.6230E+0
2.6214E+0 2.6770E+0
2.6217E+0 2.6240E+0
2.6220E+0 2.6780E+0
2.6223E+0 2.6240E+0
2.6226E+0 2.6790E+0
2.6229E+0 2.6250E+0
2.6232E+0 2.6810E+0
2.6235E+0 2.6250E+0
2.6238E+0 2.6820E+0
2.6241E+0 2.6290E+0
2.6244E+0 2.6820E+0
2.6247E+0 2.6270E+0
2.6250E+0 2.6810E+0
2.6253E+0 2.6270E+0
2.6256E+0 2.6840E+0
2.6259E+0 2.6280E+0
2.6262E+0 2.6820E+0
2.6265E+0 2.6290E+0
2.6268E+0 2.6840E+0
2.6271E+0 2.6290E+0
2.6274E+0 2.6850E+0
2.6277E+0 2.6300E+0
2.6280E+0 2.6860E+0
2.6283E+0 2.6300E+0
2.6286E+0 2.6860E+0
2.6289E+0 2.6330E+0
2.6292E+0 2.6870E+0
2.6295E+0 2.6320E+0
2.6298E+0 2.6880E+0
2.6301E+0 2.6350E+0
2.6304E+0 2.6920E+0
2.6307E+0 2.6350E+0
2.6310E+0 2.6890E+0
2.6313E+0 2.6360E+0
2.6316E+0 2.6900E+0
2.6319E+0 2.6350E+0
2.6322E+0 2.6900E+0
2.6325E+0 1.5680E+0
2.6328E+0 2.6920E+0
2.6331E+0 2.6360E+0
2.6334E+0 2.6930E+0
2.6337E+0 2.6400E+0
2.6340E+0 2.6940E+0
2.6343E+0 2.6380E+0
2.6346E+0 2.6930E+0
2.6349E+0 2.6390E+0
2.6352E+0 2.6970E+0
2.6355E+0 2.6400E+0
2.6358E+0 2.6960E+0
2.6361E+0 2.6420E+0
2.6364E+0 2.6980E+0
2.6367E+0 2.6430E+0
2.6370E+0 2.6970E+0
2.6373E+0 2.6430E+0
2.6376E+0 2.6980E+0
2.6379E+0 2.6410E+0
2.6382E+0 2.6970E+0
2.6385E+0 2.6440E+0
2.6388E+0 2.6980E+0
2.6391E+0 2.6430E+0
2.6394E+0 2.6980E+0
2.6397E+0 2.6440E+0
2.6400E+0 2.7010E+0
2.6403E+0 2.6440E+0
2.6406E+0 2.6980E+0
2.6409E+0 2.6450E+0
2.6412E+0 2.7000E+0
2.6415E+0 2.6440E+0
2.6418E+0 2.7000E+0
2.6421E+0 2.6460E+0
2.6424E+0 2.7030E+0
2.6427E+0 2.6460E+0
2.6430E+0 2.7030E+0
2.6433E+0 2.6500E+0
2.6436E+0 2.7030E+0
2.6439E+0 2.6470E+0
2.6442E+0 2.7030E+0
2.6445E+0 2.6480E+0
2.6448E+0 2.7050E+0
2.6451E+0 2.6490E+0
2.6454E+0 2.7030E+0
2.6457E+0 2.6500E+0
2.6460E+0 2.7060E+0
2.6463E+0 2.6500E+0
2.6466E+0 2.7060E+0
2.6469E+0 2.6510E+0
2.6472E+0 2.7070E+0
2.6475E+0 2.6510E+0
2.6478E+0 2.7080E+0
2.6481E+0 2.6540E+0
2.6484E+0 2.7090E+0
2.6487E+0 2.6530E+0
2.6490E+0 2.7090E+0
2.6493E+0 2.6550E+0
2.6496E+0 2.7120E+0
2.6499E+0 2.6550E+0
2.6502E+0 2.7100E+0
2.6505E+0 2.6560E+0
2.6508E+0 2.7110E+0
2.6511E+0 2.6550E+0
2.6514E+0 2.7110E+0
2.6517E+0 2.6560E+0
2.6520E+0 2.7130E+0
2.6523E+0 2.6560E+0
2.6526E+0 2.7130E+0
2.6529E+0 2.6600E+0
2.6532E+0 2.7140E+0
2.6535E+0 2.6570E+0
2.6538E+0 2.7130E+0
2.6541E+0 2.6580E+0
2.6544E+0 2.7160E+0
2.6547E+0 2.6590E+0
2.6550E+0 2.7150E+0
2.6553E+0 2.6610E+0
2.6556E+0 2.7170E+0
2.6559E+0 2.6610E+0
2.6562E+0 2.7170E+0
2.6565E+0 2.6620E+0
2.6568E+0 2.7180E+0
2.6571E+0 2.6610E+0
2.6574E+0 2.7170E+0
2.6577E+0 2.6640E+0
2.6580E+0 2.7190E+0
2.6583E+0 2.6630E+0
2.6586E+0 2.7190E+0
2.6589E+0 2.6650E+0
2.6592E+0 2.7220E+0
2.6595E+0 2.6650E+0
2.6598E+0 2.7210E+0
2.6601E+0 2.6670E+0
2.6604E+0 2.7230E+0
2.6607E+0 2.6660E+0
2.6610E+0 2.7230E+0
2.6613E+0 2.6680E+0
2.6616E+0 2.7260E+0
2.6619E+0 2.6690E+0
2.6622E+0 2.7260E+0
2.6625E+0 2.6690E+0
2.6628E+0 2.7230E+0
2.6631E+0 2.6660E+0
2.6634E+0 2.7220E+0
2.6637E+0 2.6670E+0
2.6640E+0 2.7240E+0
2.6643E+0 2.6670E+0
2.6646E+0 2.7220E+0
2.6649E+0 2.6680E+0
2.6652E+0 2.7240E+0
2.6655E+0 2.6680E+0
2.6658E+0 2.7240E+0
2.6661E+0 2.6690E+0
2.6664E+0 2.7260E+0
2.6667E+0 2.6690E+0
2.6670E+0 2.7250E+0
2.6673E+0 2.6710E+0
2.6676E+0 2.7260E+0
2.6679E+0 2.6700E+0
2.6682E+0 2.7260E+0
2.6685E+0 2.6710E+0
2.6688E+0 2.7290E+0
2.6691E+0 2.6710E+0
2.6694E+0 2.7270E+0
2.6697E+0 2.6720E+0
2.6700E+0 2.7280E+0
2.6703E+0 2.6720E+0
2.6706E+0 2.7280E+0
2.6709E+0 2.6720E+0
2.6712E+0 2.7290E+0
2.6715E+0 2.6730E+0
2.6718E+0 2.7290E+0
2.6721E+0 2.6760E+0
2.6724E+0 2.7310E+0
2.6727E+0 2.6740E+0
2.6730E+0 2.7300E+0
2.6733E+0 2.6750E+0
2.6736E+0 2.7330E+0
2.6739E+0 2.6760E+0
2.6742E+0 2.7320E+0
2.6745E+0 2.6780E+0
2.6748E+0 2.7340E+0
2.6751E+0 2.6780E+0
2.6754E+0 2.7340E+0
2.6757E+0 2.6790E+0
2.6760E+0 2.7350E+0
2.6763E+0 2.6780E+0
2.6766E+0 2.7340E+0
2.6769E+0 2.6800E+0
2.6772E+0 2.7360E+0
2.6775E+0 2.6790E+0
2.6778E+0 2.7350E+0
2.6781E+0 2.6810E+0
2.6784E+0 2.7370E+0
2.6787E+0 2.6810E+0
2.6790E+0 2.7360E+0
2.6793E+0 2.6820E+0
2.6796E+0 2.7380E+0
2.6799E+0 2.6820E+0
2.6802E+0 2.7380E+0
2.6805E+0 2.6830E+0
2.6808E+0 2.7400E+0
2.6811E+0 2.6830E+0
2.6814E+0 2.7410E+0
2.6817E+0 2.6870E+0
2.6820E+0 2.7410E+0
2.6823E+0 2.6850E+0
2.6826E+0 2.7410E+0
2.6829E+0 2.6860E+0
2.6832E+0 2.7430E+0
2.6835E+0 2.6860E+0
2.6838E+0 2.7420E+0
2.6841E+0 2.6870E+0
2.6844E+0 2.7440E+0
2.6847E+0 2.6880E+0
2.6850E+0 2.7440E+0
2.6853E+0 2.6880E+0
2.6856E+0 2.7460E+0
2.6859E+0 2.6890E+0
2.6862E+0 2.7450E+0
2.6865E+0 2.6910E+0
2.6868E+0 2.7470E+0
2.6871E+0 2.6900E+0
2.6874E+0 2.7470E+0
2.6877E+0 2.6920E+0
2.6880E+0 2.7510E+0
2.6883E+0 2.6920E+0
2.6886E+0 2.7480E+0
2.6889E+0 2.6930E+0
2.6892E+0 2.7490E+0
2.6895E+0 2.6920E+0
2.6898E+0 2.7490E+0
2.6901E+0 2.6930E+0
2.6904E+0 2.7500E+0
2.6907E+0 2.6930E+0
2.6910E+0 2.7500E+0
2.6913E+0 2.6960E+0
2.6916E+0 2.7500E+0
2.6919E+0 2.6940E+0
2.6922E+0 2.7510E+0
2.6925E+0 2.6950E+0
2.6928E+0 2.7530E+0
2.6931E+0 2.6950E+0
2.6934E+0 2.7510E+0
2.6937E+0 2.6970E+0
2.6940E+0 2.7540E+0
2.6943E+0 2.6970E+0
2.6946E+0 2.7540E+0
2.6949E+0 2.6980E+0
2.6952E+0 2.7550E+0
2.6955E+0 2.6970E+0
2.6958E+0 2.7550E+0
2.6961E+0 2.7000E+0
2.6964E+0 2.7550E+0
2.6967E+0 2.6980E+0
2.6970E+0 2.7550E+0
2.6973E+0 2.7000E+0
2.6976E+0 2.7590E+0
2.6979E+0 2.7010E+0
2.6982E+0 2.7570E+0
2.6985E+0 2.7020E+0
2.6988E+0 2.7580E+0
2.6991E+0 2.7020E+0
2.6994E+0 2.7590E+0
