4.5000E+0 4.5730E+0
4.5003E+0 4.4730E+0
4.5006E+0 4.5710E+0
4.5009E+0 4.4780E+0
4.5012E+0 4.5730E+0
4.5015E+0 4.4750E+0
4.5018E+0 4.5730E+0
4.5021E+0 4.4780E+0
4.5024E+0 4.5790E+0
4.5027E+0 4.4790E+0
4.5030E+0 4.5750E+0
4.5033E+0 4.4810E+0
4.5036E+0 4.5770E+0
4.5039E+0 4.4790E+0
4.5042E+0 4.5770E+0
4.5045E+0 4.4820E+0
4.5048E+0 4.5810E+0
4.5051E+0 4.4820E+0
4.5054E+0 4.5820E+0
4.5057E+0 4.4820E+0
4.5060E+0 4.5760E+0
4.5063E+0 4.4770E+0
4.5066E+0 4.5740E+0
4.5069E+0 4.4780E+0
4.5072E+0 4.5770E+0
4.5075E+0 4.4770E+0
4.5078E+0 4.5740E+0
4.5081E+0 4.4800E+0
4.5084E+0 4.5760E+0
4.5087E+0 4.4790E+0
4.5090E+0 4.5760E+0
4.5093E+0 4.4790E+0
4.5096E+0 4.5770E+0
4.5099E+0 4.4780E+0
4.5102E+0 4.5760E+0
4.5105E+0 4.4830E+0
4.5108E+0 4.5770E+0
4.5111E+0 4.4800E+0
4.5114E+0 4.5770E+0
4.5117E+0 4.4830E+0
4.5120E+0 4.5830E+0
4.5123E+0 4.4830E+0
4.5126E+0 4.5780E+0
4.5129E+0 4.4840E+0
4.5132E+0 4.5790E+0
4.5135E+0 4.4820E+0
4.5138E+0 4.5780E+0
4.5141E+0 4.4830E+0
4.5144E+0 4.5810E+0
4.5147E+0 4.4830E+0
4.5150E+0 4.5810E+0
4.5153E+0 4.4880E+0
4.5156E+0 4.5820E+0
4.5159E+0 4.4840E+0
4.5162E+0 4.5810E+0
4.5165E+0 4.4860E+0
4.5168E+0 4.5860E+0
4.5171E+0 4.4860E+0
4.5174E+0 4.5830E+0
4.5177E+0 4.4900E+0
4.5180E+0 4.5860E+0
4.5183E+0 4.4900E+0
4.5186E+0 4.5870E+0
4.5189E+0 4.4910E+0
4.5192E+0 4.5880E+0
4.5195E+0 4.4890E+0
4.5198E+0 4.5850E+0
4.5201E+0 4.4920E+0
4.5204E+0 4.5870E+0
4.5207E+0 4.4890E+0
4.5210E+0 4.5860E+0
4.5213E+0 4.4910E+0
4.5216E+0 4.5920E+0
4.5219E+0 4.4910E+0
4.5222E+0 4.5870E+0
4.5225E+0 4.4930E+0
4.5228E+0 4.5880E+0
4.5231E+0 4.4910E+0
4.5234E+0 4.5880E+0
4.5237E+0 4.4930E+0
4.5240E+0 4.5920E+0
4.5243E+0 4.4920E+0
4.5246E+0 4.5920E+0
4.5249E+0 4.4990E+0
4.5252E+0 4.5930E+0
4.5255E+0 4.4950E+0
4.5258E+0 4.5910E+0
4.5261E+0 4.4960E+0
4.5264E+0 4.5950E+0
4.5267E+0 4.4960E+0
4.5270E+0 4.5920E+0
4.5273E+0 4.4980E+0
4.5276E+0 4.5940E+0
4.5279E+0 4.4980E+0
4.5282E+0 4.5950E+0
4.5285E+0 4.4990E+0
4.5288E+0 4.5970E+0
4.5291E+0 4.4980E+0
4.5294E+0 4.5960E+0
4.5297E+0 4.5030E+0
4.5300E+0 4.5980E+0
4.5303E+0 4.5010E+0
4.5306E+0 4.5990E+0
4.5309E+0 4.5040E+0
4.5312E+0 4.6040E+0
4.5315E+0 4.5030E+0
4.5318E+0 4.5980E+0
4.5321E+0 4.5040E+0
4.5324E+0 4.5990E+0
4.5327E+0 4.5020E+0
4.5330E+0 4.5990E+0
4.5333E+0 4.5030E+0
4.5336E+0 4.6010E+0
4.5339E+0 4.5020E+0
4.5342E+0 4.6000E+0
4.5345E+0 4.5070E+0
4.5348E+0 4.6000E+0
4.5351E+0 4.5030E+0
4.5354E+0 4.5990E+0
4.5357E+0 4.5040E+0
4.5360E+0 4.6040E+0
4.5363E+0 4.5040E+0
4.5366E+0 4.6010E+0
4.5369E+0 4.5070E+0
4.5372E+0 4.6040E+0
4.5375E+0 4.5080E+0
4.5378E+0 4.6040E+0
4.5381E+0 4.5080E+0
4.5384E+0 4.6050E+0
4.5387E+0 4.5070E+0
4.5390E+0 4.6040E+0
4.5393E+0 4.5110E+0
4.5396E+0 4.6050E+0
4.5399E+0 4.5080E+0
4.5402E+0 4.6050E+0
4.5405E+0 4.5100E+0
4.5408E+0 4.6100E+0
4.5411E+0 4.5100E+0
4.5414E+0 4.6050E+0
4.5417E+0 4.5120E+0
4.5420E+0 4.6080E+0
4.5423E+0 4.5110E+0
4.5426E+0 4.6080E+0
4.5429E+0 4.5130E+0
4.5432E+0 4.6110E+0
4.5435E+0 4.5120E+0
4.5438E+0 4.6120E+0
4.5441E+0 4.5190E+0
4.5444E+0 4.6120E+0
4.5447E+0 4.5140E+0
4.5450E+0 4.6100E+0
4.5453E+0 4.5150E+0
4.5456E+0 4.6140E+0
4.5459E+0 4.5140E+0
4.5462E+0 4.6110E+0
4.5465E+0 4.5170E+0
4.5468E+0 4.6130E+0
4.5471E+0 4.5160E+0
4.5474E+0 4.6130E+0
4.5477E+0 4.5170E+0
4.5480E+0 4.6150E+0
4.5483E+0 4.5160E+0
4.5486E+0 4.6140E+0
4.5489E+0 4.5200E+0
4.5492E+0 4.6160E+0
4.5495E+0 4.5180E+0
4.5498E+0 4.6150E+0
4.5501E+0 4.5210E+0
4.5504E+0 4.6220E+0
4.5507E+0 4.5210E+0
4.5510E+0 4.6170E+0
4.5513E+0 4.5220E+0
4.5516E+0 4.6180E+0
4.5519E+0 4.5200E+0
4.5522E+0 4.6180E+0
4.5525E+0 4.5210E+0
4.5528E+0 4.6210E+0
4.5531E+0 4.5220E+0
4.5534E+0 4.6210E+0
4.5537E+0 4.5270E+0
4.5540E+0 4.6220E+0
4.5543E+0 4.5240E+0
4.5546E+0 4.6210E+0
4.5549E+0 4.5260E+0
4.5552E+0 4.6260E+0
4.5555E+0 4.5270E+0
4.5558E+0 4.6240E+0
4.5561E+0 4.5300E+0
4.5564E+0 4.6270E+0
4.5567E+0 4.5300E+0
4.5570E+0 4.6280E+0
4.5573E+0 4.5300E+0
4.5576E+0 4.6280E+0
4.5579E+0 4.5280E+0
4.5582E+0 4.6260E+0
4.5585E+0 4.5310E+0
4.5588E+0 4.6260E+0
4.5591E+0 4.5280E+0
4.5594E+0 4.6250E+0
4.5597E+0 4.5300E+0
4.5600E+0 4.6310E+0
4.5603E+0 4.5300E+0
4.5606E+0 4.6260E+0
4.5609E+0 4.5310E+0
4.5612E+0 4.6270E+0
4.5615E+0 4.5300E+0
4.5618E+0 4.6270E+0
4.5621E+0 4.5310E+0
4.5624E+0 4.6300E+0
4.5627E+0 4.5320E+0
4.5630E+0 4.6300E+0
4.5633E+0 4.5370E+0
4.5636E+0 4.6310E+0
4.5639E+0 4.5330E+0
4.5642E+0 4.6290E+0
4.5645E+0 4.5340E+0
4.5648E+0 4.6330E+0
4.5651E+0 4.5330E+0
4.5654E+0 4.6300E+0
4.5657E+0 4.5360E+0
4.5660E+0 4.6330E+0
4.5663E+0 4.5360E+0
4.5666E+0 4.6330E+0
4.5669E+0 4.5370E+0
4.5672E+0 4.6350E+0
4.5675E+0 4.5360E+0
4.5678E+0 4.6340E+0
4.5681E+0 4.5410E+0
4.5684E+0 4.6360E+0
4.5687E+0 4.5380E+0
4.5690E+0 4.6370E+0
4.5693E+0 4.5420E+0
4.5696E+0 4.6430E+0
4.5699E+0 4.5420E+0
4.5702E+0 4.6380E+0
4.5705E+0 4.5430E+0
4.5708E+0 4.6390E+0
4.5711E+0 4.5400E+0
4.5714E+0 4.6380E+0
4.5717E+0 4.5420E+0
4.5720E+0 4.6400E+0
4.5723E+0 4.5410E+0
4.5726E+0 4.6400E+0
4.5729E+0 4.5470E+0
4.5732E+0 4.6410E+0
4.5735E+0 4.5430E+0
4.5738E+0 4.6400E+0
4.5741E+0 4.5440E+0
4.5744E+0 4.6440E+0
4.5747E+0 4.5440E+0
4.5750E+0 4.6420E+0
4.5753E+0 4.5480E+0
4.5756E+0 4.6450E+0
4.5759E+0 4.5480E+0
4.5762E+0 4.6450E+0
4.5765E+0 4.5490E+0
4.5768E+0 4.6460E+0
4.5771E+0 4.5470E+0
4.5774E+0 4.6450E+0
4.5777E+0 4.5510E+0
4.5780E+0 4.6460E+0
4.5783E+0 4.5480E+0
4.5786E+0 4.6460E+0
4.5789E+0 4.5510E+0
4.5792E+0 4.6520E+0
4.5795E+0 4.5510E+0
4.5798E+0 4.6480E+0
4.5801E+0 4.5530E+0
4.5804E+0 4.6500E+0
4.5807E+0 4.5520E+0
4.5810E+0 4.6500E+0
4.5813E+0 4.5540E+0
4.5816E+0 4.6540E+0
4.5819E+0 4.5550E+0
4.5822E+0 4.6540E+0
4.5825E+0 4.5600E+0
4.5828E+0 4.6550E+0
4.5831E+0 4.5550E+0
4.5834E+0 4.6520E+0
4.5837E+0 4.5560E+0
4.5840E+0 4.6560E+0
4.5843E+0 4.5560E+0
4.5846E+0 4.6520E+0
4.5849E+0 4.5580E+0
4.5852E+0 4.6550E+0
4.5855E+0 4.5570E+0
4.5858E+0 4.6550E+0
4.5861E+0 4.5580E+0
4.5864E+0 4.6560E+0
4.5867E+0 4.5560E+0
4.5870E+0 4.6540E+0
4.5873E+0 4.5600E+0
4.5876E+0 4.6560E+0
4.5879E+0 4.5570E+0
4.5882E+0 4.6560E+0
4.5885E+0 4.5600E+0
4.5888E+0 4.6620E+0
4.5891E+0 4.5610E+0
4.5894E+0 4.6570E+0
4.5897E+0 4.5620E+0
4.5900E+0 4.6580E+0
4.5903E+0 4.5600E+0
4.5906E+0 4.6580E+0
4.5909E+0 4.5610E+0
4.5912E+0 4.6610E+0
4.5915E+0 4.5610E+0
4.5918E+0 4.6610E+0
4.5921E+0 4.5670E+0
4.5924E+0 4.6620E+0
4.5927E+0 4.5630E+0
4.5930E+0 4.6610E+0
4.5933E+0 4.5650E+0
4.5936E+0 4.6660E+0
4.5939E+0 4.5660E+0
4.5942E+0 4.6630E+0
4.5945E+0 4.5690E+0
4.5948E+0 4.6670E+0
4.5951E+0 4.5700E+0
4.5954E+0 4.6670E+0
4.5957E+0 4.5690E+0
4.5960E+0 4.6680E+0
4.5963E+0 4.5680E+0
4.5966E+0 4.6660E+0
4.5969E+0 4.5720E+0
4.5972E+0 4.6670E+0
4.5975E+0 4.5680E+0
4.5978E+0 4.6670E+0
4.5981E+0 4.5710E+0
4.5984E+0 4.6720E+0
4.5987E+0 4.5710E+0
4.5990E+0 4.6680E+0
4.5993E+0 4.5730E+0
4.5996E+0 4.6700E+0
4.5999E+0 4.5720E+0
4.6002E+0 4.6700E+0
4.6005E+0 4.5740E+0
4.6008E+0 4.6730E+0
4.6011E+0 4.5740E+0
4.6014E+0 4.6740E+0
4.6017E+0 4.5790E+0
4.6020E+0 4.6740E+0
4.6023E+0 4.5750E+0
4.6026E+0 4.6730E+0
4.6029E+0 4.5760E+0
4.6032E+0 4.6770E+0
4.6035E+0 4.5760E+0
4.6038E+0 4.6740E+0
4.6041E+0 4.5790E+0
4.6044E+0 4.6770E+0
4.6047E+0 4.5790E+0
4.6050E+0 4.6770E+0
4.6053E+0 4.5800E+0
4.6056E+0 4.6800E+0
4.6059E+0 4.5790E+0
4.6062E+0 4.6780E+0
4.6065E+0 4.5840E+0
4.6068E+0 4.6800E+0
4.6071E+0 4.5820E+0
4.6074E+0 4.6800E+0
4.6077E+0 4.5850E+0
4.6080E+0 4.6860E+0
4.6083E+0 4.5840E+0
4.6086E+0 4.6800E+0
4.6089E+0 4.5850E+0
4.6092E+0 4.6810E+0
4.6095E+0 4.5830E+0
4.6098E+0 4.6800E+0
4.6101E+0 4.5830E+0
4.6104E+0 4.6820E+0
4.6107E+0 4.5830E+0
4.6110E+0 4.6810E+0
4.6113E+0 4.5870E+0
4.6116E+0 4.6820E+0
4.6119E+0 4.5830E+0
4.6122E+0 4.6810E+0
4.6125E+0 4.5840E+0
4.6128E+0 4.6850E+0
4.6131E+0 4.5840E+0
4.6134E+0 4.6820E+0
4.6137E+0 4.5870E+0
4.6140E+0 4.6850E+0
4.6143E+0 4.5870E+0
4.6146E+0 4.6850E+0
4.6149E+0 4.5880E+0
4.6152E+0 4.6870E+0
4.6155E+0 4.5860E+0
4.6158E+0 4.6850E+0
4.6161E+0 4.5900E+0
4.6164E+0 4.6860E+0
4.6167E+0 4.5870E+0
4.6170E+0 4.6850E+0
4.6173E+0 4.5890E+0
4.6176E+0 4.6910E+0
4.6179E+0 4.5900E+0
4.6182E+0 4.6860E+0
4.6185E+0 4.5910E+0
4.6188E+0 4.6880E+0
4.6191E+0 4.5900E+0
4.6194E+0 4.6890E+0
4.6197E+0 4.5920E+0
4.6200E+0 4.6920E+0
4.6203E+0 4.5920E+0
4.6206E+0 4.6920E+0
4.6209E+0 4.5980E+0
4.6212E+0 4.6930E+0
4.6215E+0 4.5940E+0
4.6218E+0 4.6910E+0
4.6221E+0 4.5950E+0
4.6224E+0 4.6950E+0
4.6227E+0 4.5940E+0
4.6230E+0 4.6910E+0
4.6233E+0 4.5960E+0
4.6236E+0 4.6940E+0
4.6239E+0 4.5950E+0
4.6242E+0 4.6940E+0
4.6245E+0 4.5960E+0
4.6248E+0 4.6960E+0
4.6251E+0 4.5950E+0
4.6254E+0 4.6940E+0
4.6257E+0 4.6000E+0
4.6260E+0 4.6960E+0
4.6263E+0 4.5970E+0
4.6266E+0 4.6960E+0
4.6269E+0 4.6000E+0
4.6272E+0 4.7020E+0
4.6275E+0 4.6000E+0
4.6278E+0 4.6970E+0
4.6281E+0 4.6010E+0
4.6284E+0 4.6980E+0
4.6287E+0 4.5990E+0
4.6290E+0 4.6980E+0
4.6293E+0 4.6000E+0
4.6296E+0 4.7010E+0
4.6299E+0 4.6000E+0
4.6302E+0 4.7000E+0
4.6305E+0 4.6060E+0
4.6308E+0 4.7010E+0
4.6311E+0 4.6020E+0
4.6314E+0 4.7010E+0
4.6317E+0 4.6040E+0
4.6320E+0 4.7060E+0
4.6323E+0 4.6050E+0
4.6326E+0 4.7030E+0
4.6329E+0 4.6080E+0
4.6332E+0 4.7070E+0
4.6335E+0 4.6080E+0
4.6338E+0 4.7070E+0
4.6341E+0 4.6080E+0
4.6344E+0 4.7080E+0
4.6347E+0 4.6060E+0
4.6350E+0 4.7050E+0
4.6353E+0 4.6100E+0
4.6356E+0 4.7060E+0
4.6359E+0 4.6060E+0
4.6362E+0 4.7060E+0
4.6365E+0 4.6090E+0
4.6368E+0 4.7110E+0
4.6371E+0 4.6080E+0
4.6374E+0 4.7060E+0
4.6377E+0 4.6100E+0
4.6380E+0 4.7080E+0
4.6383E+0 4.6090E+0
4.6386E+0 4.7070E+0
4.6389E+0 4.6100E+0
4.6392E+0 4.7110E+0
4.6395E+0 4.6110E+0
4.6398E+0 4.7100E+0
4.6401E+0 4.6160E+0
4.6404E+0 4.7110E+0
4.6407E+0 4.6120E+0
4.6410E+0 4.7100E+0
4.6413E+0 4.6130E+0
4.6416E+0 4.7140E+0
4.6419E+0 4.6120E+0
4.6422E+0 4.7110E+0
4.6425E+0 4.6150E+0
4.6428E+0 4.7140E+0
4.6431E+0 4.6150E+0
4.6434E+0 4.7130E+0
4.6437E+0 4.6160E+0
4.6440E+0 4.7150E+0
4.6443E+0 4.6150E+0
4.6446E+0 4.7140E+0
4.6449E+0 4.6200E+0
4.6452E+0 4.7160E+0
4.6455E+0 4.6170E+0
4.6458E+0 4.7170E+0
4.6461E+0 4.6210E+0
4.6464E+0 4.7230E+0
4.6467E+0 4.6210E+0
4.6470E+0 4.7180E+0
4.6473E+0 4.6220E+0
4.6476E+0 4.7190E+0
4.6479E+0 4.6200E+0
4.6482E+0 4.7190E+0
4.6485E+0 4.6210E+0
4.6488E+0 4.7210E+0
4.6491E+0 4.6210E+0
4.6494E+0 4.7210E+0
4.6497E+0 4.6260E+0
4.6500E+0 4.7220E+0
4.6503E+0 4.6220E+0
4.6506E+0 4.7210E+0
4.6509E+0 4.6230E+0
4.6512E+0 4.7250E+0
4.6515E+0 4.6240E+0
4.6518E+0 4.7220E+0
4.6521E+0 4.6260E+0
4.6524E+0 4.7260E+0
4.6527E+0 4.6270E+0
4.6530E+0 4.7260E+0
4.6533E+0 4.6270E+0
4.6536E+0 4.7280E+0
4.6539E+0 4.6260E+0
4.6542E+0 4.7260E+0
4.6545E+0 4.6300E+0
4.6548E+0 4.7270E+0
4.6551E+0 4.6270E+0
4.6554E+0 4.7270E+0
4.6557E+0 4.6300E+0
4.6560E+0 4.7320E+0
4.6563E+0 4.6300E+0
4.6566E+0 4.7290E+0
4.6569E+0 4.6320E+0
4.6572E+0 4.7310E+0
4.6575E+0 4.6320E+0
4.6578E+0 4.7310E+0
4.6581E+0 4.6340E+0
4.6584E+0 4.7350E+0
4.6587E+0 4.6340E+0
4.6590E+0 4.7360E+0
4.6593E+0 4.6400E+0
4.6596E+0 4.7360E+0
4.6599E+0 4.6350E+0
4.6602E+0 4.7340E+0
4.6605E+0 4.6360E+0
4.6608E+0 4.7370E+0
4.6611E+0 4.6350E+0
4.6614E+0 4.7340E+0
4.6617E+0 4.6370E+0
4.6620E+0 4.7360E+0
4.6623E+0 4.6370E+0
4.6626E+0 4.7360E+0
4.6629E+0 4.6370E+0
4.6632E+0 4.7370E+0
4.6635E+0 4.6360E+0
4.6638E+0 4.7360E+0
4.6641E+0 4.6400E+0
4.6644E+0 4.7370E+0
4.6647E+0 4.6370E+0
4.6650E+0 4.7370E+0
4.6653E+0 4.6400E+0
4.6656E+0 4.7430E+0
4.6659E+0 4.6400E+0
4.6662E+0 4.7380E+0
4.6665E+0 4.6410E+0
4.6668E+0 4.7390E+0
4.6671E+0 4.6400E+0
4.6674E+0 4.7390E+0
4.6677E+0 4.6410E+0
4.6680E+0 4.7410E+0
4.6683E+0 4.6400E+0
4.6686E+0 4.7400E+0
4.6689E+0 4.6460E+0
4.6692E+0 4.7420E+0
4.6695E+0 4.6420E+0
4.6698E+0 4.7410E+0
4.6701E+0 4.6440E+0
4.6704E+0 4.7460E+0
4.6707E+0 4.6440E+0
4.6710E+0 4.7440E+0
4.6713E+0 4.6480E+0
4.6716E+0 4.7470E+0
4.6719E+0 4.6480E+0
4.6722E+0 4.7470E+0
4.6725E+0 4.6480E+0
4.6728E+0 4.7480E+0
4.6731E+0 4.6460E+0
4.6734E+0 4.7460E+0
4.6737E+0 4.6500E+0
4.6740E+0 4.7470E+0
4.6743E+0 4.6460E+0
4.6746E+0 4.7460E+0
4.6749E+0 4.6490E+0
4.6752E+0 4.7520E+0
4.6755E+0 4.6490E+0
4.6758E+0 4.7480E+0
4.6761E+0 4.6510E+0
4.6764E+0 4.7490E+0
4.6767E+0 4.6500E+0
4.6770E+0 4.7490E+0
4.6773E+0 4.6510E+0
4.6776E+0 4.7530E+0
4.6779E+0 4.6520E+0
4.6782E+0 4.7530E+0
4.6785E+0 4.6570E+0
4.6788E+0 4.7540E+0
4.6791E+0 4.6530E+0
4.6794E+0 4.7520E+0
4.6797E+0 4.6540E+0
4.6800E+0 4.7570E+0
4.6803E+0 4.6540E+0
4.6806E+0 4.7530E+0
4.6809E+0 4.6570E+0
4.6812E+0 4.7560E+0
4.6815E+0 4.6560E+0
4.6818E+0 4.7570E+0
4.6821E+0 4.6580E+0
4.6824E+0 4.7580E+0
4.6827E+0 4.6570E+0
4.6830E+0 4.7580E+0
4.6833E+0 4.6610E+0
4.6836E+0 4.7600E+0
4.6839E+0 4.6590E+0
4.6842E+0 4.7600E+0
4.6845E+0 4.6630E+0
4.6848E+0 4.7660E+0
4.6851E+0 4.6630E+0
4.6854E+0 4.7600E+0
4.6857E+0 4.6640E+0
4.6860E+0 4.7620E+0
4.6863E+0 4.6610E+0
4.6866E+0 4.7610E+0
4.6869E+0 4.6620E+0
4.6872E+0 4.7630E+0
4.6875E+0 4.6620E+0
4.6878E+0 4.7630E+0
4.6881E+0 4.6670E+0
4.6884E+0 4.7640E+0
4.6887E+0 4.6630E+0
4.6890E+0 4.7630E+0
4.6893E+0 4.6640E+0
4.6896E+0 4.7670E+0
4.6899E+0 4.6640E+0
4.6902E+0 4.7640E+0
4.6905E+0 4.6680E+0
4.6908E+0 4.7670E+0
4.6911E+0 4.6680E+0
4.6914E+0 4.7680E+0
4.6917E+0 4.6680E+0
4.6920E+0 4.7690E+0
4.6923E+0 4.6670E+0
4.6926E+0 4.7670E+0
4.6929E+0 4.6700E+0
4.6932E+0 4.7690E+0
4.6935E+0 4.6680E+0
4.6938E+0 4.7680E+0
4.6941E+0 4.6700E+0
4.6944E+0 4.7740E+0
4.6947E+0 4.6710E+0
4.6950E+0 4.7700E+0
4.6953E+0 4.6720E+0
4.6956E+0 4.7720E+0
4.6959E+0 4.6720E+0
4.6962E+0 4.7730E+0
4.6965E+0 4.6730E+0
4.6968E+0 4.7750E+0
4.6971E+0 4.6740E+0
4.6974E+0 4.7760E+0
4.6977E+0 4.6800E+0
4.6980E+0 4.7770E+0
4.6983E+0 4.6750E+0
4.6986E+0 4.7750E+0
4.6989E+0 4.6760E+0
4.6992E+0 4.7790E+0
4.6995E+0 4.6760E+0
4.6998E+0 4.7750E+0
4.7001E+0 4.6780E+0
4.7004E+0 4.7780E+0
4.7007E+0 4.6770E+0
4.7010E+0 4.7780E+0
4.7013E+0 4.6780E+0
4.7016E+0 4.7800E+0
4.7019E+0 4.6780E+0
4.7022E+0 4.7790E+0
4.7025E+0 4.6820E+0
4.7028E+0 4.7810E+0
4.7031E+0 4.6800E+0
4.7034E+0 4.7810E+0
4.7037E+0 4.6820E+0
4.7040E+0 4.7870E+0
4.7043E+0 4.6830E+0
4.7046E+0 4.7820E+0
4.7049E+0 4.6840E+0
4.7052E+0 4.7840E+0
4.7055E+0 4.6830E+0
4.7058E+0 4.7830E+0
4.7061E+0 4.6840E+0
4.7064E+0 4.7860E+0
4.7067E+0 4.6840E+0
4.7070E+0 4.7860E+0
4.7073E+0 4.6890E+0
4.7076E+0 4.7870E+0
4.7079E+0 4.6860E+0
4.7082E+0 4.7870E+0
4.7085E+0 4.6880E+0
4.7088E+0 4.7920E+0
4.7091E+0 4.6890E+0
4.7094E+0 4.7890E+0
4.7097E+0 4.6920E+0
4.7100E+0 4.7930E+0
4.7103E+0 4.6930E+0
4.7106E+0 4.7910E+0
4.7109E+0 4.6900E+0
4.7112E+0 4.7910E+0
4.7115E+0 4.6880E+0
4.7118E+0 4.7890E+0
4.7121E+0 4.6910E+0
4.7124E+0 4.7890E+0
4.7127E+0 4.6880E+0
4.7130E+0 4.7880E+0
4.7133E+0 4.6900E+0
4.7136E+0 4.7940E+0
4.7139E+0 4.6900E+0
4.7142E+0 4.7880E+0
4.7145E+0 4.6910E+0
4.7148E+0 4.7910E+0
4.7151E+0 4.6890E+0
4.7154E+0 4.7910E+0
4.7157E+0 4.6910E+0
4.7160E+0 4.7940E+0
4.7163E+0 4.6910E+0
4.7166E+0 4.7940E+0
4.7169E+0 4.6960E+0
4.7172E+0 4.7940E+0
4.7175E+0 4.6920E+0
4.7178E+0 4.7930E+0
4.7181E+0 1.3340E+0
4.7184E+0 4.7960E+0
4.7187E+0 4.6930E+0
4.7190E+0 4.7930E+0
4.7193E+0 4.6950E+0
4.7196E+0 4.7950E+0
4.7199E+0 4.6940E+0
4.7202E+0 4.7960E+0
4.7205E+0 4.6960E+0
4.7208E+0 4.7970E+0
4.7211E+0 4.6950E+0
4.7214E+0 4.7960E+0
4.7217E+0 4.6990E+0
4.7220E+0 4.7980E+0
4.7223E+0 4.6970E+0
4.7226E+0 4.7980E+0
4.7229E+0 4.7000E+0
4.7232E+0 4.8050E+0
4.7235E+0 4.7010E+0
4.7238E+0 4.7990E+0
4.7241E+0 4.7010E+0
4.7244E+0 4.8010E+0
4.7247E+0 4.6990E+0
4.7250E+0 4.8000E+0
4.7253E+0 4.7000E+0
4.7256E+0 4.8020E+0
4.7259E+0 4.6990E+0
4.7262E+0 4.8020E+0
4.7265E+0 4.7040E+0
4.7268E+0 4.8020E+0
4.7271E+0 4.7010E+0
4.7274E+0 4.8010E+0
4.7277E+0 4.7020E+0
4.7280E+0 4.8060E+0
4.7283E+0 4.7020E+0
4.7286E+0 4.8030E+0
4.7289E+0 4.7050E+0
4.7292E+0 4.8060E+0
4.7295E+0 4.7060E+0
4.7298E+0 4.8070E+0
4.7301E+0 4.7060E+0
4.7304E+0 4.8080E+0
4.7307E+0 4.7050E+0
4.7310E+0 4.8060E+0
4.7313E+0 4.7090E+0
4.7316E+0 4.8070E+0
4.7319E+0 4.7060E+0
4.7322E+0 4.8070E+0
4.7325E+0 4.7090E+0
4.7328E+0 4.8130E+0
4.7331E+0 4.7090E+0
4.7334E+0 4.8090E+0
4.7337E+0 4.7110E+0
4.7340E+0 4.8110E+0
4.7343E+0 4.7100E+0
4.7346E+0 4.8110E+0
4.7349E+0 4.7110E+0
4.7352E+0 4.8150E+0
4.7355E+0 4.7120E+0
4.7358E+0 4.8160E+0
4.7361E+0 4.7170E+0
4.7364E+0 4.8150E+0
4.7367E+0 4.7130E+0
4.7370E+0 4.8130E+0
4.7373E+0 4.7130E+0
4.7376E+0 4.8160E+0
4.7379E+0 4.7120E+0
4.7382E+0 4.8130E+0
4.7385E+0 4.7150E+0
4.7388E+0 4.8150E+0
4.7391E+0 4.7140E+0
4.7394E+0 4.8150E+0
4.7397E+0 4.7140E+0
4.7400E+0 4.8170E+0
4.7403E+0 4.7130E+0
4.7406E+0 4.8150E+0
4.7409E+0 4.7180E+0
4.7412E+0 4.8170E+0
4.7415E+0 4.7150E+0
4.7418E+0 4.8170E+0
4.7421E+0 4.7170E+0
4.7424E+0 4.8230E+0
4.7427E+0 4.7180E+0
4.7430E+0 4.8180E+0
4.7433E+0 4.7190E+0
4.7436E+0 4.8190E+0
4.7439E+0 4.7170E+0
4.7442E+0 4.8190E+0
4.7445E+0 4.7190E+0
4.7448E+0 4.8220E+0
4.7451E+0 4.7190E+0
4.7454E+0 4.8210E+0
4.7457E+0 4.7240E+0
4.7460E+0 4.8220E+0
4.7463E+0 4.7200E+0
4.7466E+0 4.8210E+0
4.7469E+0 4.7220E+0
4.7472E+0 4.8250E+0
4.7475E+0 4.7220E+0
4.7478E+0 4.8230E+0
4.7481E+0 4.7260E+0
4.7484E+0 4.8270E+0
4.7487E+0 4.7260E+0
4.7490E+0 4.8270E+0
4.7493E+0 4.7260E+0
4.7496E+0 4.8280E+0
4.7499E+0 4.7240E+0
4.7502E+0 4.8260E+0
4.7505E+0 4.7280E+0
4.7508E+0 4.8270E+0
4.7511E+0 4.7250E+0
4.7514E+0 4.8270E+0
4.7517E+0 4.7270E+0
4.7520E+0 4.8320E+0
4.7523E+0 4.7280E+0
4.7526E+0 4.8280E+0
4.7529E+0 4.7290E+0
4.7532E+0 4.8290E+0
4.7535E+0 4.7280E+0
4.7538E+0 4.8300E+0
4.7541E+0 4.7290E+0
4.7544E+0 4.8330E+0
4.7547E+0 4.7300E+0
4.7550E+0 4.8330E+0
4.7553E+0 4.7360E+0
4.7556E+0 4.8340E+0
4.7559E+0 4.7310E+0
4.7562E+0 4.8330E+0
4.7565E+0 4.7320E+0
4.7568E+0 4.8370E+0
4.7571E+0 4.7320E+0
4.7574E+0 4.8340E+0
4.7577E+0 4.7350E+0
4.7580E+0 4.8370E+0
4.7583E+0 4.7350E+0
4.7586E+0 4.8370E+0
4.7589E+0 4.7360E+0
4.7592E+0 4.8390E+0
4.7595E+0 4.7350E+0
4.7598E+0 4.8380E+0
4.7601E+0 4.7400E+0
4.7604E+0 4.8400E+0
4.7607E+0 4.7380E+0
4.7610E+0 4.8410E+0
4.7613E+0 4.7410E+0
4.7616E+0 4.8470E+0
4.7619E+0 4.7410E+0
4.7622E+0 4.8410E+0
4.7625E+0 4.7420E+0
4.7628E+0 4.8420E+0
4.7631E+0 4.7400E+0
4.7634E+0 4.8410E+0
4.7637E+0 4.7400E+0
4.7640E+0 4.8430E+0
4.7643E+0 4.7390E+0
4.7646E+0 4.8420E+0
4.7649E+0 4.7450E+0
4.7652E+0 4.8430E+0
4.7655E+0 4.7410E+0
4.7658E+0 4.8420E+0
4.7661E+0 4.7420E+0
4.7664E+0 4.8470E+0
4.7667E+0 4.7420E+0
4.7670E+0 4.8430E+0
4.7673E+0 4.7450E+0
4.7676E+0 4.8460E+0
4.7679E+0 4.7450E+0
4.7682E+0 4.8470E+0
4.7685E+0 4.7450E+0
4.7688E+0 4.8480E+0
4.7691E+0 4.7430E+0
4.7694E+0 4.8460E+0
4.7697E+0 4.7470E+0
4.7700E+0 4.8470E+0
4.7703E+0 4.7450E+0
4.7706E+0 4.8460E+0
4.7709E+0 4.7470E+0
4.7712E+0 4.8530E+0
4.7715E+0 4.7470E+0
4.7718E+0 4.8480E+0
4.7721E+0 4.7490E+0
4.7724E+0 4.8500E+0
4.7727E+0 4.7480E+0
4.7730E+0 4.8500E+0
4.7733E+0 4.7500E+0
4.7736E+0 4.8540E+0
4.7739E+0 4.7510E+0
4.7742E+0 4.8540E+0
4.7745E+0 4.7560E+0
4.7748E+0 4.8550E+0
4.7751E+0 4.7510E+0
4.7754E+0 4.8520E+0
4.7757E+0 4.7520E+0
4.7760E+0 4.8570E+0
4.7763E+0 4.7510E+0
4.7766E+0 4.8530E+0
4.7769E+0 4.7540E+0
4.7772E+0 4.8560E+0
4.7775E+0 4.7530E+0
4.7778E+0 4.8550E+0
4.7781E+0 4.7550E+0
4.7784E+0 4.8570E+0
4.7787E+0 4.7530E+0
4.7790E+0 4.8560E+0
4.7793E+0 4.7580E+0
4.7796E+0 4.8570E+0
4.7799E+0 4.7550E+0
4.7802E+0 4.8580E+0
4.7805E+0 4.7580E+0
4.7808E+0 4.8630E+0
4.7811E+0 4.7580E+0
4.7814E+0 4.8590E+0
4.7817E+0 4.7600E+0
4.7820E+0 4.8600E+0
4.7823E+0 4.7580E+0
4.7826E+0 4.8600E+0
4.7829E+0 4.7590E+0
4.7832E+0 4.8630E+0
4.7835E+0 4.7590E+0
4.7838E+0 4.8630E+0
4.7841E+0 4.7650E+0
4.7844E+0 4.8640E+0
4.7847E+0 4.7610E+0
4.7850E+0 4.8630E+0
4.7853E+0 4.7630E+0
4.7856E+0 4.8680E+0
4.7859E+0 4.7630E+0
4.7862E+0 4.8660E+0
4.7865E+0 4.7670E+0
4.7868E+0 4.8690E+0
4.7871E+0 4.7670E+0
4.7874E+0 4.8690E+0
4.7877E+0 4.7670E+0
4.7880E+0 4.8700E+0
4.7883E+0 4.7650E+0
4.7886E+0 4.8680E+0
4.7889E+0 4.7690E+0
4.7892E+0 4.8680E+0
4.7895E+0 4.7650E+0
4.7898E+0 4.8680E+0
4.7901E+0 4.7670E+0
4.7904E+0 4.8730E+0
4.7907E+0 4.7680E+0
4.7910E+0 4.8690E+0
4.7913E+0 4.7690E+0
4.7916E+0 4.8700E+0
4.7919E+0 4.7680E+0
4.7922E+0 4.8700E+0
4.7925E+0 4.7690E+0
4.7928E+0 4.8730E+0
4.7931E+0 4.7690E+0
4.7934E+0 4.8730E+0
4.7937E+0 4.7750E+0
4.7940E+0 4.8740E+0
4.7943E+0 4.7710E+0
4.7946E+0 4.8730E+0
4.7949E+0 4.7720E+0
4.7952E+0 4.8770E+0
4.7955E+0 4.7720E+0
4.7958E+0 4.8740E+0
4.7961E+0 4.7740E+0
4.7964E+0 4.8760E+0
4.7967E+0 4.7740E+0
4.7970E+0 4.8760E+0
4.7973E+0 4.7750E+0
4.7976E+0 4.8780E+0
4.7979E+0 4.7740E+0
4.7982E+0 4.8770E+0
4.7985E+0 4.7790E+0
4.7988E+0 4.8790E+0
4.7991E+0 4.7770E+0
4.7994E+0 4.8800E+0
4.7997E+0 4.7790E+0
4.8000E+0 4.8860E+0
4.8003E+0 4.7800E+0
4.8006E+0 4.8810E+0
4.8009E+0 4.7810E+0
4.8012E+0 4.8820E+0
4.8015E+0 4.7790E+0
4.8018E+0 4.8820E+0
4.8021E+0 4.7800E+0
4.8024E+0 4.8840E+0
4.8027E+0 4.7790E+0
4.8030E+0 4.8840E+0
4.8033E+0 4.7850E+0
4.8036E+0 4.8850E+0
4.8039E+0 4.7810E+0
4.8042E+0 4.8830E+0
4.8045E+0 4.7830E+0
4.8048E+0 4.8880E+0
4.8051E+0 4.7820E+0
4.8054E+0 4.8850E+0
4.8057E+0 4.7860E+0
4.8060E+0 4.8880E+0
4.8063E+0 4.7860E+0
4.8066E+0 4.8890E+0
4.8069E+0 4.7860E+0
4.8072E+0 4.8900E+0
4.8075E+0 4.7850E+0
4.8078E+0 4.8890E+0
4.8081E+0 4.7890E+0
4.8084E+0 4.8900E+0
4.8087E+0 4.7870E+0
4.8090E+0 4.8900E+0
4.8093E+0 4.7890E+0
4.8096E+0 4.8960E+0
4.8099E+0 4.7900E+0
4.8102E+0 4.8920E+0
4.8105E+0 4.7920E+0
4.8108E+0 4.8950E+0
4.8111E+0 4.7910E+0
4.8114E+0 4.8950E+0
4.8117E+0 4.7940E+0
4.8120E+0 4.8990E+0
4.8123E+0 4.7950E+0
4.8126E+0 4.8990E+0
4.8129E+0 4.7990E+0
4.8132E+0 4.8980E+0
4.8135E+0 4.7940E+0
4.8138E+0 4.8960E+0
4.8141E+0 4.7940E+0
4.8144E+0 4.8990E+0
4.8147E+0 4.7930E+0
4.8150E+0 4.8950E+0
4.8153E+0 4.7960E+0
4.8156E+0 4.8980E+0
4.8159E+0 4.7940E+0
4.8162E+0 4.8980E+0
4.8165E+0 4.7950E+0
4.8168E+0 4.8990E+0
4.8171E+0 4.7940E+0
4.8174E+0 4.8970E+0
4.8177E+0 4.7980E+0
4.8180E+0 4.8990E+0
4.8183E+0 4.7940E+0
4.8186E+0 4.8990E+0
4.8189E+0 4.7980E+0
4.8192E+0 4.9050E+0
4.8195E+0 4.7980E+0
4.8198E+0 4.9000E+0
4.8201E+0 4.8000E+0
4.8204E+0 4.9010E+0
4.8207E+0 4.7970E+0
4.8210E+0 4.9010E+0
4.8213E+0 4.7990E+0
4.8216E+0 4.9030E+0
4.8219E+0 4.7980E+0
4.8222E+0 4.9020E+0
4.8225E+0 4.8030E+0
4.8228E+0 4.9030E+0
4.8231E+0 4.7990E+0
4.8234E+0 4.9020E+0
4.8237E+0 4.8010E+0
4.8240E+0 4.9080E+0
4.8243E+0 4.8020E+0
4.8246E+0 4.9050E+0
4.8249E+0 4.8050E+0
4.8252E+0 4.9080E+0
4.8255E+0 4.8050E+0
4.8258E+0 4.9090E+0
4.8261E+0 4.8060E+0
4.8264E+0 4.9090E+0
4.8267E+0 4.8030E+0
4.8270E+0 4.9070E+0
4.8273E+0 4.8070E+0
4.8276E+0 4.9080E+0
4.8279E+0 4.8040E+0
4.8282E+0 4.9070E+0
4.8285E+0 4.8060E+0
4.8288E+0 4.9120E+0
4.8291E+0 4.8050E+0
4.8294E+0 4.9080E+0
4.8297E+0 4.8070E+0
4.8300E+0 4.9090E+0
4.8303E+0 4.8060E+0
4.8306E+0 4.9090E+0
4.8309E+0 4.8080E+0
4.8312E+0 4.9130E+0
4.8315E+0 4.8080E+0
4.8318E+0 4.9130E+0
4.8321E+0 4.8140E+0
4.8324E+0 4.9140E+0
4.8327E+0 4.8090E+0
4.8330E+0 4.9120E+0
4.8333E+0 4.8100E+0
4.8336E+0 4.9160E+0
4.8339E+0 4.8100E+0
4.8342E+0 4.9130E+0
4.8345E+0 4.8130E+0
4.8348E+0 4.9160E+0
4.8351E+0 4.8130E+0
4.8354E+0 4.9150E+0
4.8357E+0 4.8140E+0
4.8360E+0 4.9180E+0
4.8363E+0 4.8130E+0
4.8366E+0 4.9170E+0
4.8369E+0 4.8180E+0
4.8372E+0 4.9200E+0
4.8375E+0 4.8150E+0
4.8378E+0 4.9200E+0
4.8381E+0 4.8180E+0
4.8384E+0 4.9260E+0
4.8387E+0 4.8190E+0
4.8390E+0 4.9210E+0
4.8393E+0 4.8200E+0
4.8396E+0 4.9220E+0
4.8399E+0 4.8180E+0
4.8402E+0 4.9210E+0
4.8405E+0 4.8180E+0
4.8408E+0 4.9230E+0
4.8411E+0 4.8170E+0
4.8414E+0 4.9230E+0
4.8417E+0 4.8230E+0
4.8420E+0 4.9240E+0
4.8423E+0 4.8190E+0
4.8426E+0 4.9220E+0
4.8429E+0 4.8200E+0
4.8432E+0 4.9260E+0
4.8435E+0 4.8200E+0
4.8438E+0 4.9240E+0
4.8441E+0 4.8230E+0
4.8444E+0 4.9260E+0
4.8447E+0 4.8230E+0
4.8450E+0 4.9270E+0
4.8453E+0 4.8240E+0
4.8456E+0 4.9280E+0
4.8459E+0 4.8210E+0
4.8462E+0 4.9260E+0
4.8465E+0 4.8250E+0
4.8468E+0 4.9270E+0
4.8471E+0 4.8220E+0
4.8474E+0 4.9270E+0
4.8477E+0 4.8250E+0
4.8480E+0 4.9320E+0
4.8483E+0 4.8250E+0
4.8486E+0 4.9280E+0
4.8489E+0 4.8270E+0
4.8492E+0 4.9300E+0
4.8495E+0 4.8260E+0
4.8498E+0 4.9300E+0
4.8501E+0 4.8280E+0
4.8504E+0 4.9340E+0
4.8507E+0 4.8280E+0
4.8510E+0 4.9350E+0
4.8513E+0 4.8350E+0
4.8516E+0 4.9350E+0
4.8519E+0 4.8290E+0
4.8522E+0 4.9330E+0
4.8525E+0 4.8300E+0
4.8528E+0 4.9370E+0
4.8531E+0 4.8300E+0
4.8534E+0 4.9330E+0
4.8537E+0 4.8320E+0
4.8540E+0 4.9360E+0
4.8543E+0 4.8320E+0
4.8546E+0 4.9360E+0
4.8549E+0 4.8330E+0
4.8552E+0 4.9380E+0
4.8555E+0 4.8320E+0
4.8558E+0 4.9360E+0
4.8561E+0 4.8360E+0
4.8564E+0 4.9390E+0
4.8567E+0 4.8340E+0
4.8570E+0 4.9390E+0
4.8573E+0 4.8370E+0
4.8576E+0 4.9450E+0
4.8579E+0 4.8370E+0
4.8582E+0 4.9400E+0
4.8585E+0 4.8380E+0
4.8588E+0 4.9410E+0
4.8591E+0 4.8370E+0
4.8594E+0 4.9410E+0
4.8597E+0 4.8380E+0
4.8600E+0 4.9440E+0
4.8603E+0 4.8380E+0
4.8606E+0 4.9440E+0
4.8609E+0 4.8440E+0
4.8612E+0 4.9450E+0
4.8615E+0 4.8400E+0
4.8618E+0 4.9440E+0
4.8621E+0 4.8430E+0
4.8624E+0 4.9500E+0
4.8627E+0 4.8430E+0
4.8630E+0 4.9480E+0
4.8633E+0 4.8470E+0
4.8636E+0 4.9510E+0
4.8639E+0 4.8470E+0
4.8642E+0 4.9520E+0
4.8645E+0 4.8470E+0
4.8648E+0 4.9520E+0
4.8651E+0 4.8450E+0
4.8654E+0 4.9490E+0
4.8657E+0 4.8490E+0
4.8660E+0 4.9500E+0
4.8663E+0 4.8450E+0
4.8666E+0 4.9490E+0
4.8669E+0 4.8470E+0
4.8672E+0 4.9550E+0
4.8675E+0 4.8470E+0
4.8678E+0 4.9500E+0
4.8681E+0 4.8490E+0
4.8684E+0 4.9520E+0
4.8687E+0 4.8470E+0
4.8690E+0 4.9510E+0
4.8693E+0 4.8480E+0
4.8696E+0 4.9540E+0
4.8699E+0 4.8480E+0
4.8702E+0 4.9540E+0
4.8705E+0 4.8540E+0
4.8708E+0 4.9550E+0
4.8711E+0 4.8490E+0
4.8714E+0 4.9530E+0
4.8717E+0 4.8500E+0
4.8720E+0 4.9570E+0
4.8723E+0 4.8500E+0
4.8726E+0 4.9540E+0
4.8729E+0 4.8520E+0
4.8732E+0 4.9570E+0
4.8735E+0 4.8520E+0
4.8738E+0 4.9580E+0
4.8741E+0 4.8540E+0
4.8744E+0 4.9590E+0
4.8747E+0 4.8530E+0
4.8750E+0 4.9580E+0
4.8753E+0 4.8570E+0
4.8756E+0 4.9600E+0
4.8759E+0 4.8550E+0
4.8762E+0 4.9600E+0
4.8765E+0 4.8580E+0
4.8768E+0 4.9670E+0
4.8771E+0 4.8590E+0
4.8774E+0 4.9620E+0
4.8777E+0 4.8600E+0
4.8780E+0 4.9630E+0
4.8783E+0 4.8580E+0
4.8786E+0 4.9620E+0
4.8789E+0 4.8580E+0
4.8792E+0 4.9650E+0
4.8795E+0 4.8580E+0
4.8798E+0 4.9640E+0
4.8801E+0 4.8630E+0
4.8804E+0 4.9650E+0
4.8807E+0 4.8590E+0
4.8810E+0 4.9630E+0
4.8813E+0 4.8610E+0
4.8816E+0 4.9690E+0
4.8819E+0 4.8610E+0
