0.000E+0 2.978E+2
3.700E+0 2.985E+2
1.370E+1 2.989E+2
2.370E+1 2.993E+2
3.370E+1 2.995E+2
4.370E+1 2.997E+2
5.370E+1 2.998E+2
6.370E+1 3.000E+2
7.370E+1 3.001E+2
8.370E+1 3.002E+2
9.370E+1 3.003E+2
1.037E+2 3.004E+2
1.137E+2 3.005E+2
1.237E+2 3.006E+2
1.337E+2 3.007E+2
1.437E+2 3.008E+2
1.537E+2 3.008E+2
1.637E+2 3.009E+2
1.737E+2 3.010E+2
1.837E+2 3.010E+2
1.937E+2 3.012E+2
2.037E+2 3.012E+2
2.137E+2 3.013E+2
2.237E+2 3.013E+2
2.337E+2 3.014E+2
2.437E+2 3.015E+2
2.537E+2 3.015E+2
2.637E+2 3.016E+2
2.737E+2 3.017E+2
2.837E+2 3.017E+2
2.937E+2 3.018E+2
3.037E+2 3.018E+2
3.137E+2 3.018E+2
3.237E+2 3.019E+2
3.337E+2 3.020E+2
3.437E+2 3.020E+2
3.537E+2 3.021E+2
3.637E+2 3.021E+2
3.737E+2 3.022E+2
3.837E+2 3.022E+2
3.937E+2 3.023E+2
4.037E+2 3.023E+2
4.137E+2 3.023E+2
4.237E+2 3.024E+2
4.337E+2 3.025E+2
4.437E+2 3.025E+2
4.537E+2 3.025E+2
4.637E+2 3.026E+2
4.737E+2 3.026E+2
4.837E+2 3.027E+2
4.937E+2 3.027E+2
5.037E+2 3.027E+2
5.137E+2 3.027E+2
5.237E+2 3.028E+2
5.337E+2 3.028E+2
5.437E+2 3.028E+2
5.537E+2 3.029E+2
5.637E+2 3.029E+2
5.736E+2 3.030E+2
5.836E+2 3.030E+2
5.936E+2 3.030E+2
6.036E+2 3.031E+2
6.137E+2 3.031E+2
6.237E+2 3.032E+2
6.336E+2 3.032E+2
6.436E+2 3.032E+2
6.536E+2 3.032E+2
6.636E+2 3.032E+2
6.737E+2 3.033E+2
6.836E+2 3.033E+2
6.936E+2 3.033E+2
7.036E+2 3.033E+2
7.136E+2 3.034E+2
7.237E+2 3.034E+2
7.337E+2 3.034E+2
7.437E+2 3.035E+2
7.536E+2 3.035E+2
7.636E+2 3.035E+2
7.737E+2 3.035E+2
7.837E+2 3.035E+2
7.937E+2 3.035E+2
8.036E+2 3.036E+2
8.136E+2 3.036E+2
8.236E+2 3.036E+2
8.337E+2 3.037E+2
8.437E+2 3.037E+2
8.537E+2 3.037E+2
8.636E+2 3.037E+2
8.736E+2 3.037E+2
8.836E+2 3.037E+2
8.936E+2 3.038E+2
9.037E+2 3.038E+2
9.137E+2 3.038E+2
9.236E+2 3.038E+2
9.336E+2 3.038E+2
9.436E+2 3.038E+2
9.537E+2 3.038E+2
9.637E+2 3.039E+2
9.737E+2 3.039E+2
9.836E+2 3.040E+2
9.936E+2 3.040E+2
1.004E+3 3.040E+2
1.014E+3 3.040E+2
1.024E+3 3.040E+2
1.034E+3 3.040E+2
1.044E+3 3.040E+2
1.054E+3 3.041E+2
1.064E+3 3.041E+2
1.074E+3 3.041E+2
1.084E+3 3.041E+2
1.094E+3 3.042E+2
1.104E+3 3.042E+2
1.114E+3 3.042E+2
1.124E+3 3.042E+2
1.134E+3 3.042E+2
1.144E+3 3.042E+2
1.154E+3 3.042E+2
1.164E+3 3.042E+2
1.174E+3 3.042E+2
1.184E+3 3.042E+2
1.194E+3 3.042E+2
1.204E+3 3.043E+2
1.214E+3 3.043E+2
1.224E+3 3.043E+2
1.234E+3 3.043E+2
1.244E+3 3.043E+2
1.254E+3 3.043E+2
1.264E+3 3.043E+2
1.274E+3 3.043E+2
1.284E+3 3.043E+2
1.294E+3 3.043E+2
1.304E+3 3.043E+2
1.314E+3 3.043E+2
1.324E+3 3.043E+2
1.334E+3 3.044E+2
1.344E+3 3.044E+2
1.354E+3 3.044E+2
1.364E+3 3.044E+2
1.374E+3 3.044E+2
1.384E+3 3.044E+2
1.394E+3 3.044E+2
1.404E+3 3.045E+2
1.414E+3 3.045E+2
1.424E+3 3.045E+2
1.434E+3 3.045E+2
1.444E+3 3.045E+2
1.454E+3 3.045E+2
1.464E+3 3.045E+2
1.474E+3 3.045E+2
1.484E+3 3.045E+2
1.494E+3 3.045E+2
1.504E+3 3.045E+2
1.514E+3 3.045E+2
1.524E+3 3.045E+2
1.534E+3 3.045E+2
1.544E+3 3.045E+2
1.554E+3 3.045E+2
1.564E+3 3.045E+2
1.574E+3 3.045E+2
1.584E+3 3.045E+2
1.594E+3 3.045E+2
1.604E+3 3.046E+2
1.614E+3 3.045E+2
1.624E+3 3.046E+2
1.634E+3 3.046E+2
1.644E+3 3.046E+2
1.654E+3 3.046E+2
1.664E+3 3.046E+2
1.674E+3 3.046E+2
1.684E+3 3.046E+2
1.694E+3 3.046E+2
1.704E+3 3.046E+2
1.714E+3 3.047E+2
1.724E+3 3.047E+2
1.734E+3 3.047E+2
1.744E+3 3.047E+2
1.754E+3 3.047E+2
1.764E+3 3.047E+2
1.774E+3 3.047E+2
1.784E+3 3.047E+2
1.794E+3 3.047E+2
1.804E+3 3.047E+2
1.814E+3 3.047E+2
1.824E+3 3.047E+2
1.834E+3 3.047E+2
1.844E+3 3.047E+2
1.854E+3 3.047E+2
1.864E+3 3.047E+2
1.874E+3 3.047E+2
1.884E+3 3.047E+2
1.894E+3 3.047E+2
1.904E+3 3.047E+2
1.914E+3 3.047E+2
1.924E+3 3.047E+2
1.934E+3 3.047E+2
1.944E+3 3.047E+2
1.954E+3 3.047E+2
1.964E+3 3.047E+2
1.974E+3 3.047E+2
1.984E+3 3.047E+2
1.994E+3 3.047E+2
2.004E+3 3.047E+2
2.014E+3 3.047E+2
2.024E+3 3.047E+2
2.034E+3 3.047E+2
2.044E+3 3.047E+2
2.054E+3 3.047E+2
2.064E+3 3.047E+2
2.074E+3 3.047E+2
2.084E+3 3.047E+2
2.094E+3 3.048E+2
2.104E+3 3.048E+2
2.114E+3 3.048E+2
2.124E+3 3.048E+2
2.134E+3 3.048E+2
2.144E+3 3.048E+2
2.154E+3 3.048E+2
2.164E+3 3.048E+2
2.174E+3 3.048E+2
2.184E+3 3.048E+2
2.194E+3 3.048E+2
2.204E+3 3.048E+2
2.214E+3 3.048E+2
2.224E+3 3.048E+2
2.234E+3 3.048E+2
2.244E+3 3.048E+2
2.254E+3 3.048E+2
2.264E+3 3.048E+2
2.274E+3 3.048E+2
2.284E+3 3.048E+2
2.294E+3 3.048E+2
2.304E+3 3.048E+2
2.314E+3 3.048E+2
2.324E+3 3.048E+2
2.334E+3 3.048E+2
2.344E+3 3.048E+2
2.354E+3 3.048E+2
2.364E+3 3.048E+2
2.374E+3 3.048E+2
2.384E+3 3.048E+2
2.394E+3 3.048E+2
2.404E+3 3.048E+2
2.414E+3 3.048E+2
2.424E+3 3.048E+2
2.434E+3 3.048E+2
2.444E+3 3.048E+2
2.454E+3 3.048E+2
2.464E+3 3.048E+2
2.474E+3 3.048E+2
2.484E+3 3.048E+2
2.494E+3 3.048E+2
2.504E+3 3.048E+2
2.514E+3 3.048E+2
2.524E+3 3.048E+2
2.534E+3 3.048E+2
2.544E+3 3.048E+2
2.554E+3 3.048E+2
2.564E+3 3.048E+2
2.574E+3 3.048E+2
2.584E+3 3.048E+2
2.594E+3 3.048E+2
2.604E+3 3.048E+2
2.614E+3 3.048E+2
2.624E+3 3.048E+2
2.634E+3 3.048E+2
2.644E+3 3.048E+2
2.654E+3 3.048E+2
2.664E+3 3.048E+2
2.674E+3 3.048E+2
2.684E+3 3.048E+2
2.694E+3 3.048E+2
2.704E+3 3.048E+2
2.714E+3 3.048E+2
2.724E+3 3.048E+2
2.734E+3 3.048E+2
2.744E+3 3.048E+2
2.754E+3 3.048E+2
2.764E+3 3.048E+2
2.774E+3 3.048E+2
2.784E+3 3.048E+2
2.794E+3 3.048E+2
2.804E+3 3.048E+2
2.814E+3 3.048E+2
2.824E+3 3.048E+2
2.834E+3 3.048E+2
2.844E+3 3.048E+2
2.854E+3 3.048E+2
2.864E+3 3.048E+2
2.874E+3 3.048E+2
2.884E+3 3.048E+2
2.894E+3 3.048E+2
2.904E+3 3.048E+2
2.914E+3 3.048E+2
2.924E+3 3.048E+2
2.934E+3 3.048E+2
2.944E+3 3.048E+2
2.954E+3 3.048E+2
2.964E+3 3.048E+2
2.974E+3 3.048E+2
2.984E+3 3.048E+2
2.994E+3 3.048E+2
3.004E+3 3.048E+2
3.014E+3 3.048E+2
3.024E+3 3.048E+2
3.034E+3 3.048E+2
3.044E+3 3.048E+2
3.054E+3 3.048E+2
3.064E+3 3.048E+2
3.074E+3 3.048E+2
3.084E+3 3.048E+2
3.094E+3 3.048E+2
3.104E+3 3.048E+2
3.114E+3 3.048E+2
3.124E+3 3.048E+2
3.134E+3 3.048E+2
3.144E+3 3.048E+2
3.154E+3 3.048E+2
3.164E+3 3.048E+2
3.174E+3 3.048E+2
3.184E+3 3.048E+2
3.194E+3 3.048E+2
3.204E+3 3.048E+2
3.214E+3 3.048E+2
3.224E+3 3.048E+2
3.234E+3 3.048E+2
3.244E+3 3.048E+2
3.254E+3 3.048E+2
3.264E+3 3.048E+2
3.274E+3 3.048E+2
3.284E+3 3.048E+2
3.294E+3 3.048E+2
3.304E+3 3.048E+2
3.314E+3 3.048E+2
3.324E+3 3.048E+2
3.334E+3 3.048E+2
3.344E+3 3.048E+2
3.354E+3 3.048E+2
3.364E+3 3.048E+2
3.374E+3 3.048E+2
3.384E+3 3.048E+2
3.394E+3 3.048E+2
3.404E+3 3.048E+2
3.414E+3 3.048E+2
3.424E+3 3.048E+2
3.434E+3 3.048E+2
3.444E+3 3.048E+2
3.454E+3 3.048E+2
3.464E+3 3.048E+2
3.474E+3 3.048E+2
3.484E+3 3.048E+2
3.494E+3 3.048E+2
3.504E+3 3.048E+2
3.514E+3 3.048E+2
3.524E+3 3.048E+2
3.534E+3 3.048E+2
3.544E+3 3.048E+2
3.554E+3 3.048E+2
3.564E+3 3.048E+2
3.574E+3 3.048E+2
3.584E+3 3.048E+2
3.594E+3 3.048E+2
3.604E+3 3.048E+2
3.614E+3 3.048E+2
3.624E+3 3.048E+2
3.634E+3 3.048E+2
3.644E+3 3.048E+2
3.654E+3 3.048E+2
3.664E+3 3.048E+2
3.674E+3 3.048E+2
3.684E+3 3.048E+2
3.694E+3 3.048E+2
3.704E+3 3.048E+2
3.714E+3 3.048E+2
3.724E+3 3.048E+2
3.734E+3 3.048E+2
3.744E+3 3.048E+2
3.754E+3 3.048E+2
3.764E+3 3.048E+2
3.774E+3 3.048E+2
3.784E+3 3.048E+2
3.794E+3 3.048E+2
3.804E+3 3.048E+2
3.814E+3 3.048E+2
3.824E+3 3.048E+2
3.834E+3 3.048E+2
3.844E+3 3.048E+2
3.854E+3 3.048E+2
3.864E+3 3.048E+2
3.874E+3 3.048E+2
3.884E+3 3.048E+2
3.894E+3 3.048E+2
3.904E+3 3.048E+2
3.914E+3 3.048E+2
3.924E+3 3.048E+2
3.934E+3 3.048E+2
3.944E+3 3.048E+2
3.954E+3 3.048E+2
3.964E+3 3.048E+2
3.974E+3 3.048E+2
3.984E+3 3.048E+2
3.994E+3 3.048E+2
4.004E+3 3.048E+2
4.014E+3 3.048E+2
4.024E+3 3.048E+2
4.034E+3 3.048E+2
4.044E+3 3.048E+2
4.054E+3 3.048E+2
4.064E+3 3.048E+2
4.074E+3 3.048E+2
4.084E+3 3.048E+2
4.094E+3 3.048E+2
4.104E+3 3.048E+2
4.114E+3 3.048E+2
4.124E+3 3.048E+2
4.134E+3 3.048E+2
4.144E+3 3.048E+2
4.154E+3 3.048E+2
4.164E+3 3.048E+2
4.174E+3 3.048E+2
4.184E+3 3.048E+2
4.194E+3 3.048E+2
4.204E+3 3.048E+2
4.214E+3 3.048E+2
4.224E+3 3.048E+2
4.234E+3 3.048E+2
4.244E+3 3.048E+2
4.254E+3 3.048E+2
4.264E+3 3.048E+2
4.274E+3 3.048E+2
4.284E+3 3.048E+2
4.294E+3 3.048E+2
4.304E+3 3.048E+2
4.314E+3 3.048E+2
4.324E+3 3.048E+2
4.334E+3 3.048E+2
4.344E+3 3.048E+2
4.354E+3 3.048E+2
4.364E+3 3.048E+2
4.374E+3 3.048E+2
4.384E+3 3.048E+2
4.394E+3 3.048E+2
4.404E+3 3.048E+2
4.414E+3 3.048E+2
4.424E+3 3.048E+2
4.434E+3 3.048E+2
4.444E+3 3.048E+2
4.454E+3 3.048E+2
4.464E+3 3.048E+2
4.474E+3 3.048E+2
4.484E+3 3.048E+2
4.494E+3 3.048E+2
4.504E+3 3.048E+2
4.514E+3 3.048E+2
4.524E+3 3.048E+2
4.534E+3 3.048E+2
4.544E+3 3.048E+2
4.554E+3 3.048E+2
4.564E+3 3.048E+2
4.574E+3 3.048E+2
4.584E+3 3.048E+2
4.594E+3 3.048E+2
4.604E+3 3.048E+2
4.614E+3 3.048E+2
4.624E+3 3.048E+2
4.634E+3 3.048E+2
4.644E+3 3.048E+2
4.654E+3 3.048E+2
4.664E+3 3.048E+2
4.674E+3 3.048E+2
4.684E+3 3.048E+2
4.694E+3 3.048E+2
4.704E+3 3.048E+2
4.714E+3 3.048E+2
4.724E+3 3.048E+2
4.734E+3 3.048E+2
4.744E+3 3.048E+2
4.754E+3 3.048E+2
4.764E+3 3.048E+2
4.774E+3 3.048E+2
4.784E+3 3.048E+2
4.794E+3 3.048E+2
4.804E+3 3.048E+2
4.814E+3 3.048E+2
4.824E+3 3.048E+2
4.834E+3 3.048E+2
4.844E+3 3.048E+2
4.854E+3 3.048E+2
4.864E+3 3.048E+2
4.874E+3 3.048E+2
4.884E+3 3.048E+2
4.894E+3 3.048E+2
4.904E+3 3.048E+2
4.914E+3 3.048E+2
4.924E+3 3.048E+2
4.934E+3 3.048E+2
4.944E+3 3.048E+2
4.954E+3 3.048E+2
4.964E+3 3.048E+2
4.974E+3 3.048E+2
4.984E+3 3.048E+2
4.994E+3 3.048E+2
5.004E+3 3.048E+2
5.014E+3 3.048E+2
5.024E+3 3.048E+2
5.034E+3 3.048E+2
5.044E+3 3.048E+2
5.054E+3 3.048E+2
5.064E+3 3.048E+2
5.074E+3 3.048E+2
5.084E+3 3.048E+2
5.094E+3 3.048E+2
5.104E+3 3.048E+2
5.114E+3 3.048E+2
5.124E+3 3.048E+2
5.134E+3 3.048E+2
5.144E+3 3.048E+2
5.154E+3 3.048E+2
5.164E+3 3.048E+2
5.174E+3 3.048E+2
5.184E+3 3.048E+2
5.194E+3 3.048E+2
5.204E+3 3.048E+2
5.214E+3 3.048E+2
5.224E+3 3.048E+2
5.234E+3 3.048E+2
5.244E+3 3.048E+2
5.254E+3 3.048E+2
5.264E+3 3.048E+2
5.274E+3 3.048E+2
5.284E+3 3.048E+2
5.294E+3 3.048E+2
5.304E+3 3.048E+2
5.314E+3 3.048E+2
5.324E+3 3.048E+2
5.334E+3 3.048E+2
5.344E+3 3.048E+2
5.354E+3 3.048E+2
5.364E+3 3.048E+2
5.374E+3 3.048E+2
5.384E+3 3.048E+2
5.394E+3 3.048E+2
5.404E+3 3.048E+2
5.414E+3 3.048E+2
5.424E+3 3.048E+2
5.434E+3 3.048E+2
5.444E+3 3.048E+2
5.454E+3 3.048E+2
5.464E+3 3.048E+2
5.474E+3 3.048E+2
5.484E+3 3.048E+2
5.494E+3 3.048E+2
5.504E+3 3.048E+2
5.514E+3 3.048E+2
5.524E+3 3.048E+2
5.534E+3 3.048E+2
5.544E+3 3.048E+2
5.554E+3 3.048E+2
5.564E+3 3.048E+2
5.574E+3 3.048E+2
5.584E+3 3.048E+2
5.594E+3 3.048E+2
5.604E+3 3.048E+2
5.614E+3 3.048E+2
5.624E+3 3.048E+2
5.634E+3 3.048E+2
5.644E+3 3.048E+2
5.654E+3 3.048E+2
5.664E+3 3.048E+2
5.674E+3 3.048E+2
5.684E+3 3.048E+2
5.694E+3 3.048E+2
5.704E+3 3.048E+2
5.714E+3 3.048E+2
5.724E+3 3.048E+2
5.734E+3 3.048E+2
5.744E+3 3.048E+2
5.754E+3 3.048E+2
5.764E+3 3.048E+2
5.774E+3 3.048E+2
5.784E+3 3.048E+2
5.794E+3 3.048E+2
5.804E+3 3.048E+2
5.814E+3 3.048E+2
5.824E+3 3.048E+2
5.834E+3 3.048E+2
5.844E+3 3.048E+2
5.854E+3 3.048E+2
5.864E+3 3.048E+2
5.874E+3 3.048E+2
5.884E+3 3.048E+2
5.894E+3 3.048E+2
5.904E+3 3.048E+2
5.914E+3 3.048E+2
5.924E+3 3.048E+2
5.934E+3 3.048E+2
5.944E+3 3.048E+2
5.954E+3 3.048E+2
5.964E+3 3.048E+2
5.974E+3 3.048E+2
5.984E+3 3.048E+2
5.994E+3 3.048E+2
6.004E+3 3.048E+2
6.014E+3 3.048E+2
6.024E+3 3.048E+2
6.034E+3 3.048E+2
6.044E+3 3.048E+2
6.054E+3 3.048E+2
6.064E+3 3.048E+2
6.074E+3 3.048E+2
6.084E+3 3.048E+2
6.094E+3 3.048E+2
6.104E+3 3.048E+2
6.114E+3 3.048E+2
6.124E+3 3.048E+2
6.134E+3 3.048E+2
6.144E+3 3.048E+2
6.154E+3 3.048E+2
6.164E+3 3.048E+2
6.174E+3 3.048E+2
6.184E+3 3.048E+2
6.194E+3 3.048E+2
6.204E+3 3.048E+2
6.214E+3 3.048E+2
6.224E+3 3.048E+2
6.234E+3 3.048E+2
6.244E+3 3.048E+2
6.254E+3 3.048E+2
6.264E+3 3.048E+2
6.274E+3 3.048E+2
6.284E+3 3.048E+2
6.294E+3 3.048E+2
6.304E+3 3.048E+2
6.314E+3 3.048E+2
6.324E+3 3.048E+2
6.334E+3 3.048E+2
6.344E+3 3.048E+2
6.354E+3 3.048E+2
6.364E+3 3.048E+2
6.374E+3 3.048E+2
6.384E+3 3.048E+2
6.394E+3 3.048E+2
6.404E+3 3.048E+2
6.414E+3 3.048E+2
6.424E+3 3.048E+2
6.434E+3 3.049E+2
6.444E+3 3.048E+2
6.454E+3 3.049E+2
6.464E+3 3.049E+2
6.474E+3 3.049E+2
