0.000E+0 3.207E+2
6.300E+0 3.203E+2
1.630E+1 3.198E+2
2.630E+1 3.193E+2
3.630E+1 3.189E+2
4.690E+1 3.184E+2
5.630E+1 3.180E+2
6.640E+1 3.176E+2
7.630E+1 3.172E+2
8.640E+1 3.168E+2
9.630E+1 3.165E+2
1.063E+2 3.160E+2
1.163E+2 3.157E+2
1.264E+2 3.153E+2
1.363E+2 3.150E+2
1.463E+2 3.146E+2
1.563E+2 3.143E+2
1.663E+2 3.139E+2
1.763E+2 3.136E+2
1.864E+2 3.133E+2
1.964E+2 3.130E+2
2.063E+2 3.127E+2
2.164E+2 3.123E+2
2.263E+2 3.120E+2
2.363E+2 3.117E+2
2.464E+2 3.114E+2
2.563E+2 3.112E+2
2.663E+2 3.108E+2
2.763E+2 3.106E+2
2.863E+2 3.103E+2
2.964E+2 3.101E+2
3.064E+2 3.098E+2
3.163E+2 3.095E+2
3.263E+2 3.093E+2
3.363E+2 3.090E+2
3.463E+2 3.088E+2
3.563E+2 3.086E+2
3.663E+2 3.083E+2
3.763E+2 3.081E+2
3.863E+2 3.079E+2
3.963E+2 3.077E+2
4.063E+2 3.075E+2
4.163E+2 3.072E+2
4.263E+2 3.070E+2
4.363E+2 3.068E+2
4.463E+2 3.067E+2
4.564E+2 3.064E+2
4.664E+2 3.062E+2
4.763E+2 3.060E+2
4.863E+2 3.058E+2
4.963E+2 3.057E+2
5.064E+2 3.055E+2
5.163E+2 3.053E+2
5.263E+2 3.052E+2
5.364E+2 3.050E+2
5.463E+2 3.048E+2
5.563E+2 3.046E+2
5.663E+2 3.045E+2
5.764E+2 3.043E+2
5.864E+2 3.042E+2
5.963E+2 3.040E+2
6.063E+2 3.038E+2
6.163E+2 3.037E+2
6.263E+2 3.035E+2
6.364E+2 3.034E+2
6.463E+2 3.032E+2
6.563E+2 3.031E+2
6.663E+2 3.030E+2
6.763E+2 3.028E+2
6.864E+2 3.027E+2
6.964E+2 3.025E+2
7.063E+2 3.024E+2
7.163E+2 3.023E+2
7.263E+2 3.022E+2
7.364E+2 3.020E+2
7.463E+2 3.019E+2
7.563E+2 3.018E+2
7.664E+2 3.017E+2
7.763E+2 3.016E+2
7.864E+2 3.015E+2
7.963E+2 3.013E+2
8.064E+2 3.012E+2
8.163E+2 3.012E+2
8.263E+2 3.010E+2
8.364E+2 3.010E+2
8.464E+2 3.008E+2
8.563E+2 3.007E+2
8.664E+2 3.007E+2
8.763E+2 3.005E+2
8.863E+2 3.004E+2
8.963E+2 3.003E+2
9.063E+2 3.002E+2
9.164E+2 3.002E+2
9.263E+2 3.001E+2
9.363E+2 3.000E+2
9.463E+2 2.999E+2
9.563E+2 2.998E+2
9.664E+2 2.997E+2
9.763E+2 2.997E+2
9.863E+2 2.995E+2
9.964E+2 2.995E+2
1.006E+3 2.994E+2
1.016E+3 2.993E+2
1.026E+3 2.992E+2
1.036E+3 2.992E+2
1.046E+3 2.991E+2
1.056E+3 2.990E+2
1.066E+3 2.989E+2
1.076E+3 2.988E+2
1.086E+3 2.988E+2
1.096E+3 2.987E+2
1.106E+3 2.987E+2
1.116E+3 2.986E+2
1.127E+3 2.985E+2
1.136E+3 2.985E+2
1.146E+3 2.984E+2
1.156E+3 2.983E+2
1.166E+3 2.982E+2
1.176E+3 2.982E+2
1.186E+3 2.982E+2
1.196E+3 2.981E+2
1.206E+3 2.980E+2
1.216E+3 2.980E+2
1.226E+3 2.979E+2
1.236E+3 2.978E+2
1.246E+3 2.978E+2
1.256E+3 2.977E+2
1.266E+3 2.977E+2
1.277E+3 2.976E+2
1.286E+3 2.976E+2
1.296E+3 2.975E+2
1.306E+3 2.975E+2
1.316E+3 2.974E+2
1.326E+3 2.973E+2
1.336E+3 2.973E+2
1.346E+3 2.973E+2
1.356E+3 2.972E+2
1.366E+3 2.972E+2
1.376E+3 2.971E+2
1.386E+3 2.971E+2
1.396E+3 2.970E+2
1.406E+3 2.970E+2
1.416E+3 2.970E+2
1.426E+3 2.969E+2
1.436E+3 2.968E+2
1.446E+3 2.968E+2
1.456E+3 2.968E+2
1.466E+3 2.967E+2
1.476E+3 2.967E+2
1.486E+3 2.967E+2
1.496E+3 2.966E+2
1.506E+3 2.966E+2
1.516E+3 2.965E+2
1.526E+3 2.965E+2
1.536E+3 2.965E+2
1.546E+3 2.964E+2
1.556E+3 2.964E+2
1.566E+3 2.963E+2
1.576E+3 2.963E+2
1.586E+3 2.963E+2
1.596E+3 2.962E+2
1.606E+3 2.962E+2
1.616E+3 2.962E+2
1.626E+3 2.962E+2
1.636E+3 2.961E+2
1.646E+3 2.960E+2
1.656E+3 2.960E+2
1.666E+3 2.960E+2
1.676E+3 2.960E+2
1.686E+3 2.959E+2
1.696E+3 2.959E+2
1.706E+3 2.958E+2
1.716E+3 2.958E+2
1.726E+3 2.958E+2
1.736E+3 2.958E+2
1.746E+3 2.958E+2
1.756E+3 2.957E+2
1.766E+3 2.957E+2
1.776E+3 2.957E+2
1.786E+3 2.957E+2
1.796E+3 2.956E+2
1.806E+3 2.956E+2
1.816E+3 2.955E+2
1.826E+3 2.955E+2
1.836E+3 2.955E+2
1.846E+3 2.955E+2
1.856E+3 2.954E+2
1.866E+3 2.954E+2
1.876E+3 2.954E+2
1.886E+3 2.953E+2
1.896E+3 2.953E+2
1.906E+3 2.953E+2
1.916E+3 2.953E+2
1.926E+3 2.953E+2
1.936E+3 2.952E+2
1.946E+3 2.952E+2
1.956E+3 2.952E+2
1.966E+3 2.952E+2
1.976E+3 2.952E+2
1.986E+3 2.952E+2
1.996E+3 2.951E+2
2.006E+3 2.951E+2
2.016E+3 2.951E+2
2.026E+3 2.950E+2
2.036E+3 2.950E+2
2.046E+3 2.950E+2
2.056E+3 2.950E+2
2.066E+3 2.950E+2
2.076E+3 2.950E+2
2.086E+3 2.949E+2
2.096E+3 2.949E+2
2.106E+3 2.949E+2
2.116E+3 2.948E+2
2.126E+3 2.948E+2
2.136E+3 2.948E+2
2.146E+3 2.948E+2
2.156E+3 2.948E+2
2.166E+3 2.948E+2
2.176E+3 2.948E+2
2.186E+3 2.947E+2
2.196E+3 2.947E+2
2.206E+3 2.947E+2
2.216E+3 2.947E+2
2.226E+3 2.947E+2
2.236E+3 2.947E+2
2.246E+3 2.947E+2
2.256E+3 2.946E+2
2.266E+3 2.946E+2
2.276E+3 2.946E+2
2.286E+3 2.946E+2
2.296E+3 2.945E+2
2.306E+3 2.945E+2
2.316E+3 2.945E+2
2.326E+3 2.945E+2
2.336E+3 2.945E+2
2.346E+3 2.945E+2
2.356E+3 2.945E+2
2.366E+3 2.945E+2
2.376E+3 2.944E+2
2.386E+3 2.944E+2
2.396E+3 2.944E+2
2.406E+3 2.944E+2
2.416E+3 2.944E+2
2.426E+3 2.943E+2
2.436E+3 2.943E+2
2.446E+3 2.943E+2
2.456E+3 2.943E+2
2.466E+3 2.943E+2
2.476E+3 2.943E+2
2.486E+3 2.943E+2
2.496E+3 2.943E+2
2.506E+3 2.943E+2
2.516E+3 2.942E+2
2.526E+3 2.942E+2
2.536E+3 2.942E+2
2.546E+3 2.942E+2
2.556E+3 2.942E+2
2.566E+3 2.942E+2
2.576E+3 2.942E+2
2.586E+3 2.942E+2
2.596E+3 2.942E+2
2.606E+3 2.942E+2
2.616E+3 2.941E+2
2.626E+3 2.941E+2
2.636E+3 2.941E+2
2.646E+3 2.941E+2
2.656E+3 2.941E+2
2.666E+3 2.941E+2
2.676E+3 2.940E+2
2.686E+3 2.940E+2
2.696E+3 2.940E+2
2.706E+3 2.940E+2
2.716E+3 2.940E+2
2.726E+3 2.940E+2
2.736E+3 2.940E+2
2.746E+3 2.940E+2
2.756E+3 2.940E+2
2.766E+3 2.940E+2
2.776E+3 2.940E+2
2.786E+3 2.939E+2
2.796E+3 2.939E+2
2.806E+3 2.939E+2
2.816E+3 2.939E+2
2.826E+3 2.939E+2
2.836E+3 2.939E+2
2.846E+3 2.939E+2
2.856E+3 2.938E+2
2.866E+3 2.938E+2
2.876E+3 2.938E+2
2.886E+3 2.938E+2
2.896E+3 2.938E+2
2.906E+3 2.938E+2
2.916E+3 2.938E+2
2.926E+3 2.938E+2
2.936E+3 2.938E+2
2.946E+3 2.938E+2
2.956E+3 2.938E+2
2.966E+3 2.938E+2
2.976E+3 2.938E+2
2.986E+3 2.938E+2
2.996E+3 2.937E+2
3.006E+3 2.937E+2
3.016E+3 2.937E+2
3.026E+3 2.937E+2
3.036E+3 2.937E+2
3.046E+3 2.937E+2
3.056E+3 2.937E+2
3.066E+3 2.937E+2
3.076E+3 2.937E+2
3.086E+3 2.937E+2
3.096E+3 2.937E+2
3.106E+3 2.937E+2
3.116E+3 2.937E+2
3.126E+3 2.937E+2
3.136E+3 2.937E+2
3.146E+3 2.936E+2
3.156E+3 2.936E+2
3.166E+3 2.936E+2
3.176E+3 2.936E+2
3.186E+3 2.936E+2
3.196E+3 2.936E+2
3.206E+3 2.936E+2
3.216E+3 2.936E+2
3.226E+3 2.936E+2
3.236E+3 2.935E+2
3.246E+3 2.935E+2
3.256E+3 2.935E+2
3.266E+3 2.935E+2
3.276E+3 2.935E+2
3.286E+3 2.935E+2
3.296E+3 2.935E+2
3.306E+3 2.935E+2
3.316E+3 2.935E+2
3.326E+3 2.935E+2
3.336E+3 2.935E+2
3.346E+3 2.935E+2
3.356E+3 2.935E+2
3.366E+3 2.935E+2
3.376E+3 2.935E+2
3.386E+3 2.935E+2
3.396E+3 2.935E+2
3.406E+3 2.935E+2
3.416E+3 2.935E+2
3.426E+3 2.935E+2
3.436E+3 2.934E+2
3.446E+3 2.934E+2
3.456E+3 2.934E+2
3.466E+3 2.934E+2
3.476E+3 2.934E+2
3.486E+3 2.934E+2
3.496E+3 2.934E+2
3.506E+3 2.934E+2
3.516E+3 2.934E+2
3.526E+3 2.934E+2
3.536E+3 2.934E+2
3.546E+3 2.934E+2
3.556E+3 2.934E+2
3.566E+3 2.933E+2
3.576E+3 2.933E+2
3.586E+3 2.933E+2
3.596E+3 2.933E+2
3.606E+3 2.933E+2
3.616E+3 2.933E+2
3.626E+3 2.933E+2
3.636E+3 2.933E+2
3.646E+3 2.933E+2
3.656E+3 2.933E+2
3.666E+3 2.933E+2
3.676E+3 2.933E+2
3.686E+3 2.933E+2
3.696E+3 2.933E+2
3.706E+3 2.933E+2
3.716E+3 2.933E+2
3.726E+3 2.933E+2
3.736E+3 2.933E+2
3.746E+3 2.933E+2
3.756E+3 2.933E+2
3.766E+3 2.933E+2
3.776E+3 2.933E+2
3.786E+3 2.933E+2
3.796E+3 2.933E+2
3.806E+3 2.933E+2
3.816E+3 2.933E+2
3.826E+3 2.932E+2
3.836E+3 2.933E+2
3.846E+3 2.932E+2
3.856E+3 2.932E+2
3.866E+3 2.932E+2
3.876E+3 2.932E+2
3.886E+3 2.932E+2
3.896E+3 2.932E+2
3.906E+3 2.932E+2
3.916E+3 2.932E+2
3.926E+3 2.932E+2
3.936E+3 2.932E+2
3.946E+3 2.932E+2
3.956E+3 2.932E+2
3.966E+3 2.932E+2
3.976E+3 2.932E+2
3.986E+3 2.932E+2
3.996E+3 2.932E+2
4.006E+3 2.932E+2
4.016E+3 2.932E+2
4.026E+3 2.932E+2
4.036E+3 2.932E+2
4.046E+3 2.932E+2
4.056E+3 2.932E+2
4.066E+3 2.932E+2
4.076E+3 2.932E+2
4.086E+3 2.932E+2
4.096E+3 2.932E+2
4.106E+3 2.932E+2
4.116E+3 2.932E+2
4.126E+3 2.932E+2
4.136E+3 2.932E+2
4.146E+3 2.932E+2
4.156E+3 2.932E+2
4.166E+3 2.932E+2
4.176E+3 2.932E+2
4.186E+3 2.932E+2
4.196E+3 2.932E+2
4.206E+3 2.932E+2
4.216E+3 2.931E+2
4.226E+3 2.932E+2
4.236E+3 2.932E+2
4.246E+3 2.932E+2
4.256E+3 2.932E+2
4.266E+3 2.932E+2
4.276E+3 2.932E+2
4.286E+3 2.932E+2
4.297E+3 2.931E+2
4.306E+3 2.931E+2
4.316E+3 2.931E+2
4.326E+3 2.932E+2
4.336E+3 2.931E+2
4.346E+3 2.931E+2
4.356E+3 2.931E+2
4.366E+3 2.931E+2
4.376E+3 2.931E+2
4.386E+3 2.931E+2
4.396E+3 2.931E+2
4.406E+3 2.931E+2
4.416E+3 2.931E+2
4.426E+3 2.931E+2
4.436E+3 2.931E+2
4.446E+3 2.931E+2
4.456E+3 2.931E+2
4.466E+3 2.931E+2
4.476E+3 2.931E+2
4.486E+3 2.931E+2
4.496E+3 2.931E+2
4.506E+3 2.931E+2
4.516E+3 2.931E+2
4.526E+3 2.931E+2
4.536E+3 2.931E+2
4.546E+3 2.931E+2
4.556E+3 2.931E+2
4.566E+3 2.931E+2
4.576E+3 2.931E+2
4.586E+3 2.931E+2
4.596E+3 2.931E+2
4.606E+3 2.931E+2
4.616E+3 2.931E+2
4.626E+3 2.931E+2
4.636E+3 2.931E+2
4.646E+3 2.931E+2
4.656E+3 2.931E+2
4.666E+3 2.931E+2
4.676E+3 2.931E+2
4.686E+3 2.931E+2
4.696E+3 2.931E+2
4.706E+3 2.931E+2
4.716E+3 2.931E+2
4.726E+3 2.931E+2
4.736E+3 2.931E+2
4.746E+3 2.931E+2
4.756E+3 2.931E+2
4.766E+3 2.931E+2
4.776E+3 2.930E+2
4.786E+3 2.931E+2
4.796E+3 2.931E+2
4.806E+3 2.931E+2
4.816E+3 2.931E+2
4.826E+3 2.930E+2
4.836E+3 2.931E+2
4.846E+3 2.931E+2
4.856E+3 2.930E+2
4.866E+3 2.931E+2
4.876E+3 2.930E+2
4.886E+3 2.931E+2
4.896E+3 2.930E+2
4.906E+3 2.930E+2
4.916E+3 2.930E+2
4.926E+3 2.931E+2
4.936E+3 2.930E+2
4.946E+3 2.931E+2
4.956E+3 2.931E+2
4.966E+3 2.930E+2
4.976E+3 2.931E+2
4.986E+3 2.931E+2
4.996E+3 2.930E+2
5.006E+3 2.930E+2
5.016E+3 2.930E+2
5.026E+3 2.930E+2
5.036E+3 2.930E+2
5.046E+3 2.930E+2
5.056E+3 2.930E+2
5.066E+3 2.930E+2
5.076E+3 2.930E+2
5.086E+3 2.930E+2
5.096E+3 2.930E+2
5.106E+3 2.930E+2
5.116E+3 2.930E+2
5.126E+3 2.930E+2
5.136E+3 2.930E+2
5.146E+3 2.930E+2
5.156E+3 2.930E+2
5.166E+3 2.930E+2
5.176E+3 2.931E+2
5.186E+3 2.930E+2
5.196E+3 2.930E+2
5.206E+3 2.930E+2
5.216E+3 2.930E+2
5.226E+3 2.930E+2
5.236E+3 2.930E+2
5.246E+3 2.930E+2
5.256E+3 2.930E+2
5.266E+3 2.931E+2
5.276E+3 2.930E+2
5.286E+3 2.931E+2
5.296E+3 2.930E+2
5.306E+3 2.931E+2
5.316E+3 2.930E+2
5.326E+3 2.930E+2
5.336E+3 2.930E+2
5.346E+3 2.931E+2
5.356E+3 2.930E+2
5.366E+3 2.930E+2
5.376E+3 2.930E+2
5.386E+3 2.931E+2
5.396E+3 2.930E+2
5.406E+3 2.930E+2
5.417E+3 2.931E+2
5.426E+3 2.931E+2
5.436E+3 2.930E+2
5.446E+3 2.930E+2
5.456E+3 2.931E+2
5.466E+3 2.931E+2
5.476E+3 2.930E+2
5.486E+3 2.931E+2
5.496E+3 2.930E+2
5.506E+3 2.930E+2
5.516E+3 2.931E+2
5.526E+3 2.931E+2
5.536E+3 2.930E+2
5.546E+3 2.930E+2
5.556E+3 2.930E+2
5.566E+3 2.931E+2
5.576E+3 2.931E+2
5.586E+3 2.931E+2
5.596E+3 2.931E+2
5.606E+3 2.930E+2
5.616E+3 2.931E+2
5.626E+3 2.931E+2
5.636E+3 2.931E+2
5.646E+3 2.931E+2
5.656E+3 2.931E+2
5.666E+3 2.931E+2
5.676E+3 2.931E+2
5.686E+3 2.931E+2
5.696E+3 2.931E+2
5.706E+3 2.931E+2
5.716E+3 2.931E+2
5.726E+3 2.931E+2
5.736E+3 2.931E+2
5.746E+3 2.931E+2
5.756E+3 2.931E+2
5.766E+3 2.931E+2
5.776E+3 2.931E+2
5.786E+3 2.931E+2
5.796E+3 2.931E+2
5.806E+3 2.931E+2
5.816E+3 2.931E+2
5.826E+3 2.931E+2
5.836E+3 2.931E+2
5.846E+3 2.931E+2
5.856E+3 2.931E+2
5.866E+3 2.931E+2
5.876E+3 2.931E+2
5.886E+3 2.931E+2
5.896E+3 2.931E+2
5.906E+3 2.931E+2
5.916E+3 2.931E+2
5.926E+3 2.931E+2
5.936E+3 2.931E+2
5.946E+3 2.931E+2
5.956E+3 2.931E+2
5.966E+3 2.931E+2
5.976E+3 2.931E+2
5.986E+3 2.931E+2
5.996E+3 2.931E+2
6.006E+3 2.931E+2
6.016E+3 2.931E+2
6.026E+3 2.931E+2
6.036E+3 2.931E+2
6.046E+3 2.931E+2
6.056E+3 2.931E+2
6.066E+3 2.931E+2
6.076E+3 2.931E+2
6.086E+3 2.931E+2
6.096E+3 2.931E+2
6.106E+3 2.931E+2
6.116E+3 2.931E+2
6.126E+3 2.932E+2
6.136E+3 2.932E+2
6.146E+3 2.932E+2
6.156E+3 2.931E+2
6.166E+3 2.931E+2
6.176E+3 2.931E+2
6.186E+3 2.932E+2
6.196E+3 2.932E+2
6.206E+3 2.932E+2
6.216E+3 2.932E+2
6.226E+3 2.932E+2
6.236E+3 2.932E+2
6.246E+3 2.932E+2
6.256E+3 2.932E+2
6.266E+3 2.932E+2
6.276E+3 2.932E+2
6.286E+3 2.932E+2
6.296E+3 2.932E+2
6.306E+3 2.932E+2
6.316E+3 2.932E+2
6.326E+3 2.931E+2
6.336E+3 2.932E+2
6.346E+3 2.932E+2
6.356E+3 2.932E+2
6.366E+3 2.932E+2
6.376E+3 2.932E+2
6.386E+3 2.932E+2
6.396E+3 2.932E+2
6.406E+3 2.932E+2
6.416E+3 2.932E+2
6.426E+3 2.932E+2
6.436E+3 2.932E+2
6.446E+3 2.932E+2
6.456E+3 2.932E+2
6.466E+3 2.932E+2
6.476E+3 2.932E+2
6.486E+3 2.932E+2
6.496E+3 2.932E+2
6.506E+3 2.932E+2
6.516E+3 2.932E+2
6.526E+3 2.932E+2
6.536E+3 2.932E+2
6.546E+3 2.932E+2
6.556E+3 2.932E+2
6.566E+3 2.932E+2
6.576E+3 2.932E+2
6.586E+3 2.932E+2
6.596E+3 2.932E+2
6.606E+3 2.932E+2
6.616E+3 2.932E+2
6.626E+3 2.932E+2
6.636E+3 2.932E+2
6.646E+3 2.932E+2
6.656E+3 2.932E+2
6.666E+3 2.932E+2
6.676E+3 2.932E+2
6.686E+3 2.932E+2
6.696E+3 2.932E+2
6.706E+3 2.932E+2
6.716E+3 2.932E+2
6.726E+3 2.932E+2
6.736E+3 2.932E+2
6.746E+3 2.932E+2
6.756E+3 2.932E+2
6.766E+3 2.932E+2
6.776E+3 2.932E+2
6.786E+3 2.932E+2
6.796E+3 2.932E+2
6.806E+3 2.932E+2
6.816E+3 2.932E+2
6.826E+3 2.932E+2
6.836E+3 2.932E+2
6.846E+3 2.932E+2
6.856E+3 2.932E+2
6.866E+3 2.932E+2
6.876E+3 2.932E+2
6.886E+3 2.932E+2
6.896E+3 2.932E+2
6.906E+3 2.932E+2
6.916E+3 2.932E+2
6.926E+3 2.932E+2
6.936E+3 2.932E+2
6.946E+3 2.932E+2
6.956E+3 2.932E+2
6.966E+3 2.932E+2
6.976E+3 2.932E+2
6.986E+3 2.932E+2
6.996E+3 2.932E+2
7.006E+3 2.932E+2
7.016E+3 2.932E+2
7.026E+3 2.932E+2
7.036E+3 2.932E+2
7.046E+3 2.932E+2
7.056E+3 2.932E+2
7.066E+3 2.932E+2
