0.000000000E+0 -7.636647215E-3
1.000000000E+0 -7.385911463E-4
2.000000000E+0 -1.617611786E-18
3.000000000E+0 -1.247634304E-3
4.000000000E+0 8.561028007E-4
5.000000000E+0 9.225836599E-4
6.000000000E+0 -1.594156773E-3
7.000000000E+0 2.180362936E-18
8.000000000E+0 1.810261053E-3
9.000000000E+0 -1.195012828E-3
1.000000000E+1 -1.280492404E-3
1.100000000E+1 2.229269240E-3
1.200000000E+1 -2.209777747E-18
1.300000000E+1 -2.623109023E-3
1.400000000E+1 1.776983222E-3
1.500000000E+1 1.965273679E-3
1.600000000E+1 -3.555774576E-3
1.700000000E+1 2.218675574E-18
1.800000000E+1 4.653252637E-3
1.900000000E+1 -3.399637306E-3
2.000000000E+1 -4.155967178E-3
2.100000000E+1 8.647158258E-3
2.200000000E+1 -2.220127842E-18
2.300000000E+1 -2.018075259E-2
2.400000000E+1 3.741897653E-2
2.500000000E+1 -3.741957135E-2
2.600000000E+1 2.018172528E-2
2.700000000E+1 2.220310033E-18
2.800000000E+1 -8.648184268E-3
2.900000000E+1 4.156629330E-3
3.000000000E+1 3.400336782E-3
3.100000000E+1 -4.654462755E-3
3.200000000E+1 -2.219396799E-18
3.300000000E+1 3.557213319E-3
3.400000000E+1 -1.966264329E-3
3.500000000E+1 -1.778104757E-3
3.600000000E+1 2.625200185E-3
3.700000000E+1 2.212030814E-18
3.800000000E+1 -2.232224325E-3
3.900000000E+1 1.282745943E-3
4.000000000E+1 1.197879991E-3
4.100000000E+1 -1.816385229E-3
4.200000000E+1 -2.191226604E-18
4.300000000E+1 1.606552500E-3
4.400000000E+1 -9.347177838E-4
4.500000000E+1 -8.775795790E-4
4.600000000E+1 1.320775363E-3
4.700000000E+1 1.967210198E-18
4.800000000E+1 -9.386019238E-4
4.900000000E+1 -4.378428227E-4
5.000000000E+1 0.000000000E+0
5.100000000E+1 0.000000000E+0
5.200000000E+1 0.000000000E+0
5.300000000E+1 0.000000000E+0
5.400000000E+1 0.000000000E+0
5.500000000E+1 0.000000000E+0
5.600000000E+1 0.000000000E+0
5.700000000E+1 0.000000000E+0
5.800000000E+1 0.000000000E+0
5.900000000E+1 0.000000000E+0
6.000000000E+1 0.000000000E+0
6.100000000E+1 0.000000000E+0
6.200000000E+1 0.000000000E+0
6.300000000E+1 0.000000000E+0
6.400000000E+1 0.000000000E+0
6.500000000E+1 0.000000000E+0
6.600000000E+1 0.000000000E+0
6.700000000E+1 0.000000000E+0
6.800000000E+1 0.000000000E+0
6.900000000E+1 0.000000000E+0
7.000000000E+1 0.000000000E+0
7.100000000E+1 0.000000000E+0
7.200000000E+1 0.000000000E+0
7.300000000E+1 0.000000000E+0
7.400000000E+1 0.000000000E+0
7.500000000E+1 0.000000000E+0
7.600000000E+1 0.000000000E+0
7.700000000E+1 0.000000000E+0
7.800000000E+1 0.000000000E+0
7.900000000E+1 0.000000000E+0
8.000000000E+1 0.000000000E+0
8.100000000E+1 0.000000000E+0
8.200000000E+1 0.000000000E+0
8.300000000E+1 0.000000000E+0
8.400000000E+1 0.000000000E+0
8.500000000E+1 0.000000000E+0
8.600000000E+1 0.000000000E+0
8.700000000E+1 0.000000000E+0
8.800000000E+1 0.000000000E+0
8.900000000E+1 0.000000000E+0
9.000000000E+1 0.000000000E+0
9.100000000E+1 0.000000000E+0
9.200000000E+1 0.000000000E+0
9.300000000E+1 0.000000000E+0
9.400000000E+1 0.000000000E+0
9.500000000E+1 0.000000000E+0
9.600000000E+1 0.000000000E+0
9.700000000E+1 0.000000000E+0
9.800000000E+1 0.000000000E+0
9.900000000E+1 0.000000000E+0
1.000000000E+2 0.000000000E+0
1.010000000E+2 0.000000000E+0
1.020000000E+2 0.000000000E+0
1.030000000E+2 0.000000000E+0
1.040000000E+2 0.000000000E+0
1.050000000E+2 0.000000000E+0
1.060000000E+2 0.000000000E+0
1.070000000E+2 0.000000000E+0
1.080000000E+2 0.000000000E+0
1.090000000E+2 0.000000000E+0
1.100000000E+2 0.000000000E+0
1.110000000E+2 0.000000000E+0
1.120000000E+2 0.000000000E+0
1.130000000E+2 0.000000000E+0
1.140000000E+2 0.000000000E+0
1.150000000E+2 0.000000000E+0
1.160000000E+2 0.000000000E+0
1.170000000E+2 0.000000000E+0
1.180000000E+2 0.000000000E+0
1.190000000E+2 0.000000000E+0
1.200000000E+2 0.000000000E+0
1.210000000E+2 0.000000000E+0
1.220000000E+2 0.000000000E+0
1.230000000E+2 0.000000000E+0
1.240000000E+2 0.000000000E+0
1.250000000E+2 0.000000000E+0
1.260000000E+2 0.000000000E+0
1.270000000E+2 0.000000000E+0
1.280000000E+2 0.000000000E+0
1.290000000E+2 0.000000000E+0
1.300000000E+2 0.000000000E+0
1.310000000E+2 0.000000000E+0
1.320000000E+2 0.000000000E+0
1.330000000E+2 0.000000000E+0
1.340000000E+2 0.000000000E+0
1.350000000E+2 0.000000000E+0
1.360000000E+2 0.000000000E+0
1.370000000E+2 0.000000000E+0
1.380000000E+2 0.000000000E+0
1.390000000E+2 0.000000000E+0
1.400000000E+2 0.000000000E+0
1.410000000E+2 0.000000000E+0
1.420000000E+2 0.000000000E+0
1.430000000E+2 0.000000000E+0
1.440000000E+2 0.000000000E+0
1.450000000E+2 0.000000000E+0
1.460000000E+2 0.000000000E+0
1.470000000E+2 0.000000000E+0
1.480000000E+2 0.000000000E+0
1.490000000E+2 0.000000000E+0
1.500000000E+2 0.000000000E+0
1.510000000E+2 0.000000000E+0
1.520000000E+2 0.000000000E+0
1.530000000E+2 0.000000000E+0
1.540000000E+2 0.000000000E+0
1.550000000E+2 0.000000000E+0
1.560000000E+2 0.000000000E+0
1.570000000E+2 0.000000000E+0
1.580000000E+2 0.000000000E+0
1.590000000E+2 0.000000000E+0
1.600000000E+2 0.000000000E+0
1.610000000E+2 0.000000000E+0
1.620000000E+2 0.000000000E+0
1.630000000E+2 0.000000000E+0
1.640000000E+2 0.000000000E+0
1.650000000E+2 0.000000000E+0
1.660000000E+2 0.000000000E+0
1.670000000E+2 0.000000000E+0
1.680000000E+2 0.000000000E+0
1.690000000E+2 0.000000000E+0
1.700000000E+2 0.000000000E+0
1.710000000E+2 0.000000000E+0
1.720000000E+2 0.000000000E+0
1.730000000E+2 0.000000000E+0
1.740000000E+2 0.000000000E+0
1.750000000E+2 0.000000000E+0
1.760000000E+2 0.000000000E+0
1.770000000E+2 0.000000000E+0
1.780000000E+2 0.000000000E+0
1.790000000E+2 0.000000000E+0
1.800000000E+2 0.000000000E+0
1.810000000E+2 0.000000000E+0
1.820000000E+2 0.000000000E+0
1.830000000E+2 0.000000000E+0
1.840000000E+2 0.000000000E+0
1.850000000E+2 0.000000000E+0
1.860000000E+2 0.000000000E+0
1.870000000E+2 0.000000000E+0
1.880000000E+2 0.000000000E+0
1.890000000E+2 0.000000000E+0
1.900000000E+2 0.000000000E+0
1.910000000E+2 0.000000000E+0
1.920000000E+2 0.000000000E+0
1.930000000E+2 0.000000000E+0
1.940000000E+2 0.000000000E+0
1.950000000E+2 0.000000000E+0
1.960000000E+2 0.000000000E+0
1.970000000E+2 0.000000000E+0
1.980000000E+2 0.000000000E+0
1.990000000E+2 0.000000000E+0
2.000000000E+2 0.000000000E+0
2.010000000E+2 0.000000000E+0
2.020000000E+2 0.000000000E+0
2.030000000E+2 0.000000000E+0
2.040000000E+2 0.000000000E+0
2.050000000E+2 0.000000000E+0
2.060000000E+2 0.000000000E+0
2.070000000E+2 0.000000000E+0
2.080000000E+2 0.000000000E+0
2.090000000E+2 0.000000000E+0
2.100000000E+2 0.000000000E+0
2.110000000E+2 0.000000000E+0
2.120000000E+2 0.000000000E+0
2.130000000E+2 0.000000000E+0
2.140000000E+2 0.000000000E+0
2.150000000E+2 0.000000000E+0
2.160000000E+2 0.000000000E+0
2.170000000E+2 0.000000000E+0
2.180000000E+2 0.000000000E+0
2.190000000E+2 0.000000000E+0
2.200000000E+2 0.000000000E+0
2.210000000E+2 0.000000000E+0
2.220000000E+2 0.000000000E+0
2.230000000E+2 0.000000000E+0
2.240000000E+2 0.000000000E+0
2.250000000E+2 0.000000000E+0
2.260000000E+2 0.000000000E+0
2.270000000E+2 0.000000000E+0
2.280000000E+2 0.000000000E+0
2.290000000E+2 0.000000000E+0
2.300000000E+2 0.000000000E+0
2.310000000E+2 0.000000000E+0
2.320000000E+2 0.000000000E+0
2.330000000E+2 0.000000000E+0
2.340000000E+2 0.000000000E+0
2.350000000E+2 0.000000000E+0
2.360000000E+2 0.000000000E+0
2.370000000E+2 0.000000000E+0
2.380000000E+2 0.000000000E+0
2.390000000E+2 0.000000000E+0
2.400000000E+2 0.000000000E+0
2.410000000E+2 0.000000000E+0
2.420000000E+2 0.000000000E+0
2.430000000E+2 0.000000000E+0
2.440000000E+2 0.000000000E+0
2.450000000E+2 0.000000000E+0
2.460000000E+2 0.000000000E+0
2.470000000E+2 0.000000000E+0
2.480000000E+2 0.000000000E+0
2.490000000E+2 0.000000000E+0
2.500000000E+2 0.000000000E+0
2.510000000E+2 0.000000000E+0
2.520000000E+2 0.000000000E+0
2.530000000E+2 0.000000000E+0
2.540000000E+2 0.000000000E+0
2.550000000E+2 0.000000000E+0
2.560000000E+2 0.000000000E+0
2.570000000E+2 0.000000000E+0
2.580000000E+2 0.000000000E+0
2.590000000E+2 0.000000000E+0
2.600000000E+2 0.000000000E+0
2.610000000E+2 0.000000000E+0
2.620000000E+2 0.000000000E+0
2.630000000E+2 0.000000000E+0
2.640000000E+2 0.000000000E+0
2.650000000E+2 0.000000000E+0
2.660000000E+2 0.000000000E+0
2.670000000E+2 0.000000000E+0
2.680000000E+2 0.000000000E+0
2.690000000E+2 0.000000000E+0
2.700000000E+2 0.000000000E+0
2.710000000E+2 0.000000000E+0
2.720000000E+2 0.000000000E+0
2.730000000E+2 0.000000000E+0
2.740000000E+2 0.000000000E+0
2.750000000E+2 0.000000000E+0
2.760000000E+2 0.000000000E+0
2.770000000E+2 0.000000000E+0
2.780000000E+2 0.000000000E+0
2.790000000E+2 0.000000000E+0
2.800000000E+2 0.000000000E+0
2.810000000E+2 0.000000000E+0
2.820000000E+2 0.000000000E+0
2.830000000E+2 0.000000000E+0
2.840000000E+2 0.000000000E+0
2.850000000E+2 0.000000000E+0
2.860000000E+2 0.000000000E+0
2.870000000E+2 0.000000000E+0
2.880000000E+2 0.000000000E+0
2.890000000E+2 0.000000000E+0
2.900000000E+2 0.000000000E+0
2.910000000E+2 0.000000000E+0
2.920000000E+2 0.000000000E+0
2.930000000E+2 0.000000000E+0
2.940000000E+2 0.000000000E+0
2.950000000E+2 0.000000000E+0
2.960000000E+2 0.000000000E+0
2.970000000E+2 0.000000000E+0
2.980000000E+2 0.000000000E+0
2.990000000E+2 0.000000000E+0
3.000000000E+2 0.000000000E+0
3.010000000E+2 0.000000000E+0
3.020000000E+2 0.000000000E+0
3.030000000E+2 0.000000000E+0
3.040000000E+2 0.000000000E+0
3.050000000E+2 0.000000000E+0
3.060000000E+2 0.000000000E+0
3.070000000E+2 0.000000000E+0
3.080000000E+2 0.000000000E+0
3.090000000E+2 0.000000000E+0
3.100000000E+2 0.000000000E+0
3.110000000E+2 0.000000000E+0
3.120000000E+2 0.000000000E+0
3.130000000E+2 0.000000000E+0
3.140000000E+2 0.000000000E+0
3.150000000E+2 0.000000000E+0
3.160000000E+2 0.000000000E+0
3.170000000E+2 0.000000000E+0
3.180000000E+2 0.000000000E+0
3.190000000E+2 0.000000000E+0
3.200000000E+2 0.000000000E+0
3.210000000E+2 0.000000000E+0
3.220000000E+2 0.000000000E+0
3.230000000E+2 0.000000000E+0
3.240000000E+2 0.000000000E+0
3.250000000E+2 0.000000000E+0
3.260000000E+2 0.000000000E+0
3.270000000E+2 0.000000000E+0
3.280000000E+2 0.000000000E+0
3.290000000E+2 0.000000000E+0
3.300000000E+2 0.000000000E+0
3.310000000E+2 0.000000000E+0
3.320000000E+2 0.000000000E+0
3.330000000E+2 0.000000000E+0
3.340000000E+2 0.000000000E+0
3.350000000E+2 0.000000000E+0
3.360000000E+2 0.000000000E+0
3.370000000E+2 0.000000000E+0
3.380000000E+2 0.000000000E+0
3.390000000E+2 0.000000000E+0
3.400000000E+2 0.000000000E+0
3.410000000E+2 0.000000000E+0
3.420000000E+2 0.000000000E+0
3.430000000E+2 0.000000000E+0
3.440000000E+2 0.000000000E+0
3.450000000E+2 0.000000000E+0
3.460000000E+2 0.000000000E+0
3.470000000E+2 0.000000000E+0
3.480000000E+2 0.000000000E+0
3.490000000E+2 0.000000000E+0
3.500000000E+2 0.000000000E+0
3.510000000E+2 0.000000000E+0
3.520000000E+2 0.000000000E+0
3.530000000E+2 0.000000000E+0
3.540000000E+2 0.000000000E+0
3.550000000E+2 0.000000000E+0
3.560000000E+2 0.000000000E+0
3.570000000E+2 0.000000000E+0
3.580000000E+2 0.000000000E+0
3.590000000E+2 0.000000000E+0
3.600000000E+2 0.000000000E+0
3.610000000E+2 0.000000000E+0
3.620000000E+2 0.000000000E+0
3.630000000E+2 0.000000000E+0
3.640000000E+2 0.000000000E+0
3.650000000E+2 0.000000000E+0
3.660000000E+2 0.000000000E+0
3.670000000E+2 0.000000000E+0
3.680000000E+2 0.000000000E+0
3.690000000E+2 0.000000000E+0
3.700000000E+2 0.000000000E+0
3.710000000E+2 0.000000000E+0
3.720000000E+2 0.000000000E+0
3.730000000E+2 0.000000000E+0
3.740000000E+2 0.000000000E+0
3.750000000E+2 0.000000000E+0
3.760000000E+2 0.000000000E+0
3.770000000E+2 0.000000000E+0
3.780000000E+2 0.000000000E+0
3.790000000E+2 0.000000000E+0
3.800000000E+2 0.000000000E+0
3.810000000E+2 0.000000000E+0
3.820000000E+2 0.000000000E+0
3.830000000E+2 0.000000000E+0
3.840000000E+2 0.000000000E+0
3.850000000E+2 0.000000000E+0
3.860000000E+2 0.000000000E+0
3.870000000E+2 0.000000000E+0
3.880000000E+2 0.000000000E+0
3.890000000E+2 0.000000000E+0
3.900000000E+2 0.000000000E+0
3.910000000E+2 0.000000000E+0
3.920000000E+2 0.000000000E+0
3.930000000E+2 0.000000000E+0
3.940000000E+2 0.000000000E+0
3.950000000E+2 0.000000000E+0
3.960000000E+2 0.000000000E+0
3.970000000E+2 0.000000000E+0
3.980000000E+2 0.000000000E+0
3.990000000E+2 0.000000000E+0
4.000000000E+2 0.000000000E+0
4.010000000E+2 0.000000000E+0
4.020000000E+2 0.000000000E+0
4.030000000E+2 0.000000000E+0
4.040000000E+2 0.000000000E+0
4.050000000E+2 0.000000000E+0
4.060000000E+2 0.000000000E+0
4.070000000E+2 0.000000000E+0
4.080000000E+2 0.000000000E+0
4.090000000E+2 0.000000000E+0
4.100000000E+2 0.000000000E+0
4.110000000E+2 0.000000000E+0
4.120000000E+2 0.000000000E+0
4.130000000E+2 0.000000000E+0
4.140000000E+2 0.000000000E+0
4.150000000E+2 0.000000000E+0
4.160000000E+2 0.000000000E+0
4.170000000E+2 0.000000000E+0
4.180000000E+2 0.000000000E+0
4.190000000E+2 0.000000000E+0
4.200000000E+2 0.000000000E+0
4.210000000E+2 0.000000000E+0
4.220000000E+2 0.000000000E+0
4.230000000E+2 0.000000000E+0
4.240000000E+2 0.000000000E+0
4.250000000E+2 0.000000000E+0
4.260000000E+2 0.000000000E+0
4.270000000E+2 0.000000000E+0
4.280000000E+2 0.000000000E+0
4.290000000E+2 0.000000000E+0
4.300000000E+2 0.000000000E+0
4.310000000E+2 0.000000000E+0
4.320000000E+2 0.000000000E+0
4.330000000E+2 0.000000000E+0
4.340000000E+2 0.000000000E+0
4.350000000E+2 0.000000000E+0
4.360000000E+2 0.000000000E+0
4.370000000E+2 0.000000000E+0
4.380000000E+2 0.000000000E+0
4.390000000E+2 0.000000000E+0
4.400000000E+2 0.000000000E+0
4.410000000E+2 0.000000000E+0
4.420000000E+2 0.000000000E+0
4.430000000E+2 0.000000000E+0
4.440000000E+2 0.000000000E+0
4.450000000E+2 0.000000000E+0
4.460000000E+2 0.000000000E+0
4.470000000E+2 0.000000000E+0
4.480000000E+2 0.000000000E+0
4.490000000E+2 0.000000000E+0
4.500000000E+2 0.000000000E+0
4.510000000E+2 0.000000000E+0
4.520000000E+2 0.000000000E+0
4.530000000E+2 0.000000000E+0
4.540000000E+2 0.000000000E+0
4.550000000E+2 0.000000000E+0
4.560000000E+2 0.000000000E+0
4.570000000E+2 0.000000000E+0
4.580000000E+2 0.000000000E+0
4.590000000E+2 0.000000000E+0
4.600000000E+2 0.000000000E+0
4.610000000E+2 0.000000000E+0
4.620000000E+2 0.000000000E+0
4.630000000E+2 0.000000000E+0
4.640000000E+2 0.000000000E+0
4.650000000E+2 0.000000000E+0
4.660000000E+2 0.000000000E+0
4.670000000E+2 0.000000000E+0
4.680000000E+2 0.000000000E+0
4.690000000E+2 0.000000000E+0
4.700000000E+2 0.000000000E+0
4.710000000E+2 0.000000000E+0
4.720000000E+2 0.000000000E+0
4.730000000E+2 0.000000000E+0
4.740000000E+2 0.000000000E+0
4.750000000E+2 0.000000000E+0
4.760000000E+2 0.000000000E+0
4.770000000E+2 0.000000000E+0
4.780000000E+2 0.000000000E+0
4.790000000E+2 0.000000000E+0
4.800000000E+2 0.000000000E+0
4.810000000E+2 0.000000000E+0
4.820000000E+2 0.000000000E+0
4.830000000E+2 0.000000000E+0
4.840000000E+2 0.000000000E+0
4.850000000E+2 0.000000000E+0
4.860000000E+2 0.000000000E+0
4.870000000E+2 0.000000000E+0
4.880000000E+2 0.000000000E+0
4.890000000E+2 0.000000000E+0
4.900000000E+2 0.000000000E+0
4.910000000E+2 0.000000000E+0
4.920000000E+2 0.000000000E+0
4.930000000E+2 0.000000000E+0
4.940000000E+2 0.000000000E+0
4.950000000E+2 0.000000000E+0
4.960000000E+2 0.000000000E+0
4.970000000E+2 0.000000000E+0
4.980000000E+2 0.000000000E+0
4.990000000E+2 0.000000000E+0
5.000000000E+2 0.000000000E+0
5.010000000E+2 -7.636647215E-3
5.020000000E+2 -8.375238361E-3
5.030000000E+2 -8.375238361E-3
5.040000000E+2 -9.622872664E-3
5.050000000E+2 -8.766769864E-3
5.060000000E+2 -7.844186204E-3
5.070000000E+2 -9.438342977E-3
5.080000000E+2 -9.438342977E-3
5.090000000E+2 -7.628081924E-3
5.100000000E+2 -8.823094752E-3
5.110000000E+2 -1.010358716E-2
5.120000000E+2 -7.874317916E-3
5.130000000E+2 -7.874317916E-3
5.140000000E+2 -1.049742694E-2
5.150000000E+2 -8.720443717E-3
5.160000000E+2 -6.755170038E-3
5.170000000E+2 -1.031094461E-2
5.180000000E+2 -1.031094461E-2
5.190000000E+2 -5.657691978E-3
5.200000000E+2 -9.057329284E-3
5.210000000E+2 -1.321329646E-2
5.220000000E+2 -4.566138204E-3
5.230000000E+2 -4.566138204E-3
5.240000000E+2 -2.474689080E-2
5.250000000E+2 1.267208573E-2
5.260000000E+2 -2.474748562E-2
5.270000000E+2 -4.565760344E-3
5.280000000E+2 -4.565760344E-3
5.290000000E+2 -1.321394461E-2
5.300000000E+2 -9.057315282E-3
5.310000000E+2 -5.656978501E-3
5.320000000E+2 -1.031144126E-2
5.330000000E+2 -1.031144126E-2
5.340000000E+2 -6.754227937E-3
5.350000000E+2 -8.720492266E-3
5.360000000E+2 -1.049859702E-2
5.370000000E+2 -7.873396838E-3
5.380000000E+2 -7.873396838E-3
5.390000000E+2 -1.010562116E-2
5.400000000E+2 -8.822875220E-3
5.410000000E+2 -7.624995230E-3
5.420000000E+2 -9.441380459E-3
5.430000000E+2 -9.441380459E-3
5.440000000E+2 -7.834827959E-3
5.450000000E+2 -8.769545743E-3
5.460000000E+2 -9.647125322E-3
5.470000000E+2 -8.326349959E-3
5.480000000E+2 -8.326349959E-3
5.490000000E+2 -9.264951883E-3
5.500000000E+2 -9.702794705E-3
5.510000000E+2 -9.702794705E-3
5.520000000E+2 -9.702794705E-3
5.530000000E+2 -9.702794705E-3
5.540000000E+2 -9.702794705E-3
5.550000000E+2 -9.702794705E-3
5.560000000E+2 -9.702794705E-3
5.570000000E+2 -9.702794705E-3
5.580000000E+2 -9.702794705E-3
5.590000000E+2 -9.702794705E-3
5.600000000E+2 -9.702794705E-3
5.610000000E+2 -9.702794705E-3
5.620000000E+2 -9.702794705E-3
5.630000000E+2 -9.702794705E-3
5.640000000E+2 -9.702794705E-3
5.650000000E+2 -9.702794705E-3
5.660000000E+2 -9.702794705E-3
5.670000000E+2 -9.702794705E-3
5.680000000E+2 -9.702794705E-3
5.690000000E+2 -9.702794705E-3
5.700000000E+2 -9.702794705E-3
5.710000000E+2 -9.702794705E-3
5.720000000E+2 -9.702794705E-3
5.730000000E+2 -9.702794705E-3
5.740000000E+2 -9.702794705E-3
5.750000000E+2 -9.702794705E-3
5.760000000E+2 -9.702794705E-3
5.770000000E+2 -9.702794705E-3
5.780000000E+2 -9.702794705E-3
5.790000000E+2 -9.702794705E-3
5.800000000E+2 -9.702794705E-3
5.810000000E+2 -9.702794705E-3
5.820000000E+2 -9.702794705E-3
5.830000000E+2 -9.702794705E-3
5.840000000E+2 -9.702794705E-3
5.850000000E+2 -9.702794705E-3
5.860000000E+2 -9.702794705E-3
5.870000000E+2 -9.702794705E-3
5.880000000E+2 -9.702794705E-3
5.890000000E+2 -9.702794705E-3
5.900000000E+2 -9.702794705E-3
5.910000000E+2 -9.702794705E-3
5.920000000E+2 -9.702794705E-3
5.930000000E+2 -9.702794705E-3
5.940000000E+2 -9.702794705E-3
5.950000000E+2 -9.702794705E-3
5.960000000E+2 -9.702794705E-3
5.970000000E+2 -9.702794705E-3
5.980000000E+2 -9.702794705E-3
5.990000000E+2 -9.702794705E-3
6.000000000E+2 -9.702794705E-3
6.010000000E+2 -9.702794705E-3
6.020000000E+2 -9.702794705E-3
6.030000000E+2 -9.702794705E-3
6.040000000E+2 -9.702794705E-3
6.050000000E+2 -9.702794705E-3
6.060000000E+2 -9.702794705E-3
6.070000000E+2 -9.702794705E-3
6.080000000E+2 -9.702794705E-3
6.090000000E+2 -9.702794705E-3
6.100000000E+2 -9.702794705E-3
6.110000000E+2 -9.702794705E-3
6.120000000E+2 -9.702794705E-3
6.130000000E+2 -9.702794705E-3
6.140000000E+2 -9.702794705E-3
6.150000000E+2 -9.702794705E-3
6.160000000E+2 -9.702794705E-3
6.170000000E+2 -9.702794705E-3
6.180000000E+2 -9.702794705E-3
6.190000000E+2 -9.702794705E-3
6.200000000E+2 -9.702794705E-3
6.210000000E+2 -9.702794705E-3
6.220000000E+2 -9.702794705E-3
6.230000000E+2 -9.702794705E-3
6.240000000E+2 -9.702794705E-3
6.250000000E+2 -9.702794705E-3
6.260000000E+2 -9.702794705E-3
6.270000000E+2 -9.702794705E-3
6.280000000E+2 -9.702794705E-3
6.290000000E+2 -9.702794705E-3
6.300000000E+2 -9.702794705E-3
6.310000000E+2 -9.702794705E-3
6.320000000E+2 -9.702794705E-3
6.330000000E+2 -9.702794705E-3
6.340000000E+2 -9.702794705E-3
6.350000000E+2 -9.702794705E-3
6.360000000E+2 -9.702794705E-3
6.370000000E+2 -9.702794705E-3
6.380000000E+2 -9.702794705E-3
6.390000000E+2 -9.702794705E-3
6.400000000E+2 -9.702794705E-3
6.410000000E+2 -9.702794705E-3
6.420000000E+2 -9.702794705E-3
6.430000000E+2 -9.702794705E-3
6.440000000E+2 -9.702794705E-3
6.450000000E+2 -9.702794705E-3
6.460000000E+2 -9.702794705E-3
6.470000000E+2 -9.702794705E-3
6.480000000E+2 -9.702794705E-3
6.490000000E+2 -9.702794705E-3
6.500000000E+2 -9.702794705E-3
6.510000000E+2 -9.702794705E-3
6.520000000E+2 -9.702794705E-3
6.530000000E+2 -9.702794705E-3
6.540000000E+2 -9.702794705E-3
6.550000000E+2 -9.702794705E-3
6.560000000E+2 -9.702794705E-3
6.570000000E+2 -9.702794705E-3
6.580000000E+2 -9.702794705E-3
6.590000000E+2 -9.702794705E-3
6.600000000E+2 -9.702794705E-3
6.610000000E+2 -9.702794705E-3
6.620000000E+2 -9.702794705E-3
6.630000000E+2 -9.702794705E-3
6.640000000E+2 -9.702794705E-3
6.650000000E+2 -9.702794705E-3
6.660000000E+2 -9.702794705E-3
6.670000000E+2 -9.702794705E-3
6.680000000E+2 -9.702794705E-3
6.690000000E+2 -9.702794705E-3
6.700000000E+2 -9.702794705E-3
6.710000000E+2 -9.702794705E-3
6.720000000E+2 -9.702794705E-3
6.730000000E+2 -9.702794705E-3
6.740000000E+2 -9.702794705E-3
6.750000000E+2 -9.702794705E-3
6.760000000E+2 -9.702794705E-3
6.770000000E+2 -9.702794705E-3
6.780000000E+2 -9.702794705E-3
6.790000000E+2 -9.702794705E-3
6.800000000E+2 -9.702794705E-3
6.810000000E+2 -9.702794705E-3
6.820000000E+2 -9.702794705E-3
6.830000000E+2 -9.702794705E-3
6.840000000E+2 -9.702794705E-3
6.850000000E+2 -9.702794705E-3
6.860000000E+2 -9.702794705E-3
6.870000000E+2 -9.702794705E-3
6.880000000E+2 -9.702794705E-3
6.890000000E+2 -9.702794705E-3
6.900000000E+2 -9.702794705E-3
6.910000000E+2 -9.702794705E-3
6.920000000E+2 -9.702794705E-3
6.930000000E+2 -9.702794705E-3
6.940000000E+2 -9.702794705E-3
6.950000000E+2 -9.702794705E-3
6.960000000E+2 -9.702794705E-3
6.970000000E+2 -9.702794705E-3
6.980000000E+2 -9.702794705E-3
6.990000000E+2 -9.702794705E-3
7.000000000E+2 -9.702794705E-3
7.010000000E+2 -9.702794705E-3
7.020000000E+2 -9.702794705E-3
7.030000000E+2 -9.702794705E-3
7.040000000E+2 -9.702794705E-3
7.050000000E+2 -9.702794705E-3
7.060000000E+2 -9.702794705E-3
7.070000000E+2 -9.702794705E-3
7.080000000E+2 -9.702794705E-3
7.090000000E+2 -9.702794705E-3
7.100000000E+2 -9.702794705E-3
7.110000000E+2 -9.702794705E-3
7.120000000E+2 -9.702794705E-3
7.130000000E+2 -9.702794705E-3
7.140000000E+2 -9.702794705E-3
7.150000000E+2 -9.702794705E-3
7.160000000E+2 -9.702794705E-3
7.170000000E+2 -9.702794705E-3
7.180000000E+2 -9.702794705E-3
7.190000000E+2 -9.702794705E-3
7.200000000E+2 -9.702794705E-3
7.210000000E+2 -9.702794705E-3
7.220000000E+2 -9.702794705E-3
7.230000000E+2 -9.702794705E-3
7.240000000E+2 -9.702794705E-3
7.250000000E+2 -9.702794705E-3
7.260000000E+2 -9.702794705E-3
7.270000000E+2 -9.702794705E-3
7.280000000E+2 -9.702794705E-3
7.290000000E+2 -9.702794705E-3
7.300000000E+2 -9.702794705E-3
7.310000000E+2 -9.702794705E-3
7.320000000E+2 -9.702794705E-3
7.330000000E+2 -9.702794705E-3
7.340000000E+2 -9.702794705E-3
7.350000000E+2 -9.702794705E-3
7.360000000E+2 -9.702794705E-3
7.370000000E+2 -9.702794705E-3
7.380000000E+2 -9.702794705E-3
7.390000000E+2 -9.702794705E-3
7.400000000E+2 -9.702794705E-3
7.410000000E+2 -9.702794705E-3
7.420000000E+2 -9.702794705E-3
7.430000000E+2 -9.702794705E-3
7.440000000E+2 -9.702794705E-3
7.450000000E+2 -9.702794705E-3
7.460000000E+2 -9.702794705E-3
7.470000000E+2 -9.702794705E-3
7.480000000E+2 -9.702794705E-3
7.490000000E+2 -9.702794705E-3
7.500000000E+2 -9.702794705E-3
7.510000000E+2 -9.702794705E-3
7.520000000E+2 -9.702794705E-3
7.530000000E+2 -9.702794705E-3
7.540000000E+2 -9.702794705E-3
7.550000000E+2 -9.702794705E-3
7.560000000E+2 -9.702794705E-3
7.570000000E+2 -9.702794705E-3
7.580000000E+2 -9.702794705E-3
7.590000000E+2 -9.702794705E-3
7.600000000E+2 -9.702794705E-3
7.610000000E+2 -9.702794705E-3
7.620000000E+2 -9.702794705E-3
7.630000000E+2 -9.702794705E-3
7.640000000E+2 -9.702794705E-3
7.650000000E+2 -9.702794705E-3
7.660000000E+2 -9.702794705E-3
7.670000000E+2 -9.702794705E-3
7.680000000E+2 -9.702794705E-3
7.690000000E+2 -9.702794705E-3
7.700000000E+2 -9.702794705E-3
7.710000000E+2 -9.702794705E-3
7.720000000E+2 -9.702794705E-3
7.730000000E+2 -9.702794705E-3
7.740000000E+2 -9.702794705E-3
7.750000000E+2 -9.702794705E-3
7.760000000E+2 -9.702794705E-3
7.770000000E+2 -9.702794705E-3
7.780000000E+2 -9.702794705E-3
7.790000000E+2 -9.702794705E-3
7.800000000E+2 -9.702794705E-3
7.810000000E+2 -9.702794705E-3
7.820000000E+2 -9.702794705E-3
7.830000000E+2 -9.702794705E-3
7.840000000E+2 -9.702794705E-3
7.850000000E+2 -9.702794705E-3
7.860000000E+2 -9.702794705E-3
7.870000000E+2 -9.702794705E-3
7.880000000E+2 -9.702794705E-3
7.890000000E+2 -9.702794705E-3
7.900000000E+2 -9.702794705E-3
7.910000000E+2 -9.702794705E-3
7.920000000E+2 -9.702794705E-3
7.930000000E+2 -9.702794705E-3
7.940000000E+2 -9.702794705E-3
7.950000000E+2 -9.702794705E-3
7.960000000E+2 -9.702794705E-3
7.970000000E+2 -9.702794705E-3
7.980000000E+2 -9.702794705E-3
7.990000000E+2 -9.702794705E-3
8.000000000E+2 -9.702794705E-3
8.010000000E+2 -9.702794705E-3
8.020000000E+2 -9.702794705E-3
8.030000000E+2 -9.702794705E-3
8.040000000E+2 -9.702794705E-3
8.050000000E+2 -9.702794705E-3
8.060000000E+2 -9.702794705E-3
8.070000000E+2 -9.702794705E-3
8.080000000E+2 -9.702794705E-3
8.090000000E+2 -9.702794705E-3
8.100000000E+2 -9.702794705E-3
8.110000000E+2 -9.702794705E-3
8.120000000E+2 -9.702794705E-3
8.130000000E+2 -9.702794705E-3
8.140000000E+2 -9.702794705E-3
8.150000000E+2 -9.702794705E-3
8.160000000E+2 -9.702794705E-3
8.170000000E+2 -9.702794705E-3
8.180000000E+2 -9.702794705E-3
8.190000000E+2 -9.702794705E-3
8.200000000E+2 -9.702794705E-3
8.210000000E+2 -9.702794705E-3
8.220000000E+2 -9.702794705E-3
8.230000000E+2 -9.702794705E-3
8.240000000E+2 -9.702794705E-3
8.250000000E+2 -9.702794705E-3
8.260000000E+2 -9.702794705E-3
8.270000000E+2 -9.702794705E-3
8.280000000E+2 -9.702794705E-3
8.290000000E+2 -9.702794705E-3
8.300000000E+2 -9.702794705E-3
8.310000000E+2 -9.702794705E-3
8.320000000E+2 -9.702794705E-3
8.330000000E+2 -9.702794705E-3
8.340000000E+2 -9.702794705E-3
8.350000000E+2 -9.702794705E-3
8.360000000E+2 -9.702794705E-3
8.370000000E+2 -9.702794705E-3
8.380000000E+2 -9.702794705E-3
8.390000000E+2 -9.702794705E-3
8.400000000E+2 -9.702794705E-3
8.410000000E+2 -9.702794705E-3
8.420000000E+2 -9.702794705E-3
8.430000000E+2 -9.702794705E-3
8.440000000E+2 -9.702794705E-3
8.450000000E+2 -9.702794705E-3
8.460000000E+2 -9.702794705E-3
8.470000000E+2 -9.702794705E-3
8.480000000E+2 -9.702794705E-3
8.490000000E+2 -9.702794705E-3
8.500000000E+2 -9.702794705E-3
8.510000000E+2 -9.702794705E-3
8.520000000E+2 -9.702794705E-3
8.530000000E+2 -9.702794705E-3
8.540000000E+2 -9.702794705E-3
8.550000000E+2 -9.702794705E-3
8.560000000E+2 -9.702794705E-3
8.570000000E+2 -9.702794705E-3
8.580000000E+2 -9.702794705E-3
8.590000000E+2 -9.702794705E-3
8.600000000E+2 -9.702794705E-3
8.610000000E+2 -9.702794705E-3
8.620000000E+2 -9.702794705E-3
8.630000000E+2 -9.702794705E-3
8.640000000E+2 -9.702794705E-3
8.650000000E+2 -9.702794705E-3
8.660000000E+2 -9.702794705E-3
8.670000000E+2 -9.702794705E-3
8.680000000E+2 -9.702794705E-3
8.690000000E+2 -9.702794705E-3
8.700000000E+2 -9.702794705E-3
8.710000000E+2 -9.702794705E-3
8.720000000E+2 -9.702794705E-3
8.730000000E+2 -9.702794705E-3
8.740000000E+2 -9.702794705E-3
8.750000000E+2 -9.702794705E-3
8.760000000E+2 -9.702794705E-3
8.770000000E+2 -9.702794705E-3
8.780000000E+2 -9.702794705E-3
8.790000000E+2 -9.702794705E-3
8.800000000E+2 -9.702794705E-3
8.810000000E+2 -9.702794705E-3
8.820000000E+2 -9.702794705E-3
8.830000000E+2 -9.702794705E-3
8.840000000E+2 -9.702794705E-3
8.850000000E+2 -9.702794705E-3
8.860000000E+2 -9.702794705E-3
8.870000000E+2 -9.702794705E-3
8.880000000E+2 -9.702794705E-3
8.890000000E+2 -9.702794705E-3
8.900000000E+2 -9.702794705E-3
8.910000000E+2 -9.702794705E-3
8.920000000E+2 -9.702794705E-3
8.930000000E+2 -9.702794705E-3
8.940000000E+2 -9.702794705E-3
8.950000000E+2 -9.702794705E-3
8.960000000E+2 -9.702794705E-3
8.970000000E+2 -9.702794705E-3
8.980000000E+2 -9.702794705E-3
8.990000000E+2 -9.702794705E-3
9.000000000E+2 -9.702794705E-3
9.010000000E+2 -9.702794705E-3
9.020000000E+2 -9.702794705E-3
9.030000000E+2 -9.702794705E-3
9.040000000E+2 -9.702794705E-3
9.050000000E+2 -9.702794705E-3
9.060000000E+2 -9.702794705E-3
9.070000000E+2 -9.702794705E-3
9.080000000E+2 -9.702794705E-3
9.090000000E+2 -9.702794705E-3
9.100000000E+2 -9.702794705E-3
9.110000000E+2 -9.702794705E-3
9.120000000E+2 -9.702794705E-3
9.130000000E+2 -9.702794705E-3
9.140000000E+2 -9.702794705E-3
9.150000000E+2 -9.702794705E-3
9.160000000E+2 -9.702794705E-3
9.170000000E+2 -9.702794705E-3
9.180000000E+2 -9.702794705E-3
9.190000000E+2 -9.702794705E-3
9.200000000E+2 -9.702794705E-3
9.210000000E+2 -9.702794705E-3
9.220000000E+2 -9.702794705E-3
9.230000000E+2 -9.702794705E-3
9.240000000E+2 -9.702794705E-3
9.250000000E+2 -9.702794705E-3
9.260000000E+2 -9.702794705E-3
9.270000000E+2 -9.702794705E-3
9.280000000E+2 -9.702794705E-3
9.290000000E+2 -9.702794705E-3
9.300000000E+2 -9.702794705E-3
9.310000000E+2 -9.702794705E-3
9.320000000E+2 -9.702794705E-3
9.330000000E+2 -9.702794705E-3
9.340000000E+2 -9.702794705E-3
9.350000000E+2 -9.702794705E-3
9.360000000E+2 -9.702794705E-3
9.370000000E+2 -9.702794705E-3
9.380000000E+2 -9.702794705E-3
9.390000000E+2 -9.702794705E-3
9.400000000E+2 -9.702794705E-3
9.410000000E+2 -9.702794705E-3
9.420000000E+2 -9.702794705E-3
9.430000000E+2 -9.702794705E-3
9.440000000E+2 -9.702794705E-3
9.450000000E+2 -9.702794705E-3
9.460000000E+2 -9.702794705E-3
9.470000000E+2 -9.702794705E-3
9.480000000E+2 -9.702794705E-3
9.490000000E+2 -9.702794705E-3
9.500000000E+2 -9.702794705E-3
9.510000000E+2 -9.702794705E-3
9.520000000E+2 -9.702794705E-3
9.530000000E+2 -9.702794705E-3
9.540000000E+2 -9.702794705E-3
9.550000000E+2 -9.702794705E-3
9.560000000E+2 -9.702794705E-3
9.570000000E+2 -9.702794705E-3
9.580000000E+2 -9.702794705E-3
9.590000000E+2 -9.702794705E-3
9.600000000E+2 -9.702794705E-3
9.610000000E+2 -9.702794705E-3
9.620000000E+2 -9.702794705E-3
9.630000000E+2 -9.702794705E-3
9.640000000E+2 -9.702794705E-3
9.650000000E+2 -9.702794705E-3
9.660000000E+2 -9.702794705E-3
9.670000000E+2 -9.702794705E-3
9.680000000E+2 -9.702794705E-3
9.690000000E+2 -9.702794705E-3
9.700000000E+2 -9.702794705E-3
9.710000000E+2 -9.702794705E-3
9.720000000E+2 -9.702794705E-3
9.730000000E+2 -9.702794705E-3
9.740000000E+2 -9.702794705E-3
9.750000000E+2 -9.702794705E-3
9.760000000E+2 -9.702794705E-3
9.770000000E+2 -9.702794705E-3
9.780000000E+2 -9.702794705E-3
9.790000000E+2 -9.702794705E-3
9.800000000E+2 -9.702794705E-3
9.810000000E+2 -9.702794705E-3
9.820000000E+2 -9.702794705E-3
9.830000000E+2 -9.702794705E-3
9.840000000E+2 -9.702794705E-3
9.850000000E+2 -9.702794705E-3
9.860000000E+2 -9.702794705E-3
9.870000000E+2 -9.702794705E-3
9.880000000E+2 -9.702794705E-3
9.890000000E+2 -9.702794705E-3
9.900000000E+2 -9.702794705E-3
9.910000000E+2 -9.702794705E-3
9.920000000E+2 -9.702794705E-3
9.930000000E+2 -9.702794705E-3
9.940000000E+2 -9.702794705E-3
9.950000000E+2 -9.702794705E-3
9.960000000E+2 -9.702794705E-3
9.970000000E+2 -9.702794705E-3
9.980000000E+2 -9.702794705E-3
9.990000000E+2 -9.702794705E-3
