-6.009E+0 5.252E-3
-5.154E+0 2.507E+0
-5.134E+0 2.512E+0
-5.114E+0 2.513E+0
-5.092E+0 2.513E+0
-5.073E+0 2.513E+0
-5.051E+0 2.513E+0
-5.034E+0 2.513E+0
-5.009E+0 2.513E+0
-4.991E+0 2.514E+0
-4.972E+0 2.513E+0
-4.949E+0 2.513E+0
-4.931E+0 2.513E+0
-4.909E+0 2.513E+0
-4.893E+0 2.513E+0
-4.870E+0 2.513E+0
-4.850E+0 2.513E+0
-4.830E+0 2.513E+0
-4.811E+0 2.513E+0
-4.786E+0 2.513E+0
-4.768E+0 2.513E+0
-4.746E+0 2.513E+0
-4.726E+0 2.513E+0
-4.707E+0 2.513E+0
-4.686E+0 2.513E+0
-4.668E+0 2.513E+0
-4.648E+0 2.513E+0
-4.627E+0 2.513E+0
-4.604E+0 2.513E+0
-4.588E+0 2.513E+0
-4.565E+0 2.513E+0
-4.546E+0 2.513E+0
-4.526E+0 2.514E+0
-4.503E+0 2.513E+0
-4.487E+0 2.513E+0
-4.463E+0 2.513E+0
-4.447E+0 2.513E+0
-4.424E+0 2.514E+0
-4.405E+0 2.513E+0
-4.385E+0 2.516E+0
-4.363E+0 2.526E+0
-4.345E+0 2.545E+0
-4.325E+0 2.548E+0
-4.306E+0 2.542E+0
-4.284E+0 2.540E+0
-4.264E+0 2.538E+0
-4.244E+0 2.538E+0
-4.223E+0 2.538E+0
-4.203E+0 2.537E+0
-4.182E+0 2.538E+0
-4.162E+0 2.538E+0
-4.144E+0 2.539E+0
-4.122E+0 2.539E+0
-4.099E+0 2.539E+0
-4.083E+0 2.540E+0
-4.063E+0 2.541E+0
-4.043E+0 2.542E+0
-4.023E+0 2.543E+0
-4.002E+0 2.544E+0
-3.982E+0 2.545E+0
-3.958E+0 2.546E+0
-3.942E+0 2.547E+0
-3.920E+0 2.547E+0
-3.900E+0 2.548E+0
-3.878E+0 2.548E+0
-3.857E+0 2.548E+0
-3.839E+0 2.548E+0
-3.818E+0 2.548E+0
-3.798E+0 2.548E+0
-3.781E+0 2.547E+0
-3.759E+0 2.547E+0
-3.737E+0 2.547E+0
-3.717E+0 2.547E+0
-3.698E+0 2.547E+0
-3.676E+0 2.546E+0
-3.660E+0 2.546E+0
-3.636E+0 2.546E+0
-3.619E+0 2.546E+0
-3.599E+0 2.546E+0
-3.576E+0 2.545E+0
-3.557E+0 2.545E+0
-3.535E+0 2.545E+0
-3.517E+0 2.545E+0
-3.494E+0 2.544E+0
-3.473E+0 2.545E+0
-3.455E+0 2.544E+0
-3.437E+0 2.544E+0
-3.414E+0 2.544E+0
-3.395E+0 2.544E+0
-3.375E+0 2.543E+0
-3.353E+0 2.543E+0
-3.333E+0 2.542E+0
-3.316E+0 2.543E+0
-3.291E+0 2.542E+0
-3.275E+0 2.542E+0
-3.253E+0 2.542E+0
-3.231E+0 2.542E+0
-3.213E+0 2.541E+0
-3.193E+0 2.541E+0
-3.173E+0 2.541E+0
-3.149E+0 2.541E+0
-3.134E+0 2.541E+0
-3.112E+0 2.540E+0
-3.091E+0 2.540E+0
-3.071E+0 2.540E+0
-3.051E+0 2.540E+0
-3.029E+0 2.539E+0
-3.010E+0 2.540E+0
-2.989E+0 2.539E+0
-2.969E+0 2.539E+0
-2.951E+0 2.539E+0
-2.928E+0 2.539E+0
-2.910E+0 2.539E+0
-2.889E+0 2.538E+0
-2.869E+0 2.538E+0
-2.849E+0 2.538E+0
-2.829E+0 2.537E+0
-2.806E+0 2.538E+0
-2.787E+0 2.537E+0
-2.766E+0 2.537E+0
-2.746E+0 2.537E+0
-2.724E+0 2.536E+0
-2.708E+0 2.536E+0
-2.684E+0 2.536E+0
-2.666E+0 2.536E+0
-2.644E+0 2.535E+0
-2.626E+0 2.536E+0
-2.607E+0 2.535E+0
-2.587E+0 2.535E+0
-2.564E+0 2.535E+0
-2.545E+0 2.535E+0
-2.523E+0 2.534E+0
-2.503E+0 2.534E+0
-2.483E+0 2.534E+0
-2.462E+0 2.533E+0
-2.445E+0 2.534E+0
-2.422E+0 2.533E+0
-2.402E+0 2.533E+0
-2.384E+0 2.533E+0
-2.363E+0 2.533E+0
-2.344E+0 2.533E+0
-2.325E+0 2.532E+0
-2.303E+0 2.532E+0
-2.282E+0 2.532E+0
-2.261E+0 2.531E+0
-2.245E+0 2.531E+0
-2.220E+0 2.531E+0
-2.203E+0 2.531E+0
-2.181E+0 2.530E+0
-2.161E+0 2.530E+0
-2.141E+0 2.530E+0
-2.122E+0 2.530E+0
-2.098E+0 2.530E+0
-2.078E+0 2.530E+0
-2.060E+0 2.529E+0
-2.036E+0 2.529E+0
-2.020E+0 2.529E+0
-1.997E+0 2.529E+0
-1.981E+0 2.528E+0
-1.960E+0 2.528E+0
-1.938E+0 2.528E+0
-1.918E+0 2.528E+0
-1.900E+0 2.528E+0
-1.878E+0 2.527E+0
-1.855E+0 2.527E+0
-1.837E+0 2.527E+0
-1.816E+0 2.527E+0
-1.796E+0 2.526E+0
-1.779E+0 2.527E+0
-1.758E+0 2.526E+0
-1.736E+0 2.526E+0
-1.716E+0 2.526E+0
-1.695E+0 2.525E+0
-1.676E+0 2.526E+0
-1.656E+0 2.525E+0
-1.635E+0 2.525E+0
-1.616E+0 2.524E+0
-1.596E+0 2.525E+0
-1.574E+0 2.524E+0
-1.556E+0 2.524E+0
-1.535E+0 2.524E+0
-1.516E+0 2.524E+0
-1.494E+0 2.524E+0
-1.472E+0 2.524E+0
-1.453E+0 2.523E+0
-1.437E+0 2.523E+0
-1.413E+0 2.523E+0
-1.393E+0 2.522E+0
-1.371E+0 2.522E+0
-1.354E+0 2.522E+0
-1.333E+0 2.522E+0
-1.313E+0 2.522E+0
-1.290E+0 2.522E+0
-1.273E+0 2.521E+0
-1.248E+0 2.521E+0
-1.233E+0 2.521E+0
-1.212E+0 2.520E+0
-1.192E+0 2.521E+0
-1.168E+0 2.520E+0
-1.148E+0 2.520E+0
-1.131E+0 2.519E+0
-1.106E+0 2.519E+0
-1.089E+0 2.519E+0
-1.068E+0 2.519E+0
-1.049E+0 2.519E+0
-1.026E+0 2.518E+0
-1.008E+0 2.518E+0
-9.870E-1 2.518E+0
-9.650E-1 2.518E+0
-9.460E-1 2.518E+0
-9.250E-1 2.517E+0
-9.060E-1 2.517E+0
-8.860E-1 2.517E+0
-8.650E-1 2.517E+0
-8.450E-1 2.517E+0
-8.240E-1 2.516E+0
-8.040E-1 2.516E+0
-7.850E-1 2.516E+0
-7.650E-1 2.516E+0
-7.460E-1 2.516E+0
-7.240E-1 2.515E+0
-7.030E-1 2.515E+0
-6.830E-1 2.515E+0
-6.440E-1 2.515E+0
-6.240E-1 2.514E+0
-6.020E-1 2.514E+0
-5.810E-1 2.513E+0
-5.610E-1 2.514E+0
-5.400E-1 2.513E+0
-5.220E-1 2.513E+0
-5.010E-1 2.513E+0
-4.800E-1 2.513E+0
-4.610E-1 2.512E+0
-4.410E-1 2.512E+0
-4.230E-1 2.512E+0
-3.980E-1 2.512E+0
-3.800E-1 2.511E+0
-3.600E-1 2.512E+0
-3.380E-1 2.511E+0
-3.200E-1 2.511E+0
-2.970E-1 2.511E+0
-2.800E-1 2.510E+0
-2.590E-1 2.510E+0
-2.380E-1 2.510E+0
-2.210E-1 2.510E+0
-1.980E-1 2.509E+0
-1.800E-1 2.509E+0
-1.590E-1 2.509E+0
-1.370E-1 2.509E+0
-1.180E-1 2.509E+0
-9.700E-2 2.508E+0
-7.800E-2 2.509E+0
-5.900E-2 2.508E+0
-3.900E-2 2.508E+0
-1.600E-2 2.508E+0
3.000E-3 2.507E+0
2.100E-2 2.507E+0
4.100E-2 2.507E+0
6.200E-2 2.507E+0
8.300E-2 2.506E+0
1.040E-1 2.506E+0
1.230E-1 2.506E+0
1.420E-1 2.505E+0
1.640E-1 2.506E+0
1.810E-1 2.506E+0
2.010E-1 2.505E+0
2.260E-1 2.505E+0
2.440E-1 2.505E+0
2.630E-1 2.505E+0
2.850E-1 2.504E+0
3.040E-1 2.504E+0
3.240E-1 2.504E+0
3.440E-1 2.504E+0
3.650E-1 2.503E+0
3.840E-1 2.504E+0
4.070E-1 2.503E+0
4.260E-1 2.503E+0
4.470E-1 2.503E+0
4.670E-1 2.503E+0
4.870E-1 2.502E+0
5.070E-1 2.502E+0
5.260E-1 2.501E+0
5.470E-1 2.502E+0
5.680E-1 2.501E+0
5.870E-1 2.501E+0
6.090E-1 2.501E+0
6.280E-1 2.501E+0
6.490E-1 2.501E+0
6.690E-1 2.500E+0
6.900E-1 2.500E+0
7.080E-1 2.500E+0
7.280E-1 2.500E+0
7.490E-1 2.499E+0
7.690E-1 2.499E+0
7.900E-1 2.499E+0
8.090E-1 2.498E+0
8.300E-1 2.499E+0
8.520E-1 2.498E+0
8.720E-1 2.498E+0
8.920E-1 2.498E+0
9.110E-1 2.498E+0
9.300E-1 2.497E+0
9.510E-1 2.497E+0
9.680E-1 2.497E+0
9.920E-1 2.497E+0
1.014E+0 2.497E+0
1.034E+0 2.496E+0
1.052E+0 2.496E+0
1.075E+0 2.496E+0
1.092E+0 2.496E+0
1.111E+0 2.495E+0
1.132E+0 2.496E+0
1.151E+0 2.495E+0
1.173E+0 2.495E+0
1.192E+0 2.495E+0
1.216E+0 2.495E+0
1.235E+0 2.494E+0
1.252E+0 2.494E+0
1.273E+0 2.494E+0
1.292E+0 2.494E+0
1.312E+0 2.494E+0
1.332E+0 2.493E+0
1.354E+0 2.493E+0
1.373E+0 2.493E+0
1.396E+0 2.493E+0
1.414E+0 2.493E+0
1.435E+0 2.492E+0
1.454E+0 2.492E+0
1.476E+0 2.492E+0
1.494E+0 2.491E+0
1.515E+0 2.491E+0
1.535E+0 2.491E+0
1.557E+0 2.491E+0
1.575E+0 2.491E+0
1.598E+0 2.490E+0
1.618E+0 2.490E+0
1.636E+0 2.490E+0
1.660E+0 2.490E+0
1.678E+0 2.490E+0
1.698E+0 2.489E+0
1.717E+0 2.489E+0
1.737E+0 2.489E+0
1.758E+0 2.489E+0
1.776E+0 2.488E+0
1.796E+0 2.488E+0
1.820E+0 2.488E+0
1.835E+0 2.488E+0
1.857E+0 2.488E+0
1.879E+0 2.488E+0
1.900E+0 2.487E+0
1.919E+0 2.487E+0
1.941E+0 2.487E+0
1.959E+0 2.487E+0
1.979E+0 2.487E+0
1.999E+0 2.486E+0
2.021E+0 2.486E+0
2.041E+0 2.485E+0
2.059E+0 2.486E+0
2.083E+0 2.485E+0
2.099E+0 2.485E+0
2.124E+0 2.485E+0
2.142E+0 2.485E+0
2.163E+0 2.485E+0
2.184E+0 2.485E+0
2.200E+0 2.484E+0
2.221E+0 2.484E+0
2.242E+0 2.484E+0
2.262E+0 2.484E+0
2.284E+0 2.483E+0
2.302E+0 2.483E+0
2.323E+0 2.483E+0
2.343E+0 2.483E+0
2.363E+0 2.482E+0
2.383E+0 2.482E+0
2.405E+0 2.482E+0
2.422E+0 2.482E+0
2.444E+0 2.482E+0
2.463E+0 2.481E+0
2.484E+0 2.481E+0
2.508E+0 2.481E+0
2.526E+0 2.481E+0
2.545E+0 2.480E+0
2.565E+0 2.480E+0
2.584E+0 2.480E+0
2.606E+0 2.480E+0
2.627E+0 2.479E+0
2.645E+0 2.480E+0
2.664E+0 2.479E+0
2.685E+0 2.479E+0
2.705E+0 2.479E+0
2.726E+0 2.479E+0
2.748E+0 2.478E+0
2.764E+0 2.478E+0
2.787E+0 2.478E+0
2.806E+0 2.477E+0
2.829E+0 2.478E+0
2.846E+0 2.477E+0
2.867E+0 2.477E+0
2.888E+0 2.477E+0
2.908E+0 2.476E+0
2.930E+0 2.476E+0
2.950E+0 2.476E+0
2.969E+0 2.476E+0
2.990E+0 2.476E+0
3.012E+0 2.475E+0
3.030E+0 2.476E+0
3.047E+0 2.475E+0
3.069E+0 2.475E+0
3.089E+0 2.475E+0
3.110E+0 2.475E+0
3.131E+0 2.474E+0
3.149E+0 2.474E+0
3.171E+0 2.474E+0
3.191E+0 2.473E+0
3.211E+0 2.473E+0
3.231E+0 2.473E+0
3.253E+0 2.473E+0
3.272E+0 2.473E+0
3.291E+0 2.472E+0
3.314E+0 2.473E+0
3.335E+0 2.472E+0
3.355E+0 2.472E+0
3.373E+0 2.472E+0
3.394E+0 2.472E+0
3.411E+0 2.471E+0
3.434E+0 2.471E+0
3.456E+0 2.471E+0
3.475E+0 2.471E+0
3.494E+0 2.471E+0
3.514E+0 2.470E+0
3.533E+0 2.470E+0
3.555E+0 2.469E+0
3.575E+0 2.470E+0
3.593E+0 2.469E+0
3.614E+0 2.469E+0
3.635E+0 2.469E+0
3.652E+0 2.468E+0
3.675E+0 2.468E+0
3.694E+0 2.468E+0
3.716E+0 2.468E+0
3.736E+0 2.468E+0
3.755E+0 2.467E+0
3.777E+0 2.467E+0
3.797E+0 2.467E+0
3.816E+0 2.467E+0
3.835E+0 2.467E+0
3.859E+0 2.467E+0
3.876E+0 2.466E+0
3.896E+0 2.466E+0
3.920E+0 2.466E+0
3.940E+0 2.466E+0
3.958E+0 2.465E+0
3.978E+0 2.465E+0
3.998E+0 2.465E+0
4.016E+0 2.465E+0
4.037E+0 2.464E+0
4.059E+0 2.537E+0
4.078E+0 2.536E+0
4.097E+0 2.536E+0
4.118E+0 2.535E+0
4.140E+0 2.535E+0
4.158E+0 2.535E+0
4.177E+0 2.534E+0
4.200E+0 2.534E+0
4.218E+0 2.534E+0
4.240E+0 2.533E+0
4.260E+0 2.533E+0
4.281E+0 2.532E+0
4.302E+0 2.532E+0
4.321E+0 2.531E+0
4.342E+0 2.531E+0
4.362E+0 2.531E+0
4.384E+0 2.530E+0
4.401E+0 2.530E+0
4.420E+0 2.530E+0
4.443E+0 2.530E+0
4.461E+0 2.530E+0
4.478E+0 2.529E+0
4.498E+0 2.530E+0
4.516E+0 2.529E+0
4.529E+0 2.529E+0
4.532E+0 2.529E+0
4.533E+0 2.529E+0
4.534E+0 2.529E+0
4.535E+0 2.529E+0
4.536E+0 2.529E+0
4.538E+0 2.529E+0
