-6.007E+0 5.252E-3
-5.155E+0 2.507E+0
-5.137E+0 2.512E+0
-5.113E+0 2.513E+0
-5.094E+0 2.513E+0
-5.073E+0 2.513E+0
-5.051E+0 2.513E+0
-5.033E+0 2.513E+0
-5.010E+0 2.513E+0
-4.991E+0 2.513E+0
-4.973E+0 2.513E+0
-4.953E+0 2.513E+0
-4.932E+0 2.513E+0
-4.911E+0 2.513E+0
-4.889E+0 2.513E+0
-4.868E+0 2.513E+0
-4.848E+0 2.513E+0
-4.828E+0 2.513E+0
-4.809E+0 2.513E+0
-4.788E+0 2.513E+0
-4.769E+0 2.513E+0
-4.749E+0 2.513E+0
-4.726E+0 2.513E+0
-4.707E+0 2.513E+0
-4.688E+0 2.513E+0
-4.668E+0 2.513E+0
-4.648E+0 2.513E+0
-4.626E+0 2.513E+0
-4.609E+0 2.513E+0
-4.587E+0 2.513E+0
-4.567E+0 2.513E+0
-4.545E+0 2.513E+0
-4.526E+0 2.513E+0
-4.508E+0 2.513E+0
-4.487E+0 2.513E+0
-4.466E+0 2.513E+0
-4.446E+0 2.513E+0
-4.424E+0 2.513E+0
-4.404E+0 2.513E+0
-4.384E+0 2.516E+0
-4.366E+0 2.526E+0
-4.342E+0 2.546E+0
-4.324E+0 2.548E+0
-4.302E+0 2.542E+0
-4.282E+0 2.539E+0
-4.262E+0 2.538E+0
-4.243E+0 2.538E+0
-4.222E+0 2.538E+0
-4.201E+0 2.537E+0
-4.183E+0 2.538E+0
-4.164E+0 2.538E+0
-4.143E+0 2.538E+0
-4.120E+0 2.539E+0
-4.100E+0 2.540E+0
-4.083E+0 2.540E+0
-4.062E+0 2.541E+0
-4.040E+0 2.542E+0
-4.020E+0 2.543E+0
-4.002E+0 2.544E+0
-3.980E+0 2.545E+0
-3.959E+0 2.546E+0
-3.943E+0 2.547E+0
-3.920E+0 2.547E+0
-3.900E+0 2.548E+0
-3.879E+0 2.548E+0
-3.860E+0 2.548E+0
-3.839E+0 2.548E+0
-3.818E+0 2.548E+0
-3.800E+0 2.548E+0
-3.778E+0 2.547E+0
-3.758E+0 2.547E+0
-3.739E+0 2.547E+0
-3.716E+0 2.547E+0
-3.698E+0 2.547E+0
-3.677E+0 2.546E+0
-3.659E+0 2.546E+0
-3.638E+0 2.546E+0
-3.618E+0 2.546E+0
-3.596E+0 2.546E+0
-3.576E+0 2.545E+0
-3.556E+0 2.545E+0
-3.536E+0 2.545E+0
-3.518E+0 2.545E+0
-3.496E+0 2.544E+0
-3.476E+0 2.544E+0
-3.455E+0 2.544E+0
-3.433E+0 2.544E+0
-3.416E+0 2.544E+0
-3.393E+0 2.543E+0
-3.374E+0 2.543E+0
-3.357E+0 2.543E+0
-3.333E+0 2.543E+0
-3.314E+0 2.543E+0
-3.292E+0 2.542E+0
-3.274E+0 2.542E+0
-3.253E+0 2.542E+0
-3.232E+0 2.542E+0
-3.213E+0 2.541E+0
-3.192E+0 2.541E+0
-3.173E+0 2.541E+0
-3.152E+0 2.541E+0
-3.132E+0 2.541E+0
-3.112E+0 2.540E+0
-3.092E+0 2.540E+0
-3.071E+0 2.540E+0
-3.050E+0 2.540E+0
-3.030E+0 2.540E+0
-3.014E+0 2.540E+0
-2.991E+0 2.539E+0
-2.968E+0 2.539E+0
-2.952E+0 2.539E+0
-2.930E+0 2.539E+0
-2.910E+0 2.538E+0
-2.885E+0 2.538E+0
-2.869E+0 2.538E+0
-2.848E+0 2.538E+0
-2.828E+0 2.538E+0
-2.808E+0 2.537E+0
-2.786E+0 2.537E+0
-2.764E+0 2.537E+0
-2.746E+0 2.537E+0
-2.727E+0 2.536E+0
-2.708E+0 2.536E+0
-2.689E+0 2.536E+0
-2.665E+0 2.536E+0
-2.645E+0 2.535E+0
-2.627E+0 2.535E+0
-2.605E+0 2.535E+0
-2.585E+0 2.535E+0
-2.568E+0 2.535E+0
-2.545E+0 2.535E+0
-2.524E+0 2.534E+0
-2.504E+0 2.534E+0
-2.482E+0 2.534E+0
-2.462E+0 2.534E+0
-2.443E+0 2.534E+0
-2.425E+0 2.533E+0
-2.404E+0 2.533E+0
-2.383E+0 2.533E+0
-2.364E+0 2.532E+0
-2.342E+0 2.532E+0
-2.322E+0 2.532E+0
-2.302E+0 2.532E+0
-2.280E+0 2.532E+0
-2.262E+0 2.532E+0
-2.243E+0 2.531E+0
-2.219E+0 2.531E+0
-2.203E+0 2.531E+0
-2.182E+0 2.531E+0
-2.159E+0 2.530E+0
-2.141E+0 2.530E+0
-2.118E+0 2.530E+0
-2.100E+0 2.530E+0
-2.079E+0 2.530E+0
-2.059E+0 2.529E+0
-2.041E+0 2.529E+0
-2.020E+0 2.529E+0
-1.998E+0 2.529E+0
-1.978E+0 2.529E+0
-1.959E+0 2.528E+0
-1.939E+0 2.528E+0
-1.918E+0 2.528E+0
-1.899E+0 2.528E+0
-1.881E+0 2.527E+0
-1.857E+0 2.527E+0
-1.837E+0 2.527E+0
-1.815E+0 2.527E+0
-1.798E+0 2.527E+0
-1.779E+0 2.526E+0
-1.757E+0 2.526E+0
-1.737E+0 2.526E+0
-1.716E+0 2.526E+0
-1.695E+0 2.526E+0
-1.678E+0 2.525E+0
-1.657E+0 2.525E+0
-1.636E+0 2.525E+0
-1.615E+0 2.525E+0
-1.595E+0 2.524E+0
-1.575E+0 2.524E+0
-1.554E+0 2.524E+0
-1.532E+0 2.524E+0
-1.515E+0 2.523E+0
-1.491E+0 2.523E+0
-1.473E+0 2.523E+0
-1.453E+0 2.523E+0
-1.431E+0 2.523E+0
-1.412E+0 2.523E+0
-1.394E+0 2.522E+0
-1.373E+0 2.522E+0
-1.351E+0 2.522E+0
-1.332E+0 2.522E+0
-1.312E+0 2.521E+0
-1.293E+0 2.521E+0
-1.274E+0 2.521E+0
-1.251E+0 2.521E+0
-1.231E+0 2.521E+0
-1.211E+0 2.520E+0
-1.188E+0 2.520E+0
-1.168E+0 2.520E+0
-1.149E+0 2.520E+0
-1.130E+0 2.519E+0
-1.109E+0 2.519E+0
-1.088E+0 2.519E+0
-1.065E+0 2.519E+0
-1.045E+0 2.519E+0
-1.025E+0 2.518E+0
-1.009E+0 2.518E+0
-9.890E-1 2.518E+0
-9.660E-1 2.518E+0
-9.460E-1 2.518E+0
-9.270E-1 2.517E+0
-9.040E-1 2.517E+0
-8.850E-1 2.517E+0
-8.660E-1 2.517E+0
-8.450E-1 2.517E+0
-8.260E-1 2.516E+0
-8.060E-1 2.516E+0
-7.840E-1 2.516E+0
-7.660E-1 2.515E+0
-7.400E-1 2.515E+0
-7.230E-1 2.515E+0
-7.010E-1 2.515E+0
-6.840E-1 2.515E+0
-6.410E-1 2.514E+0
-6.220E-1 2.514E+0
-6.050E-1 2.514E+0
-5.810E-1 2.514E+0
-5.610E-1 2.514E+0
-5.430E-1 2.513E+0
-5.230E-1 2.513E+0
-5.020E-1 2.513E+0
-4.810E-1 2.513E+0
-4.620E-1 2.512E+0
-4.410E-1 2.512E+0
-4.230E-1 2.512E+0
-4.010E-1 2.512E+0
-3.790E-1 2.512E+0
-3.590E-1 2.511E+0
-3.410E-1 2.511E+0
-3.190E-1 2.511E+0
-3.000E-1 2.511E+0
-2.780E-1 2.511E+0
-2.580E-1 2.510E+0
-2.390E-1 2.510E+0
-2.200E-1 2.510E+0
-1.980E-1 2.510E+0
-1.790E-1 2.509E+0
-1.560E-1 2.509E+0
-1.370E-1 2.509E+0
-1.180E-1 2.509E+0
-9.700E-2 2.509E+0
-7.700E-2 2.508E+0
-5.800E-2 2.508E+0
-3.700E-2 2.508E+0
-1.400E-2 2.508E+0
2.000E-3 2.507E+0
2.100E-2 2.507E+0
4.200E-2 2.507E+0
6.100E-2 2.507E+0
8.200E-2 2.506E+0
1.030E-1 2.506E+0
1.240E-1 2.506E+0
1.450E-1 2.506E+0
1.660E-1 2.506E+0
1.830E-1 2.505E+0
2.010E-1 2.505E+0
2.240E-1 2.505E+0
2.420E-1 2.505E+0
2.640E-1 2.505E+0
2.860E-1 2.504E+0
3.040E-1 2.504E+0
3.270E-1 2.504E+0
3.450E-1 2.504E+0
3.640E-1 2.504E+0
3.840E-1 2.503E+0
4.030E-1 2.503E+0
4.250E-1 2.503E+0
4.490E-1 2.503E+0
4.640E-1 2.502E+0
4.840E-1 2.502E+0
5.070E-1 2.502E+0
5.260E-1 2.502E+0
5.490E-1 2.502E+0
5.670E-1 2.501E+0
5.880E-1 2.501E+0
6.060E-1 2.501E+0
6.280E-1 2.501E+0
6.480E-1 2.501E+0
6.700E-1 2.500E+0
6.890E-1 2.500E+0
7.100E-1 2.500E+0
7.300E-1 2.499E+0
7.480E-1 2.499E+0
7.690E-1 2.499E+0
7.880E-1 2.499E+0
8.100E-1 2.499E+0
8.310E-1 2.499E+0
8.520E-1 2.498E+0
8.700E-1 2.498E+0
8.910E-1 2.498E+0
9.090E-1 2.498E+0
9.310E-1 2.497E+0
9.520E-1 2.497E+0
9.680E-1 2.497E+0
9.910E-1 2.497E+0
1.009E+0 2.497E+0
1.032E+0 2.496E+0
1.051E+0 2.496E+0
1.073E+0 2.496E+0
1.092E+0 2.496E+0
1.113E+0 2.496E+0
1.132E+0 2.496E+0
1.153E+0 2.495E+0
1.173E+0 2.495E+0
1.192E+0 2.495E+0
1.214E+0 2.495E+0
1.232E+0 2.494E+0
1.254E+0 2.494E+0
1.274E+0 2.494E+0
1.294E+0 2.494E+0
1.314E+0 2.493E+0
1.334E+0 2.493E+0
1.354E+0 2.493E+0
1.373E+0 2.493E+0
1.393E+0 2.493E+0
1.416E+0 2.493E+0
1.435E+0 2.492E+0
1.456E+0 2.492E+0
1.475E+0 2.492E+0
1.495E+0 2.492E+0
1.516E+0 2.491E+0
1.534E+0 2.491E+0
1.556E+0 2.491E+0
1.578E+0 2.491E+0
1.594E+0 2.490E+0
1.618E+0 2.490E+0
1.637E+0 2.490E+0
1.656E+0 2.490E+0
1.677E+0 2.490E+0
1.697E+0 2.489E+0
1.716E+0 2.489E+0
1.737E+0 2.489E+0
1.756E+0 2.489E+0
1.778E+0 2.489E+0
1.801E+0 2.488E+0
1.817E+0 2.488E+0
1.839E+0 2.488E+0
1.856E+0 2.488E+0
1.875E+0 2.487E+0
1.898E+0 2.487E+0
1.918E+0 2.487E+0
1.939E+0 2.487E+0
1.959E+0 2.487E+0
1.979E+0 2.487E+0
2.001E+0 2.486E+0
2.018E+0 2.486E+0
2.040E+0 2.486E+0
2.058E+0 2.486E+0
2.081E+0 2.485E+0
2.100E+0 2.485E+0
2.123E+0 2.485E+0
2.142E+0 2.485E+0
2.162E+0 2.484E+0
2.183E+0 2.484E+0
2.200E+0 2.484E+0
2.221E+0 2.484E+0
2.241E+0 2.484E+0
2.262E+0 2.483E+0
2.282E+0 2.483E+0
2.300E+0 2.483E+0
2.321E+0 2.483E+0
2.344E+0 2.483E+0
2.361E+0 2.482E+0
2.383E+0 2.482E+0
2.403E+0 2.482E+0
2.425E+0 2.482E+0
2.446E+0 2.481E+0
2.463E+0 2.481E+0
2.487E+0 2.481E+0
2.505E+0 2.481E+0
2.524E+0 2.480E+0
2.546E+0 2.481E+0
2.564E+0 2.480E+0
2.586E+0 2.480E+0
2.606E+0 2.480E+0
2.626E+0 2.479E+0
2.646E+0 2.479E+0
2.667E+0 2.479E+0
2.688E+0 2.479E+0
2.706E+0 2.479E+0
2.724E+0 2.478E+0
2.748E+0 2.478E+0
2.766E+0 2.478E+0
2.787E+0 2.478E+0
2.804E+0 2.478E+0
2.829E+0 2.477E+0
2.847E+0 2.477E+0
2.868E+0 2.477E+0
2.889E+0 2.477E+0
2.907E+0 2.477E+0
2.928E+0 2.476E+0
2.947E+0 2.476E+0
2.968E+0 2.476E+0
2.990E+0 2.475E+0
3.007E+0 2.475E+0
3.032E+0 2.475E+0
3.050E+0 2.475E+0
3.070E+0 2.475E+0
3.091E+0 2.475E+0
3.111E+0 2.474E+0
3.131E+0 2.474E+0
3.151E+0 2.474E+0
3.167E+0 2.474E+0
3.190E+0 2.474E+0
3.213E+0 2.473E+0
3.230E+0 2.473E+0
3.248E+0 2.473E+0
3.272E+0 2.472E+0
3.291E+0 2.472E+0
3.311E+0 2.472E+0
3.332E+0 2.472E+0
3.355E+0 2.472E+0
3.371E+0 2.472E+0
3.391E+0 2.471E+0
3.413E+0 2.471E+0
3.433E+0 2.471E+0
3.450E+0 2.471E+0
3.475E+0 2.470E+0
3.492E+0 2.470E+0
3.513E+0 2.470E+0
3.535E+0 2.470E+0
3.552E+0 2.470E+0
3.576E+0 2.469E+0
3.592E+0 2.469E+0
3.613E+0 2.469E+0
3.631E+0 2.469E+0
3.655E+0 2.469E+0
3.679E+0 2.468E+0
3.696E+0 2.468E+0
3.715E+0 2.468E+0
3.734E+0 2.468E+0
3.756E+0 2.467E+0
3.778E+0 2.467E+0
3.797E+0 2.467E+0
3.815E+0 2.467E+0
3.837E+0 2.466E+0
3.856E+0 2.466E+0
3.878E+0 2.466E+0
3.895E+0 2.466E+0
3.917E+0 2.466E+0
3.937E+0 2.465E+0
3.958E+0 2.465E+0
3.977E+0 2.465E+0
3.996E+0 2.465E+0
4.016E+0 2.464E+0
4.038E+0 2.464E+0
4.058E+0 2.537E+0
4.078E+0 2.536E+0
4.099E+0 2.536E+0
4.117E+0 2.535E+0
4.140E+0 2.535E+0
4.159E+0 2.535E+0
4.177E+0 2.535E+0
4.198E+0 2.534E+0
4.221E+0 2.533E+0
4.240E+0 2.533E+0
4.260E+0 2.532E+0
4.278E+0 2.532E+0
4.302E+0 2.532E+0
4.322E+0 2.531E+0
4.340E+0 2.531E+0
4.362E+0 2.530E+0
4.383E+0 2.530E+0
4.401E+0 2.530E+0
4.422E+0 2.530E+0
4.442E+0 2.529E+0
4.462E+0 2.529E+0
4.477E+0 2.529E+0
4.497E+0 2.529E+0
4.515E+0 2.529E+0
4.529E+0 2.529E+0
4.531E+0 2.529E+0
4.532E+0 2.529E+0
4.533E+0 2.529E+0
4.534E+0 2.529E+0
4.535E+0 2.529E+0
4.536E+0 2.529E+0
