-5.979E+0 5.252E-3
-1.996E+0 4.335E+0
-1.976E+0 4.257E+0
-1.955E+0 4.237E+0
-1.934E+0 4.267E+0
-1.915E+0 4.249E+0
-1.895E+0 4.202E+0
-1.877E+0 4.207E+0
-1.855E+0 4.118E+0
-1.833E+0 4.163E+0
-1.812E+0 4.126E+0
-1.793E+0 4.076E+0
-1.773E+0 4.094E+0
-1.754E+0 4.074E+0
-1.732E+0 3.971E+0
-1.713E+0 4.030E+0
-1.695E+0 3.959E+0
-1.672E+0 3.990E+0
-1.651E+0 3.973E+0
-1.634E+0 3.896E+0
-1.613E+0 3.926E+0
-1.593E+0 3.843E+0
-1.571E+0 3.890E+0
-1.552E+0 3.801E+0
-1.530E+0 3.833E+0
-1.509E+0 3.821E+0
-1.491E+0 3.782E+0
-1.470E+0 3.696E+0
-1.450E+0 3.750E+0
-1.433E+0 3.703E+0
-1.412E+0 3.705E+0
-1.389E+0 3.616E+0
-1.367E+0 3.659E+0
-1.349E+0 3.629E+0
-1.330E+0 3.625E+0
-1.310E+0 3.601E+0
-1.289E+0 3.544E+0
-1.268E+0 3.560E+0
-1.252E+0 3.492E+0
-1.228E+0 3.523E+0
-1.208E+0 3.482E+0
-1.189E+0 3.466E+0
-1.169E+0 3.440E+0
-1.150E+0 3.425E+0
-1.128E+0 3.356E+0
-1.104E+0 3.391E+0
-1.084E+0 3.374E+0
-1.067E+0 3.291E+0
-1.044E+0 3.318E+0
-1.025E+0 3.251E+0
-1.005E+0 3.271E+0
-9.850E-1 3.244E+0
-9.630E-1 3.218E+0
-9.430E-1 3.219E+0
-9.230E-1 3.200E+0
-9.040E-1 3.123E+0
-8.850E-1 3.154E+0
-8.630E-1 3.118E+0
-8.440E-1 3.100E+0
-8.230E-1 3.078E+0
-8.040E-1 3.005E+0
-7.800E-1 3.046E+0
-7.620E-1 3.020E+0
-7.430E-1 3.004E+0
-7.250E-1 2.975E+0
-7.000E-1 2.948E+0
-6.810E-1 2.936E+0
-6.420E-1 2.885E+0
-6.220E-1 2.866E+0
-6.020E-1 2.855E+0
-5.810E-1 2.819E+0
-5.610E-1 2.757E+0
-5.390E-1 2.787E+0
-5.230E-1 2.680E+0
-5.000E-1 2.744E+0
-4.770E-1 2.694E+0
-4.610E-1 2.708E+0
-4.390E-1 2.676E+0
-4.200E-1 2.605E+0
-3.980E-1 2.639E+0
-3.790E-1 2.606E+0
-3.620E-1 2.526E+0
-3.390E-1 2.566E+0
-3.170E-1 2.496E+0
-3.000E-1 2.529E+0
-2.780E-1 2.429E+0
-2.580E-1 2.477E+0
-2.380E-1 2.451E+0
-2.190E-1 2.442E+0
-1.970E-1 2.370E+0
-1.790E-1 2.398E+0
-1.590E-1 2.326E+0
-1.380E-1 2.356E+0
-1.180E-1 2.278E+0
-9.600E-2 2.311E+0
-7.600E-2 2.241E+0
-5.700E-2 2.263E+0
-3.700E-2 2.252E+0
-1.700E-2 2.225E+0
2.000E-3 2.214E+0
2.200E-2 2.152E+0
4.100E-2 2.170E+0
6.400E-2 2.142E+0
8.200E-2 2.121E+0
1.040E-1 2.063E+0
1.200E-1 2.070E+0
1.440E-1 2.066E+0
1.620E-1 2.045E+0
1.830E-1 2.012E+0
2.020E-1 1.986E+0
2.250E-1 1.960E+0
2.460E-1 1.954E+0
2.640E-1 1.928E+0
2.830E-1 1.913E+0
3.050E-1 1.885E+0
3.240E-1 1.863E+0
3.460E-1 1.829E+0
3.670E-1 1.825E+0
3.850E-1 1.792E+0
4.060E-1 1.785E+0
4.260E-1 1.752E+0
4.440E-1 1.736E+0
4.670E-1 1.711E+0
4.840E-1 1.686E+0
5.060E-1 1.670E+0
5.270E-1 1.639E+0
5.450E-1 1.626E+0
5.650E-1 1.603E+0
5.860E-1 1.549E+0
6.080E-1 1.569E+0
6.280E-1 1.535E+0
6.480E-1 1.527E+0
6.680E-1 1.497E+0
6.880E-1 1.475E+0
7.080E-1 1.456E+0
7.290E-1 1.428E+0
7.460E-1 1.402E+0
7.690E-1 1.401E+0
7.900E-1 1.323E+0
8.060E-1 1.340E+0
8.280E-1 1.326E+0
8.480E-1 1.313E+0
8.700E-1 1.279E+0
8.900E-1 1.272E+0
9.080E-1 1.248E+0
9.260E-1 1.222E+0
9.480E-1 1.199E+0
9.710E-1 1.169E+0
9.900E-1 1.159E+0
1.011E+0 1.122E+0
1.031E+0 1.115E+0
1.050E+0 1.099E+0
1.073E+0 1.065E+0
1.092E+0 1.043E+0
1.111E+0 9.845E-1
1.130E+0 1.011E+0
1.150E+0 9.825E-1
1.170E+0 9.566E-1
1.191E+0 9.288E-1
1.210E+0 9.110E-1
1.232E+0 8.823E-1
1.254E+0 8.724E-1
1.271E+0 8.416E-1
1.294E+0 8.330E-1
1.313E+0 8.016E-1
1.336E+0 7.808E-1
1.351E+0 7.776E-1
1.374E+0 7.519E-1
1.392E+0 7.287E-1
1.412E+0 7.075E-1
1.434E+0 6.454E-1
1.455E+0 6.499E-1
1.475E+0 6.477E-1
1.494E+0 6.208E-1
1.514E+0 5.839E-1
1.536E+0 5.586E-1
1.554E+0 5.573E-1
1.574E+0 5.376E-1
1.594E+0 5.182E-1
1.615E+0 4.903E-1
1.635E+0 4.637E-1
1.656E+0 4.380E-1
1.676E+0 4.230E-1
1.695E+0 4.119E-1
1.716E+0 3.839E-1
1.737E+0 3.588E-1
1.754E+0 3.275E-1
1.774E+0 3.309E-1
1.797E+0 2.956E-1
1.819E+0 2.896E-1
1.837E+0 2.538E-1
1.855E+0 2.309E-1
1.877E+0 1.966E-1
1.894E+0 1.894E-1
1.918E+0 1.517E-1
1.936E+0 1.525E-1
1.957E+0 1.249E-1
1.978E+0 1.110E-1
1.999E+0 8.084E-2
