-6.024E+0 5.252E-3
-5.154E+0 2.507E+0
-5.134E+0 2.512E+0
-5.113E+0 2.513E+0
-5.090E+0 2.513E+0
-5.070E+0 2.513E+0
-5.052E+0 2.513E+0
-5.030E+0 2.513E+0
-5.010E+0 2.513E+0
-4.993E+0 2.513E+0
-4.972E+0 2.513E+0
-4.951E+0 2.513E+0
-4.929E+0 2.513E+0
-4.912E+0 2.513E+0
-4.889E+0 2.513E+0
-4.867E+0 2.513E+0
-4.848E+0 2.513E+0
-4.828E+0 2.513E+0
-4.808E+0 2.513E+0
-4.789E+0 2.513E+0
-4.769E+0 2.513E+0
-4.746E+0 2.513E+0
-4.725E+0 2.513E+0
-4.706E+0 2.513E+0
-4.687E+0 2.513E+0
-4.667E+0 2.513E+0
-4.646E+0 2.513E+0
-4.625E+0 2.513E+0
-4.606E+0 2.513E+0
-4.585E+0 2.513E+0
-4.566E+0 2.513E+0
-4.542E+0 2.513E+0
-4.525E+0 2.513E+0
-4.504E+0 2.513E+0
-4.482E+0 2.513E+0
-4.466E+0 2.513E+0
-4.445E+0 2.513E+0
-4.428E+0 2.513E+0
-4.401E+0 2.513E+0
-4.385E+0 2.516E+0
-4.362E+0 2.527E+0
-4.345E+0 2.546E+0
-4.323E+0 2.547E+0
-4.303E+0 2.542E+0
-4.282E+0 2.539E+0
-4.262E+0 2.538E+0
-4.244E+0 2.537E+0
-4.222E+0 2.537E+0
-4.201E+0 2.537E+0
-4.183E+0 2.538E+0
-4.164E+0 2.538E+0
-4.143E+0 2.538E+0
-4.121E+0 2.539E+0
-4.101E+0 2.540E+0
-4.080E+0 2.540E+0
-4.061E+0 2.541E+0
-4.037E+0 2.542E+0
-4.021E+0 2.543E+0
-3.999E+0 2.544E+0
-3.981E+0 2.545E+0
-3.961E+0 2.546E+0
-3.938E+0 2.547E+0
-3.920E+0 2.548E+0
-3.899E+0 2.548E+0
-3.876E+0 2.548E+0
-3.859E+0 2.548E+0
-3.839E+0 2.548E+0
-3.820E+0 2.548E+0
-3.797E+0 2.548E+0
-3.777E+0 2.547E+0
-3.757E+0 2.547E+0
-3.738E+0 2.547E+0
-3.717E+0 2.547E+0
-3.697E+0 2.547E+0
-3.675E+0 2.546E+0
-3.655E+0 2.546E+0
-3.635E+0 2.546E+0
-3.615E+0 2.546E+0
-3.597E+0 2.546E+0
-3.575E+0 2.546E+0
-3.557E+0 2.545E+0
-3.537E+0 2.545E+0
-3.516E+0 2.545E+0
-3.497E+0 2.545E+0
-3.475E+0 2.544E+0
-3.456E+0 2.544E+0
-3.436E+0 2.544E+0
-3.414E+0 2.544E+0
-3.392E+0 2.543E+0
-3.376E+0 2.543E+0
-3.352E+0 2.543E+0
-3.334E+0 2.543E+0
-3.312E+0 2.543E+0
-3.293E+0 2.543E+0
-3.272E+0 2.542E+0
-3.250E+0 2.542E+0
-3.230E+0 2.542E+0
-3.211E+0 2.542E+0
-3.192E+0 2.541E+0
-3.174E+0 2.541E+0
-3.151E+0 2.541E+0
-3.132E+0 2.541E+0
-3.109E+0 2.540E+0
-3.092E+0 2.540E+0
-3.072E+0 2.540E+0
-3.052E+0 2.540E+0
-3.028E+0 2.540E+0
-3.007E+0 2.539E+0
-2.989E+0 2.539E+0
-2.966E+0 2.539E+0
-2.948E+0 2.539E+0
-2.929E+0 2.539E+0
-2.909E+0 2.538E+0
-2.889E+0 2.538E+0
-2.867E+0 2.538E+0
-2.847E+0 2.538E+0
-2.826E+0 2.537E+0
-2.808E+0 2.537E+0
-2.787E+0 2.537E+0
-2.766E+0 2.537E+0
-2.747E+0 2.537E+0
-2.724E+0 2.536E+0
-2.706E+0 2.536E+0
-2.686E+0 2.536E+0
-2.666E+0 2.536E+0
-2.647E+0 2.536E+0
-2.626E+0 2.535E+0
-2.607E+0 2.535E+0
-2.585E+0 2.535E+0
-2.564E+0 2.535E+0
-2.543E+0 2.534E+0
-2.524E+0 2.534E+0
-2.505E+0 2.534E+0
-2.485E+0 2.534E+0
-2.463E+0 2.534E+0
-2.444E+0 2.534E+0
-2.423E+0 2.533E+0
-2.403E+0 2.533E+0
-2.383E+0 2.533E+0
-2.364E+0 2.533E+0
-2.342E+0 2.532E+0
-2.323E+0 2.532E+0
-2.302E+0 2.532E+0
-2.280E+0 2.532E+0
-2.260E+0 2.531E+0
-2.240E+0 2.531E+0
-2.221E+0 2.531E+0
-2.202E+0 2.531E+0
-2.180E+0 2.531E+0
-2.161E+0 2.531E+0
-2.142E+0 2.530E+0
-2.119E+0 2.530E+0
-2.097E+0 2.530E+0
-2.080E+0 2.530E+0
-2.059E+0 2.529E+0
-2.038E+0 2.529E+0
-2.019E+0 2.529E+0
-2.000E+0 2.529E+0
-1.979E+0 2.528E+0
-1.954E+0 2.528E+0
-1.938E+0 2.528E+0
-1.918E+0 2.528E+0
-1.895E+0 2.528E+0
-1.873E+0 2.527E+0
-1.855E+0 2.527E+0
-1.835E+0 2.527E+0
-1.814E+0 2.527E+0
-1.795E+0 2.527E+0
-1.777E+0 2.526E+0
-1.756E+0 2.526E+0
-1.734E+0 2.526E+0
-1.713E+0 2.526E+0
-1.692E+0 2.525E+0
-1.680E+0 2.525E+0
-1.662E+0 2.525E+0
-1.639E+0 2.525E+0
-1.622E+0 2.525E+0
-1.600E+0 2.525E+0
-1.582E+0 2.524E+0
-1.562E+0 2.524E+0
-1.539E+0 2.524E+0
-1.519E+0 2.524E+0
-1.497E+0 2.524E+0
-1.478E+0 2.523E+0
-1.459E+0 2.523E+0
-1.439E+0 2.523E+0
-1.414E+0 2.522E+0
-1.397E+0 2.522E+0
-1.375E+0 2.522E+0
-1.358E+0 2.522E+0
-1.338E+0 2.522E+0
-1.316E+0 2.522E+0
-1.298E+0 2.521E+0
-1.277E+0 2.521E+0
-1.255E+0 2.521E+0
-1.236E+0 2.521E+0
-1.216E+0 2.520E+0
-1.195E+0 2.520E+0
-1.174E+0 2.520E+0
-1.153E+0 2.520E+0
-1.131E+0 2.520E+0
-1.110E+0 2.519E+0
-1.092E+0 2.519E+0
-1.071E+0 2.519E+0
-1.049E+0 2.519E+0
-1.030E+0 2.519E+0
-1.011E+0 2.518E+0
-9.900E-1 2.518E+0
-9.680E-1 2.518E+0
-9.510E-1 2.518E+0
-9.300E-1 2.517E+0
-9.090E-1 2.517E+0
-8.890E-1 2.517E+0
-8.660E-1 2.517E+0
-8.470E-1 2.516E+0
-8.260E-1 2.516E+0
-8.080E-1 2.516E+0
-7.870E-1 2.516E+0
-7.660E-1 2.516E+0
-7.470E-1 2.515E+0
-7.270E-1 2.515E+0
-7.070E-1 2.515E+0
-6.850E-1 2.515E+0
-6.420E-1 2.514E+0
-6.270E-1 2.514E+0
-6.030E-1 2.514E+0
-5.840E-1 2.514E+0
-5.620E-1 2.514E+0
-5.430E-1 2.513E+0
-5.210E-1 2.513E+0
-5.070E-1 2.513E+0
-4.810E-1 2.513E+0
-4.630E-1 2.512E+0
-4.420E-1 2.512E+0
-4.210E-1 2.512E+0
-4.010E-1 2.512E+0
-3.800E-1 2.511E+0
-3.610E-1 2.511E+0
-3.420E-1 2.511E+0
-3.210E-1 2.511E+0
-2.990E-1 2.511E+0
-2.800E-1 2.510E+0
-2.580E-1 2.510E+0
-2.380E-1 2.510E+0
-2.180E-1 2.510E+0
-1.980E-1 2.510E+0
-1.760E-1 2.509E+0
-1.580E-1 2.509E+0
-1.400E-1 2.509E+0
-1.170E-1 2.509E+0
-9.800E-2 2.509E+0
-7.600E-2 2.508E+0
-5.800E-2 2.508E+0
-3.700E-2 2.508E+0
-1.600E-2 2.508E+0
1.000E-3 2.507E+0
2.200E-2 2.507E+0
4.200E-2 2.507E+0
6.300E-2 2.507E+0
8.300E-2 2.506E+0
1.030E-1 2.506E+0
1.240E-1 2.506E+0
1.400E-1 2.506E+0
1.630E-1 2.505E+0
1.830E-1 2.505E+0
2.050E-1 2.505E+0
2.240E-1 2.505E+0
2.430E-1 2.505E+0
2.660E-1 2.504E+0
2.860E-1 2.504E+0
3.060E-1 2.504E+0
3.240E-1 2.504E+0
3.440E-1 2.504E+0
3.660E-1 2.503E+0
3.850E-1 2.503E+0
4.030E-1 2.503E+0
4.250E-1 2.503E+0
4.450E-1 2.503E+0
4.650E-1 2.502E+0
4.840E-1 2.502E+0
5.050E-1 2.502E+0
5.270E-1 2.502E+0
5.460E-1 2.501E+0
5.660E-1 2.501E+0
5.850E-1 2.501E+0
6.080E-1 2.501E+0
6.280E-1 2.501E+0
6.460E-1 2.501E+0
6.670E-1 2.500E+0
6.870E-1 2.500E+0
7.090E-1 2.500E+0
7.300E-1 2.500E+0
7.470E-1 2.499E+0
7.670E-1 2.499E+0
7.880E-1 2.499E+0
8.060E-1 2.499E+0
8.270E-1 2.498E+0
8.470E-1 2.498E+0
8.660E-1 2.498E+0
8.890E-1 2.498E+0
9.080E-1 2.498E+0
9.310E-1 2.497E+0
9.490E-1 2.497E+0
9.680E-1 2.497E+0
9.900E-1 2.497E+0
1.009E+0 2.497E+0
1.028E+0 2.496E+0
1.047E+0 2.496E+0
1.069E+0 2.496E+0
1.091E+0 2.496E+0
1.111E+0 2.496E+0
1.130E+0 2.495E+0
1.150E+0 2.495E+0
1.170E+0 2.495E+0
1.191E+0 2.495E+0
1.211E+0 2.494E+0
1.232E+0 2.494E+0
1.251E+0 2.494E+0
1.271E+0 2.494E+0
1.290E+0 2.494E+0
1.312E+0 2.493E+0
1.330E+0 2.493E+0
1.352E+0 2.493E+0
1.373E+0 2.493E+0
1.394E+0 2.492E+0
1.413E+0 2.492E+0
1.430E+0 2.492E+0
1.452E+0 2.492E+0
1.472E+0 2.492E+0
1.493E+0 2.491E+0
1.516E+0 2.491E+0
1.534E+0 2.491E+0
1.551E+0 2.491E+0
1.575E+0 2.491E+0
1.595E+0 2.490E+0
1.614E+0 2.490E+0
1.634E+0 2.490E+0
1.656E+0 2.490E+0
1.675E+0 2.489E+0
1.695E+0 2.489E+0
1.714E+0 2.489E+0
1.733E+0 2.489E+0
1.755E+0 2.489E+0
1.775E+0 2.488E+0
1.797E+0 2.488E+0
1.816E+0 2.488E+0
1.836E+0 2.488E+0
1.859E+0 2.488E+0
1.874E+0 2.487E+0
1.895E+0 2.487E+0
1.917E+0 2.487E+0
1.935E+0 2.487E+0
1.959E+0 2.487E+0
1.977E+0 2.486E+0
1.997E+0 2.486E+0
2.017E+0 2.486E+0
2.039E+0 2.486E+0
2.057E+0 2.485E+0
2.078E+0 2.485E+0
2.099E+0 2.485E+0
2.121E+0 2.485E+0
2.140E+0 2.485E+0
2.159E+0 2.484E+0
2.179E+0 2.484E+0
2.199E+0 2.484E+0
2.220E+0 2.484E+0
2.238E+0 2.483E+0
2.257E+0 2.483E+0
2.280E+0 2.483E+0
2.301E+0 2.483E+0
2.319E+0 2.483E+0
2.340E+0 2.482E+0
2.362E+0 2.482E+0
2.380E+0 2.482E+0
2.401E+0 2.482E+0
2.420E+0 2.482E+0
2.441E+0 2.481E+0
2.463E+0 2.481E+0
2.481E+0 2.481E+0
2.502E+0 2.481E+0
2.523E+0 2.480E+0
2.542E+0 2.480E+0
2.562E+0 2.480E+0
2.584E+0 2.480E+0
2.605E+0 2.480E+0
2.625E+0 2.479E+0
2.643E+0 2.479E+0
2.663E+0 2.479E+0
2.684E+0 2.479E+0
2.704E+0 2.479E+0
2.726E+0 2.478E+0
2.744E+0 2.478E+0
2.763E+0 2.478E+0
2.783E+0 2.478E+0
2.802E+0 2.477E+0
2.827E+0 2.477E+0
2.845E+0 2.477E+0
2.866E+0 2.477E+0
2.887E+0 2.477E+0
2.906E+0 2.476E+0
2.928E+0 2.476E+0
2.947E+0 2.476E+0
2.967E+0 2.476E+0
2.987E+0 2.476E+0
3.009E+0 2.475E+0
3.029E+0 2.475E+0
3.044E+0 2.475E+0
3.067E+0 2.475E+0
3.088E+0 2.474E+0
3.108E+0 2.474E+0
3.126E+0 2.474E+0
3.149E+0 2.474E+0
3.170E+0 2.474E+0
3.191E+0 2.473E+0
3.210E+0 2.473E+0
3.229E+0 2.473E+0
3.249E+0 2.473E+0
3.270E+0 2.472E+0
3.292E+0 2.472E+0
3.314E+0 2.472E+0
3.332E+0 2.472E+0
3.351E+0 2.472E+0
3.371E+0 2.471E+0
3.392E+0 2.471E+0
3.413E+0 2.471E+0
3.433E+0 2.471E+0
3.457E+0 2.471E+0
3.474E+0 2.470E+0
3.498E+0 2.470E+0
3.513E+0 2.470E+0
3.535E+0 2.470E+0
3.556E+0 2.469E+0
3.575E+0 2.469E+0
3.592E+0 2.469E+0
3.616E+0 2.469E+0
3.635E+0 2.468E+0
3.656E+0 2.468E+0
3.677E+0 2.468E+0
3.694E+0 2.468E+0
3.715E+0 2.468E+0
3.740E+0 2.468E+0
3.758E+0 2.467E+0
3.777E+0 2.467E+0
3.796E+0 2.467E+0
3.816E+0 2.467E+0
3.836E+0 2.466E+0
3.860E+0 2.466E+0
3.881E+0 2.466E+0
3.902E+0 2.466E+0
3.923E+0 2.466E+0
3.938E+0 2.465E+0
3.962E+0 2.465E+0
3.982E+0 2.465E+0
3.999E+0 2.465E+0
4.021E+0 2.465E+0
4.044E+0 2.464E+0
4.060E+0 2.537E+0
4.085E+0 2.536E+0
4.103E+0 2.535E+0
4.124E+0 2.535E+0
4.142E+0 2.535E+0
4.165E+0 2.534E+0
4.186E+0 2.534E+0
4.205E+0 2.534E+0
4.225E+0 2.534E+0
4.246E+0 2.533E+0
4.266E+0 2.532E+0
4.287E+0 2.532E+0
4.306E+0 2.531E+0
4.324E+0 2.531E+0
4.346E+0 2.531E+0
4.370E+0 2.530E+0
4.389E+0 2.530E+0
4.411E+0 2.530E+0
4.428E+0 2.529E+0
4.452E+0 2.529E+0
4.469E+0 2.529E+0
4.486E+0 2.529E+0
4.507E+0 2.529E+0
4.521E+0 2.529E+0
4.538E+0 2.529E+0
4.540E+0 2.529E+0
4.541E+0 2.529E+0
4.542E+0 2.529E+0
4.543E+0 2.529E+0
4.544E+0 2.529E+0
