8.440E-3 -1.045E-6
1.412E+0 1.106E-6
1.413E+0 1.097E-6
1.423E+0 1.088E-6
1.436E+0 1.070E-6
1.438E+0 1.078E-6
1.451E+0 1.050E-6
1.460E+0 1.060E-6
1.470E+0 1.032E-6
1.481E+0 1.023E-6
1.481E+0 1.041E-6
1.503E+0 1.004E-6
1.505E+0 1.014E-6
1.517E+0 9.951E-7
1.527E+0 9.862E-7
1.532E+0 9.766E-7
1.549E+0 9.580E-7
1.550E+0 9.676E-7
1.564E+0 9.396E-7
1.569E+0 9.488E-7
1.582E+0 9.204E-7
1.590E+0 9.308E-7
1.600E+0 9.025E-7
1.611E+0 9.113E-7
1.627E+0 8.744E-7
1.630E+0 8.927E-7
1.639E+0 8.835E-7
1.647E+0 8.561E-7
1.657E+0 8.652E-7
1.668E+0 8.370E-7
1.675E+0 8.464E-7
1.690E+0 8.190E-7
1.690E+0 8.278E-7
1.703E+0 8.098E-7
1.714E+0 7.914E-7
1.715E+0 8.005E-7
1.739E+0 7.639E-7
1.750E+0 7.729E-7
1.754E+0 7.543E-7
1.764E+0 7.451E-7
1.767E+0 7.361E-7
1.784E+0 7.176E-7
1.796E+0 7.267E-7
1.803E+0 6.990E-7
1.813E+0 7.084E-7
1.821E+0 6.808E-7
1.833E+0 6.895E-7
1.850E+0 6.713E-7
1.855E+0 6.618E-7
1.858E+0 6.526E-7
1.868E+0 6.432E-7
1.881E+0 6.343E-7
1.884E+0 6.246E-7
1.901E+0 6.065E-7
1.901E+0 6.152E-7
1.918E+0 5.881E-7
1.921E+0 5.971E-7
1.936E+0 5.694E-7
1.940E+0 5.784E-7
1.954E+0 5.506E-7
1.959E+0 5.602E-7
1.962E+0 5.414E-7
1.981E+0 5.231E-7
1.988E+0 5.322E-7
2.006E+0 5.137E-7
2.011E+0 4.954E-7
2.013E+0 5.045E-7
2.030E+0 4.767E-7
2.032E+0 4.858E-7
2.045E+0 4.583E-7
2.051E+0 4.674E-7
2.065E+0 4.395E-7
2.072E+0 4.489E-7
2.086E+0 4.211E-7
2.088E+0 4.302E-7
2.095E+0 4.119E-7
2.114E+0 3.937E-7
2.115E+0 4.024E-7
2.120E+0 3.841E-7
2.136E+0 3.656E-7
2.146E+0 3.749E-7
2.155E+0 3.473E-7
2.166E+0 3.562E-7
2.174E+0 3.283E-7
2.185E+0 3.381E-7
2.192E+0 3.102E-7
2.204E+0 3.194E-7
2.210E+0 2.917E-7
2.222E+0 3.011E-7
2.240E+0 2.824E-7
2.249E+0 2.733E-7
2.250E+0 2.548E-7
2.257E+0 2.640E-7
2.271E+0 2.363E-7
2.274E+0 2.453E-7
2.286E+0 2.270E-7
2.292E+0 2.176E-7
2.308E+0 2.085E-7
2.309E+0 1.992E-7
2.327E+0 1.901E-7
2.334E+0 1.717E-7
2.338E+0 1.807E-7
2.353E+0 1.529E-7
2.357E+0 1.622E-7
2.370E+0 1.346E-7
2.376E+0 1.438E-7
2.387E+0 1.162E-7
2.396E+0 1.066E-7
2.396E+0 1.255E-7
2.414E+0 8.850E-8
2.426E+0 9.760E-8
2.433E+0 6.950E-8
2.444E+0 7.920E-8
2.453E+0 5.160E-8
2.462E+0 6.060E-8
2.478E+0 4.200E-8
2.482E+0 3.270E-8
2.490E+0 2.370E-8
2.494E+0 1.450E-8
2.508E+0 -2.000E-9
2.514E+0 5.100E-9
2.523E+0 -2.100E-8
2.534E+0 -1.140E-8
2.542E+0 -3.910E-8
2.554E+0 -2.980E-8
2.562E+0 -5.780E-8
2.570E+0 -4.850E-8
2.579E+0 -7.600E-8
2.591E+0 -6.670E-8
2.599E+0 -9.450E-8
2.609E+0 -8.530E-8
2.620E+0 -1.131E-7
2.624E+0 -1.038E-7
2.639E+0 -1.222E-7
2.643E+0 -1.316E-7
2.653E+0 -1.410E-7
2.667E+0 -1.595E-7
2.669E+0 -1.503E-7
2.684E+0 -1.778E-7
2.689E+0 -1.685E-7
2.708E+0 -1.874E-7
2.711E+0 -2.061E-7
2.719E+0 -1.965E-7
2.730E+0 -2.244E-7
2.737E+0 -2.148E-7
2.739E+0 -2.336E-7
2.766E+0 -2.426E-7
2.770E+0 -2.520E-7
2.771E+0 -2.612E-7
2.788E+0 -2.706E-7
2.789E+0 -2.796E-7
2.806E+0 -2.890E-7
2.812E+0 -2.981E-7
2.822E+0 -3.078E-7
2.830E+0 -3.168E-7
2.839E+0 -3.262E-7
2.849E+0 -3.352E-7
2.855E+0 -3.447E-7
2.862E+0 -3.541E-7
2.881E+0 -3.725E-7
2.882E+0 -3.628E-7
2.900E+0 -3.817E-7
2.901E+0 -3.909E-7
2.918E+0 -4.002E-7
2.919E+0 -4.094E-7
2.936E+0 -4.277E-7
2.938E+0 -4.191E-7
2.959E+0 -4.371E-7
2.970E+0 -4.463E-7
2.978E+0 -4.740E-7
2.990E+0 -4.650E-7
3.007E+0 -4.832E-7
3.011E+0 -5.019E-7
3.013E+0 -4.926E-7
3.026E+0 -5.110E-7
3.031E+0 -5.205E-7
3.043E+0 -5.388E-7
3.051E+0 -5.295E-7
3.061E+0 -5.482E-7
3.068E+0 -5.572E-7
3.080E+0 -5.757E-7
3.088E+0 -5.665E-7
3.098E+0 -5.945E-7
3.110E+0 -5.850E-7
3.123E+0 -6.125E-7
3.129E+0 -6.217E-7
3.137E+0 -6.402E-7
3.144E+0 -6.308E-7
3.153E+0 -6.585E-7
3.166E+0 -6.494E-7
3.174E+0 -6.772E-7
3.184E+0 -6.680E-7
3.197E+0 -6.959E-7
3.199E+0 -6.863E-7
3.214E+0 -7.053E-7
3.221E+0 -7.143E-7
3.228E+0 -7.237E-7
3.243E+0 -7.422E-7
3.243E+0 -7.329E-7
3.261E+0 -7.609E-7
3.263E+0 -7.514E-7
3.269E+0 -7.700E-7
3.292E+0 -7.793E-7
3.299E+0 -7.887E-7
3.317E+0 -8.069E-7
3.319E+0 -8.167E-7
3.335E+0 -8.258E-7
3.339E+0 -8.350E-7
3.353E+0 -8.444E-7
3.358E+0 -8.537E-7
3.370E+0 -8.629E-7
3.378E+0 -8.719E-7
3.389E+0 -8.813E-7
3.397E+0 -8.906E-7
3.407E+0 -8.997E-7
3.414E+0 -9.090E-7
3.428E+0 -9.190E-7
3.433E+0 -9.281E-7
3.448E+0 -9.373E-7
3.449E+0 -9.464E-7
3.466E+0 -9.651E-7
3.468E+0 -9.554E-7
3.481E+0 -9.833E-7
3.489E+0 -9.741E-7
3.489E+0 -9.924E-7
3.508E+0 -1.011E-6
3.519E+0 -1.001E-6
3.534E+0 -1.031E-6
3.537E+0 -1.023E-6
3.547E+0 -1.050E-6
3.554E+0 -1.041E-6
3.565E+0 -1.069E-6
3.577E+0 -1.059E-6
3.587E+0 -1.087E-6
3.593E+0 -1.078E-6
3.607E+0 -1.097E-6
