9.003E-3 -6.460E-4
1.727E-1 2.328E-4
1.829E-1 2.316E-4
1.956E-1 2.305E-4
2.120E-1 2.294E-4
2.260E-1 2.283E-4
2.363E-1 2.272E-4
2.433E-1 2.260E-4
2.497E-1 2.250E-4
2.613E-1 2.238E-4
2.767E-1 2.227E-4
2.915E-1 2.216E-4
3.040E-1 2.205E-4
3.082E-1 2.195E-4
3.247E-1 2.182E-4
3.376E-1 2.172E-4
3.474E-1 2.161E-4
3.536E-1 2.150E-4
3.708E-1 2.138E-4
3.744E-1 2.127E-4
3.849E-1 2.117E-4
3.946E-1 2.105E-4
4.070E-1 2.095E-4
4.213E-1 2.083E-4
4.282E-1 2.072E-4
4.479E-1 2.061E-4
4.547E-1 2.050E-4
4.710E-1 2.039E-4
4.745E-1 2.029E-4
4.914E-1 2.017E-4
5.061E-1 2.005E-4
5.126E-1 1.995E-4
5.186E-1 1.983E-4
5.286E-1 1.972E-4
5.436E-1 1.961E-4
5.516E-1 1.949E-4
5.689E-1 1.938E-4
5.745E-1 1.928E-4
5.927E-1 1.917E-4
5.989E-1 1.905E-4
6.072E-1 1.894E-4
6.250E-1 1.883E-4
6.299E-1 1.873E-4
6.396E-1 1.862E-4
6.554E-1 1.850E-4
6.623E-1 1.840E-4
6.818E-1 1.829E-4
6.916E-1 1.817E-4
7.049E-1 1.806E-4
7.128E-1 1.795E-4
7.184E-1 1.784E-4
7.289E-1 1.773E-4
7.424E-1 1.762E-4
7.514E-1 1.750E-4
7.647E-1 1.740E-4
7.820E-1 1.729E-4
7.934E-1 1.717E-4
8.035E-1 1.706E-4
8.073E-1 1.696E-4
8.197E-1 1.684E-4
8.377E-1 1.674E-4
8.426E-1 1.662E-4
8.587E-1 1.652E-4
8.637E-1 1.640E-4
8.744E-1 1.629E-4
8.859E-1 1.618E-4
8.968E-1 1.607E-4
9.140E-1 1.596E-4
9.273E-1 1.584E-4
9.378E-1 1.573E-4
9.420E-1 1.563E-4
9.513E-1 1.552E-4
9.658E-1 1.540E-4
9.834E-1 1.530E-4
9.926E-1 1.518E-4
9.960E-1 1.507E-4
1.014E+0 1.496E-4
1.018E+0 1.485E-4
1.033E+0 1.474E-4
1.051E+0 1.463E-4
1.059E+0 1.452E-4
1.064E+0 1.441E-4
1.076E+0 1.429E-4
1.093E+0 1.419E-4
1.103E+0 1.408E-4
1.118E+0 1.396E-4
1.126E+0 1.386E-4
1.130E+0 1.375E-4
1.148E+0 1.363E-4
1.152E+0 1.353E-4
1.170E+0 1.341E-4
1.175E+0 1.330E-4
1.186E+0 1.319E-4
1.202E+0 1.309E-4
1.217E+0 1.298E-4
1.223E+0 1.285E-4
1.239E+0 1.276E-4
1.250E+0 1.264E-4
1.258E+0 1.253E-4
1.263E+0 1.242E-4
1.278E+0 1.230E-4
1.294E+0 1.219E-4
1.306E+0 1.208E-4
1.314E+0 1.198E-4
1.319E+0 1.187E-4
1.329E+0 1.176E-4
1.345E+0 1.164E-4
1.361E+0 1.154E-4
1.371E+0 1.142E-4
1.382E+0 1.133E-4
1.396E+0 1.122E-4
1.403E+0 1.111E-4
1.417E+0 1.099E-4
1.429E+0 1.088E-4
1.435E+0 1.077E-4
1.451E+0 1.066E-4
1.456E+0 1.055E-4
1.464E+0 1.044E-4
1.483E+0 1.032E-4
1.493E+0 1.022E-4
1.497E+0 1.010E-4
1.514E+0 9.987E-5
1.529E+0 9.878E-5
1.541E+0 9.770E-5
1.549E+0 9.656E-5
1.555E+0 9.549E-5
1.563E+0 9.437E-5
1.581E+0 9.327E-5
1.588E+0 9.215E-5
1.608E+0 9.105E-5
1.615E+0 8.992E-5
1.628E+0 8.883E-5
1.631E+0 8.774E-5
1.646E+0 8.662E-5
1.653E+0 8.553E-5
1.671E+0 8.443E-5
1.684E+0 8.332E-5
1.687E+0 8.216E-5
1.701E+0 8.109E-5
1.708E+0 8.000E-5
1.728E+0 7.886E-5
1.734E+0 7.778E-5
1.751E+0 7.665E-5
1.759E+0 7.556E-5
1.766E+0 7.442E-5
1.786E+0 7.329E-5
1.793E+0 7.223E-5
1.806E+0 7.113E-5
1.818E+0 7.002E-5
1.826E+0 6.889E-5
1.841E+0 6.782E-5
1.843E+0 6.670E-5
1.854E+0 6.558E-5
1.874E+0 6.446E-5
1.881E+0 6.336E-5
1.887E+0 6.226E-5
1.897E+0 6.117E-5
1.913E+0 6.004E-5
1.922E+0 5.894E-5
1.939E+0 5.783E-5
1.951E+0 5.673E-5
1.957E+0 5.563E-5
1.967E+0 5.451E-5
1.984E+0 5.338E-5
1.994E+0 5.229E-5
2.007E+0 5.114E-5
2.016E+0 5.007E-5
2.030E+0 4.897E-5
2.039E+0 4.783E-5
2.050E+0 4.677E-5
2.062E+0 4.565E-5
2.070E+0 4.453E-5
2.086E+0 4.342E-5
2.096E+0 4.232E-5
2.103E+0 4.122E-5
2.118E+0 4.012E-5
2.129E+0 3.896E-5
2.138E+0 3.788E-5
2.153E+0 3.680E-5
2.163E+0 3.567E-5
2.171E+0 3.457E-5
2.185E+0 3.347E-5
2.195E+0 3.236E-5
2.201E+0 3.124E-5
2.209E+0 3.015E-5
2.229E+0 2.901E-5
2.235E+0 2.793E-5
2.252E+0 2.682E-5
2.256E+0 2.569E-5
2.268E+0 2.460E-5
2.285E+0 2.349E-5
2.292E+0 2.237E-5
2.299E+0 2.128E-5
2.309E+0 2.019E-5
2.324E+0 1.906E-5
2.331E+0 1.795E-5
2.350E+0 1.686E-5
2.362E+0 1.575E-5
2.366E+0 1.464E-5
2.384E+0 1.354E-5
2.398E+0 1.239E-5
2.405E+0 1.134E-5
2.419E+0 1.022E-5
2.424E+0 9.111E-6
2.433E+0 7.987E-6
2.444E+0 6.887E-6
2.455E+0 5.789E-6
2.475E+0 4.668E-6
2.485E+0 3.549E-6
2.496E+0 2.470E-6
2.506E+0 1.351E-6
2.510E+0 2.139E-7
2.521E+0 -6.281E-7
2.529E+0 -1.721E-6
2.542E+0 -2.847E-6
2.556E+0 -3.935E-6
2.573E+0 -5.060E-6
2.576E+0 -6.151E-6
2.589E+0 -7.252E-6
2.606E+0 -8.357E-6
2.616E+0 -9.457E-6
2.625E+0 -1.057E-5
2.630E+0 -1.169E-5
2.642E+0 -1.278E-5
2.657E+0 -1.388E-5
2.672E+0 -1.500E-5
2.684E+0 -1.612E-5
2.691E+0 -1.722E-5
2.697E+0 -1.834E-5
2.708E+0 -1.944E-5
2.723E+0 -2.053E-5
2.730E+0 -2.163E-5
2.750E+0 -2.276E-5
2.757E+0 -2.387E-5
2.772E+0 -2.499E-5
2.783E+0 -2.607E-5
2.790E+0 -2.719E-5
2.797E+0 -2.831E-5
2.818E+0 -2.940E-5
2.825E+0 -3.050E-5
2.839E+0 -3.162E-5
2.842E+0 -3.273E-5
2.858E+0 -3.384E-5
2.863E+0 -3.492E-5
2.882E+0 -3.605E-5
2.894E+0 -3.718E-5
2.907E+0 -3.827E-5
2.911E+0 -3.938E-5
2.920E+0 -4.048E-5
2.940E+0 -4.158E-5
2.947E+0 -4.272E-5
2.952E+0 -4.378E-5
2.972E+0 -4.492E-5
2.984E+0 -4.602E-5
2.987E+0 -4.712E-5
3.000E+0 -4.826E-5
3.018E+0 -4.936E-5
3.024E+0 -5.049E-5
3.030E+0 -5.156E-5
3.049E+0 -5.269E-5
3.055E+0 -5.379E-5
3.064E+0 -5.491E-5
3.079E+0 -5.602E-5
3.086E+0 -5.711E-5
3.105E+0 -5.821E-5
3.117E+0 -5.934E-5
3.120E+0 -6.042E-5
3.136E+0 -6.153E-5
3.152E+0 -6.268E-5
3.155E+0 -6.376E-5
3.171E+0 -6.486E-5
3.186E+0 -6.598E-5
3.196E+0 -6.707E-5
3.202E+0 -6.820E-5
3.209E+0 -6.929E-5
3.220E+0 -7.038E-5
3.234E+0 -7.152E-5
3.262E+0 -7.373E-5
3.271E+0 -7.484E-5
3.275E+0 -7.595E-5
3.290E+0 -7.706E-5
3.307E+0 -7.818E-5
3.320E+0 -7.927E-5
3.327E+0 -8.039E-5
3.340E+0 -8.149E-5
3.351E+0 -8.260E-5
3.361E+0 -8.372E-5
3.376E+0 -8.482E-5
3.384E+0 -8.592E-5
3.395E+0 -8.704E-5
3.398E+0 -8.814E-5
3.414E+0 -8.925E-5
3.430E+0 -9.036E-5
3.441E+0 -9.147E-5
3.448E+0 -9.259E-5
3.454E+0 -9.369E-5
3.465E+0 -9.480E-5
3.479E+0 -9.591E-5
3.487E+0 -9.700E-5
3.501E+0 -9.812E-5
3.518E+0 -9.921E-5
3.520E+0 -1.004E-4
3.535E+0 -1.015E-4
3.552E+0 -1.026E-4
3.555E+0 -1.037E-4
3.573E+0 -1.048E-4
3.587E+0 -1.059E-4
3.591E+0 -1.068E-4
3.598E+0 -1.080E-4
3.610E+0 -1.090E-4
3.624E+0 -1.103E-4
3.632E+0 -1.114E-4
3.649E+0 -1.124E-4
3.664E+0 -1.135E-4
3.668E+0 -1.146E-4
3.686E+0 -1.158E-4
3.697E+0 -1.169E-4
3.707E+0 -1.180E-4
3.719E+0 -1.191E-4
3.723E+0 -1.202E-4
3.732E+0 -1.213E-4
3.753E+0 -1.226E-4
3.756E+0 -1.237E-4
3.774E+0 -1.249E-4
3.779E+0 -1.259E-4
3.797E+0 -1.270E-4
3.812E+0 -1.282E-4
3.817E+0 -1.292E-4
3.834E+0 -1.304E-4
3.841E+0 -1.315E-4
3.845E+0 -1.326E-4
3.859E+0 -1.337E-4
3.877E+0 -1.349E-4
3.890E+0 -1.360E-4
3.895E+0 -1.370E-4
3.901E+0 -1.382E-4
3.920E+0 -1.392E-4
3.932E+0 -1.403E-4
3.944E+0 -1.414E-4
3.951E+0 -1.426E-4
3.957E+0 -1.437E-4
3.975E+0 -1.447E-4
3.990E+0 -1.460E-4
3.991E+0 -1.470E-4
4.003E+0 -1.481E-4
4.012E+0 -1.492E-4
4.028E+0 -1.503E-4
4.035E+0 -1.514E-4
4.056E+0 -1.525E-4
4.064E+0 -1.536E-4
4.068E+0 -1.547E-4
4.087E+0 -1.559E-4
4.099E+0 -1.569E-4
4.102E+0 -1.581E-4
4.118E+0 -1.592E-4
4.134E+0 -1.603E-4
4.144E+0 -1.613E-4
4.151E+0 -1.625E-4
4.168E+0 -1.636E-4
4.179E+0 -1.648E-4
4.185E+0 -1.659E-4
4.192E+0 -1.670E-4
4.212E+0 -1.680E-4
4.220E+0 -1.692E-4
4.235E+0 -1.702E-4
4.236E+0 -1.714E-4
4.252E+0 -1.724E-4
4.257E+0 -1.735E-4
4.270E+0 -1.747E-4
4.287E+0 -1.757E-4
4.290E+0 -1.769E-4
4.308E+0 -1.780E-4
4.314E+0 -1.792E-4
4.334E+0 -1.802E-4
4.343E+0 -1.813E-4
4.347E+0 -1.825E-4
4.363E+0 -1.835E-4
4.379E+0 -1.847E-4
4.384E+0 -1.857E-4
4.401E+0 -1.869E-4
4.403E+0 -1.879E-4
4.422E+0 -1.891E-4
4.425E+0 -1.902E-4
4.443E+0 -1.913E-4
4.458E+0 -1.925E-4
4.466E+0 -1.936E-4
4.471E+0 -1.947E-4
4.480E+0 -1.957E-4
4.496E+0 -1.968E-4
4.502E+0 -1.980E-4
4.514E+0 -1.990E-4
4.528E+0 -2.001E-4
4.546E+0 -2.013E-4
4.556E+0 -2.024E-4
4.563E+0 -2.035E-4
4.570E+0 -2.046E-4
4.581E+0 -2.058E-4
4.594E+0 -2.068E-4
4.605E+0 -2.080E-4
4.614E+0 -2.091E-4
4.627E+0 -2.103E-4
4.640E+0 -2.114E-4
4.650E+0 -2.125E-4
4.659E+0 -2.135E-4
4.673E+0 -2.146E-4
4.681E+0 -2.157E-4
4.692E+0 -2.169E-4
4.709E+0 -2.180E-4
4.724E+0 -2.191E-4
4.727E+0 -2.201E-4
4.741E+0 -2.213E-4
4.758E+0 -2.224E-4
4.768E+0 -2.234E-4
4.775E+0 -2.246E-4
4.781E+0 -2.257E-4
4.802E+0 -2.267E-4
4.809E+0 -2.279E-4
4.824E+0 -2.290E-4
4.835E+0 -2.300E-4
4.837E+0 -2.312E-4
4.852E+0 -2.324E-4
