1.104E-2 -3.830E-8
1.611E+0 8.279E-7
1.623E+0 8.477E-7
1.647E+0 8.235E-7
1.650E+0 8.299E-7
1.653E+0 8.496E-7
1.659E+0 8.451E-7
1.667E+0 7.930E-7
1.667E+0 8.167E-7
1.670E+0 8.412E-7
1.677E+0 8.321E-7
1.684E+0 8.101E-7
1.685E+0 8.389E-7
1.685E+0 8.151E-7
1.686E+0 8.365E-7
1.688E+0 8.059E-7
1.688E+0 8.033E-7
1.691E+0 8.431E-7
1.693E+0 8.211E-7
1.695E+0 8.124E-7
1.704E+0 7.997E-7
1.704E+0 8.342E-7
1.704E+0 7.977E-7
1.705E+0 7.711E-7
1.707E+0 7.813E-7
1.712E+0 7.792E-7
1.713E+0 8.258E-7
1.717E+0 7.837E-7
1.721E+0 7.904E-7
1.722E+0 7.730E-7
1.723E+0 7.752E-7
1.724E+0 7.776E-7
1.728E+0 7.858E-7
1.728E+0 7.358E-7
1.738E+0 7.690E-7
1.740E+0 8.017E-7
1.744E+0 7.051E-7
1.746E+0 7.885E-7
1.746E+0 7.599E-7
1.747E+0 7.950E-7
1.751E+0 8.194E-7
1.753E+0 7.665E-7
1.754E+0 7.643E-7
1.757E+0 7.487E-7
1.762E+0 7.208E-7
1.766E+0 7.426E-7
1.767E+0 7.622E-7
1.768E+0 7.292E-7
1.771E+0 8.080E-7
1.772E+0 6.680E-7
1.773E+0 6.551E-7
1.774E+0 7.335E-7
1.776E+0 7.380E-7
1.776E+0 7.445E-7
1.785E+0 6.727E-7
1.786E+0 7.315E-7
1.787E+0 7.513E-7
1.788E+0 7.140E-7
1.789E+0 7.534E-7
1.790E+0 6.702E-7
1.790E+0 7.555E-7
1.794E+0 7.249E-7
1.794E+0 6.748E-7
1.795E+0 7.226E-7
1.797E+0 6.769E-7
1.797E+0 7.467E-7
1.798E+0 7.162E-7
1.805E+0 6.921E-7
1.810E+0 7.272E-7
1.812E+0 7.576E-7
1.815E+0 7.403E-7
1.822E+0 7.183E-7
1.825E+0 6.898E-7
1.825E+0 7.076E-7
1.826E+0 6.509E-7
1.828E+0 6.987E-7
1.830E+0 7.009E-7
1.832E+0 6.877E-7
1.833E+0 6.529E-7
1.835E+0 7.032E-7
1.835E+0 7.094E-7
1.836E+0 5.784E-7
1.837E+0 6.968E-7
1.839E+0 6.789E-7
1.842E+0 6.634E-7
1.843E+0 6.854E-7
1.844E+0 6.942E-7
1.844E+0 6.614E-7
1.844E+0 6.594E-7
1.854E+0 6.443E-7
1.855E+0 6.661E-7
1.862E+0 6.396E-7
1.864E+0 6.378E-7
1.864E+0 6.575E-7
1.868E+0 6.420E-7
1.873E+0 6.838E-7
1.873E+0 6.045E-7
1.877E+0 6.312E-7
1.883E+0 6.067E-7
1.888E+0 6.224E-7
1.889E+0 6.466E-7
1.890E+0 6.289E-7
1.894E+0 6.199E-7
1.896E+0 6.000E-7
1.898E+0 6.025E-7
1.904E+0 6.812E-7
1.907E+0 6.265E-7
1.908E+0 5.914E-7
1.909E+0 5.499E-7
1.913E+0 6.155E-7
1.914E+0 7.119E-7
1.915E+0 6.332E-7
1.916E+0 5.937E-7
1.918E+0 6.483E-7
1.920E+0 5.985E-7
1.921E+0 6.353E-7
1.923E+0 5.762E-7
1.923E+0 5.394E-7
1.924E+0 6.177E-7
1.927E+0 5.892E-7
1.928E+0 5.806E-7
1.928E+0 5.828E-7
1.929E+0 6.244E-7
1.929E+0 6.111E-7
1.930E+0 5.609E-7
1.931E+0 5.586E-7
1.931E+0 5.654E-7
1.934E+0 5.676E-7
1.935E+0 5.849E-7
1.938E+0 5.482E-7
1.950E+0 6.094E-7
1.953E+0 5.696E-7
1.955E+0 5.349E-7
1.958E+0 5.566E-7
1.962E+0 5.525E-7
1.962E+0 5.720E-7
1.965E+0 5.545E-7
1.966E+0 5.633E-7
1.967E+0 5.325E-7
1.970E+0 5.282E-7
1.971E+0 5.367E-7
1.973E+0 8.544E-7
1.974E+0 5.436E-7
1.977E+0 6.135E-7
1.978E+0 5.872E-7
1.980E+0 5.128E-7
1.984E+0 5.957E-7
1.988E+0 5.172E-7
1.989E+0 8.584E-7
1.993E+0 5.411E-7
1.993E+0 5.019E-7
1.994E+0 5.742E-7
1.996E+0 5.062E-7
2.001E+0 5.149E-7
2.002E+0 4.252E-7
2.004E+0 4.908E-7
2.007E+0 5.105E-7
2.007E+0 4.976E-7
2.009E+0 4.689E-7
2.009E+0 4.890E-7
2.011E+0 4.515E-7
2.015E+0 5.194E-7
2.024E+0 5.214E-7
2.025E+0 4.557E-7
2.027E+0 5.457E-7
2.028E+0 4.536E-7
2.030E+0 4.733E-7
2.030E+0 4.625E-7
2.030E+0 5.306E-7
2.032E+0 4.646E-7
2.032E+0 5.237E-7
2.036E+0 5.041E-7
2.037E+0 4.711E-7
2.039E+0 4.669E-7
2.040E+0 4.845E-7
2.041E+0 5.001E-7
2.043E+0 5.085E-7
2.047E+0 4.754E-7
2.047E+0 4.802E-7
2.050E+0 4.601E-7
2.051E+0 4.490E-7
2.051E+0 4.582E-7
2.051E+0 5.259E-7
2.052E+0 4.166E-7
2.058E+0 8.652E-7
2.061E+0 3.814E-7
2.061E+0 4.931E-7
2.061E+0 4.777E-7
2.068E+0 4.864E-7
2.069E+0 4.381E-7
2.072E+0 3.707E-7
2.074E+0 4.142E-7
2.074E+0 4.823E-7
2.074E+0 4.450E-7
2.075E+0 4.295E-7
2.076E+0 4.316E-7
2.078E+0 4.189E-7
2.079E+0 4.058E-7
2.083E+0 4.363E-7
2.089E+0 8.611E-7
2.090E+0 4.953E-7
2.096E+0 4.273E-7
2.098E+0 4.339E-7
2.098E+0 4.230E-7
2.100E+0 4.077E-7
2.100E+0 4.406E-7
2.100E+0 4.101E-7
2.103E+0 4.209E-7
2.106E+0 4.471E-7
2.108E+0 3.990E-7
2.111E+0 3.770E-7
2.112E+0 4.425E-7
2.113E+0 4.121E-7
2.115E+0 3.967E-7
2.119E+0 3.838E-7
2.121E+0 4.012E-7
2.122E+0 3.900E-7
2.123E+0 4.036E-7
2.130E+0 3.879E-7
2.131E+0 8.628E-7
2.133E+0 3.857E-7
2.135E+0 3.684E-7
2.137E+0 3.925E-7
2.140E+0 3.617E-7
2.141E+0 3.312E-7
2.144E+0 3.729E-7
2.146E+0 3.420E-7
2.152E+0 3.335E-7
2.155E+0 3.269E-7
2.156E+0 3.401E-7
2.160E+0 3.641E-7
2.161E+0 3.946E-7
2.161E+0 3.465E-7
2.162E+0 3.246E-7
2.164E+0 3.533E-7
2.170E+0 3.356E-7
2.174E+0 3.291E-7
2.179E+0 3.662E-7
2.181E+0 3.379E-7
2.183E+0 3.793E-7
2.184E+0 3.750E-7
2.194E+0 3.071E-7
2.195E+0 2.854E-7
2.198E+0 3.487E-7
2.203E+0 3.443E-7
2.206E+0 3.573E-7
2.206E+0 3.553E-7
2.208E+0 3.201E-7
2.209E+0 3.509E-7
2.210E+0 3.225E-7
2.217E+0 2.877E-7
2.221E+0 3.184E-7
2.221E+0 2.744E-7
2.222E+0 2.917E-7
2.224E+0 2.981E-7
2.225E+0 8.693E-7
2.233E+0 3.029E-7
2.234E+0 2.550E-7
2.236E+0 2.634E-7
2.236E+0 2.830E-7
2.243E+0 2.394E-7
2.245E+0 2.963E-7
2.247E+0 3.157E-7
2.247E+0 2.352E-7
2.249E+0 2.504E-7
2.249E+0 2.524E-7
2.250E+0 2.766E-7
2.251E+0 2.483E-7
2.253E+0 2.657E-7
2.254E+0 2.786E-7
2.255E+0 3.597E-7
2.256E+0 2.813E-7
2.256E+0 8.737E-7
2.258E+0 2.592E-7
2.258E+0 2.615E-7
2.261E+0 2.721E-7
2.263E+0 2.286E-7
2.264E+0 3.047E-7
2.266E+0 3.008E-7
2.266E+0 2.568E-7
2.274E+0 2.678E-7
2.276E+0 2.703E-7
2.277E+0 2.896E-7
2.278E+0 3.137E-7
2.278E+0 2.090E-7
2.280E+0 3.091E-7
2.283E+0 2.307E-7
2.286E+0 2.263E-7
2.287E+0 1.956E-7
2.288E+0 2.417E-7
2.293E+0 2.153E-7
2.293E+0 2.132E-7
2.294E+0 1.935E-7
2.296E+0 2.176E-7
2.297E+0 2.243E-7
2.302E+0 3.115E-7
2.306E+0 1.912E-7
2.308E+0 2.221E-7
2.310E+0 1.895E-7
2.311E+0 2.110E-7
2.316E+0 8.762E-7
2.316E+0 2.329E-7
2.317E+0 1.828E-7
2.318E+0 8.780E-7
2.319E+0 2.198E-7
2.320E+0 2.458E-7
2.321E+0 2.066E-7
2.323E+0 1.740E-7
2.324E+0 1.869E-7
2.325E+0 1.654E-7
2.325E+0 2.023E-7
2.326E+0 1.784E-7
2.328E+0 2.939E-7
2.330E+0 1.631E-7
2.330E+0 2.373E-7
2.331E+0 1.977E-7
2.337E+0 1.718E-7
2.339E+0 2.043E-7
2.342E+0 1.564E-7
2.346E+0 1.587E-7
2.349E+0 1.520E-7
2.350E+0 1.999E-7
2.355E+0 1.610E-7
2.358E+0 1.675E-7
2.360E+0 1.848E-7
2.360E+0 1.148E-7
2.363E+0 1.802E-7
2.365E+0 9.070E-8
2.368E+0 1.389E-7
2.370E+0 1.761E-7
2.375E+0 1.475E-7
2.375E+0 1.544E-7
2.379E+0 1.368E-7
2.381E+0 1.300E-7
2.383E+0 1.324E-7
2.386E+0 2.437E-7
2.388E+0 1.499E-7
2.393E+0 7.760E-8
2.395E+0 1.018E-7
2.398E+0 7.100E-8
2.400E+0 7.550E-8
2.402E+0 1.282E-7
2.403E+0 1.172E-7
2.404E+0 1.037E-7
2.406E+0 6.920E-8
2.409E+0 3.180E-8
2.410E+0 9.520E-8
2.415E+0 5.580E-8
2.416E+0 1.456E-7
2.423E+0 1.129E-7
2.424E+0 1.237E-7
2.424E+0 9.710E-8
2.426E+0 6.470E-8
2.427E+0 9.960E-8
2.427E+0 1.194E-7
2.429E+0 1.433E-7
2.433E+0 7.980E-8
2.434E+0 1.258E-7
2.436E+0 6.680E-8
2.439E+0 1.105E-7
2.442E+0 1.063E-7
2.447E+0 5.360E-8
2.448E+0 7.330E-8
2.448E+0 8.840E-8
2.448E+0 5.140E-8
2.449E+0 4.940E-8
2.449E+0 1.696E-7
2.453E+0 5.800E-8
2.453E+0 1.215E-7
2.455E+0 1.084E-7
2.457E+0 9.290E-8
2.457E+0 6.250E-8
2.464E+0 1.411E-7
2.475E+0 8.630E-8
2.476E+0 8.190E-8
2.479E+0 8.450E-8
2.484E+0 2.110E-8
2.485E+0 4.050E-8
2.485E+0 3.400E-8
2.486E+0 1.220E-8
2.487E+0 1.347E-7
2.490E+0 6.000E-8
2.493E+0 2.980E-8
2.496E+0 3.860E-8
2.497E+0 1.020E-8
2.501E+0 4.520E-8
2.502E+0 3.630E-8
2.504E+0 2.560E-8
2.505E+0 -5.400E-9
2.507E+0 -7.400E-9
2.508E+0 1.440E-8
2.509E+0 -1.590E-8
2.510E+0 7.600E-9
2.513E+0 2.310E-8
2.514E+0 1.100E-9
2.515E+0 -9.500E-9
2.515E+0 -1.800E-8
2.516E+0 4.280E-8
2.516E+0 4.700E-8
2.522E+0 3.400E-9
2.524E+0 1.650E-8
2.526E+0 -2.670E-8
2.526E+0 -2.900E-9
2.531E+0 -3.540E-8
2.531E+0 2.740E-8
2.537E+0 -1.200E-9
2.537E+0 -1.160E-8
2.540E+0 -2.910E-8
2.542E+0 -4.410E-8
2.543E+0 6.000E-9
2.546E+0 -7.920E-8
2.547E+0 -1.536E-7
2.547E+0 1.900E-8
2.549E+0 8.673E-7
2.549E+0 8.799E-7
2.550E+0 -1.390E-8
2.550E+0 8.563E-7
2.550E+0 8.520E-7
2.553E+0 8.718E-7
2.556E+0 -3.340E-8
2.557E+0 -5.310E-8
2.559E+0 -8.590E-8
2.560E+0 -4.210E-8
2.563E+0 -2.220E-8
2.566E+0 -4.660E-8
2.566E+0 -5.740E-8
2.574E+0 -5.510E-8
2.578E+0 -4.840E-8
2.585E+0 -7.720E-8
2.586E+0 -3.090E-8
2.588E+0 -2.450E-8
2.588E+0 -5.100E-8
2.591E+0 -6.840E-8
2.593E+0 -2.000E-8
2.596E+0 -3.780E-8
2.601E+0 -7.060E-8
2.602E+0 -9.460E-8
2.603E+0 -8.820E-8
2.606E+0 -3.960E-8
2.608E+0 -1.033E-7
2.610E+0 -9.000E-8
2.611E+0 -1.141E-7
2.613E+0 -1.120E-7
2.614E+0 -6.380E-8
2.615E+0 -1.164E-7
2.615E+0 -1.338E-7
2.615E+0 -8.350E-8
2.619E+0 -8.180E-8
2.621E+0 -6.640E-8
2.623E+0 -5.970E-8
2.626E+0 -1.011E-7
2.627E+0 -7.480E-8
2.631E+0 -1.317E-7
2.634E+0 -1.423E-7
2.634E+0 -7.280E-8
2.634E+0 -1.183E-7
2.637E+0 -1.229E-7
2.639E+0 -1.099E-7
2.644E+0 -9.260E-8
2.646E+0 -1.054E-7
2.648E+0 -9.690E-8
2.650E+0 -1.598E-7
2.650E+0 -1.512E-7
2.655E+0 -1.210E-7
2.657E+0 -1.446E-7
2.662E+0 -1.251E-7
2.664E+0 -1.075E-7
2.664E+0 -1.491E-7
2.665E+0 -1.359E-7
2.665E+0 -9.910E-8
2.670E+0 -1.293E-7
2.670E+0 -1.667E-7
2.674E+0 -1.579E-7
2.677E+0 -1.927E-7
2.679E+0 -1.754E-7
2.679E+0 -1.381E-7
2.681E+0 -1.709E-7
2.686E+0 -1.557E-7
2.689E+0 -1.819E-7
2.689E+0 -1.776E-7
2.691E+0 -1.687E-7
2.692E+0 -1.863E-7
2.693E+0 -6.190E-8
2.695E+0 -1.624E-7
2.699E+0 -2.037E-7
2.700E+0 -1.908E-7
2.701E+0 -1.642E-7
2.705E+0 -1.797E-7
2.709E+0 -2.077E-7
2.709E+0 -1.953E-7
2.711E+0 -1.972E-7
2.712E+0 -1.731E-7
2.715E+0 -1.841E-7
2.715E+0 -2.346E-7
2.718E+0 -1.274E-7
2.720E+0 -2.213E-7
2.723E+0 -2.016E-7
2.727E+0 -2.149E-7
2.727E+0 -2.367E-7
2.729E+0 -2.194E-7
2.733E+0 -1.469E-7
2.736E+0 -2.170E-7
2.736E+0 -2.258E-7
2.743E+0 -1.996E-7
2.745E+0 -1.883E-7
2.745E+0 -2.059E-7
2.746E+0 -2.436E-7
2.746E+0 -2.505E-7
2.747E+0 -2.460E-7
2.753E+0 -2.397E-7
2.756E+0 -2.523E-7
2.757E+0 -2.126E-7
2.758E+0 -2.549E-7
2.761E+0 -2.236E-7
2.764E+0 -2.569E-7
2.765E+0 -2.104E-7
2.765E+0 -2.323E-7
2.766E+0 -2.480E-7
2.769E+0 -2.279E-7
2.772E+0 -2.965E-7
2.778E+0 -2.767E-7
2.778E+0 -2.918E-7
2.781E+0 -2.416E-7
2.785E+0 -2.854E-7
2.793E+0 -3.357E-7
2.797E+0 -2.635E-7
2.801E+0 -2.613E-7
2.801E+0 -2.678E-7
2.804E+0 -2.743E-7
2.805E+0 -2.304E-7
2.806E+0 -2.983E-7
2.808E+0 -3.379E-7
2.810E+0 -2.945E-7
2.811E+0 -3.094E-7
2.815E+0 -3.029E-7
2.818E+0 -2.789E-7
2.827E+0 -2.590E-7
2.827E+0 -3.251E-7
2.827E+0 -3.442E-7
2.827E+0 -3.229E-7
2.830E+0 -3.774E-7
2.833E+0 -3.075E-7
2.835E+0 -2.724E-7
2.835E+0 -2.877E-7
2.836E+0 -3.511E-7
2.837E+0 -3.400E-7
2.841E+0 -3.533E-7
2.843E+0 -3.010E-7
2.843E+0 -3.204E-7
2.845E+0 -2.897E-7
2.847E+0 -2.702E-7
2.848E+0 -3.316E-7
2.850E+0 -3.468E-7
2.851E+0 -2.814E-7
2.853E+0 -3.181E-7
2.854E+0 -2.658E-7
2.856E+0 -2.831E-7
2.859E+0 -3.051E-7
2.859E+0 -3.488E-7
2.861E+0 -3.423E-7
2.864E+0 -3.140E-7
2.869E+0 -4.058E-7
2.873E+0 -3.117E-7
2.878E+0 -4.011E-7
2.887E+0 -3.729E-7
2.887E+0 -3.292E-7
2.891E+0 -3.159E-7
2.892E+0 -3.662E-7
2.896E+0 -3.272E-7
2.896E+0 -3.642E-7
2.897E+0 -3.599E-7
2.897E+0 -3.575E-7
2.909E+0 -3.684E-7
2.915E+0 -3.619E-7
2.916E+0 -3.838E-7
2.916E+0 -3.708E-7
2.921E+0 -3.902E-7
2.923E+0 -4.165E-7
2.925E+0 -3.820E-7
2.926E+0 -3.992E-7
2.927E+0 -4.585E-7
2.931E+0 -3.556E-7
2.931E+0 -3.925E-7
2.932E+0 -3.796E-7
2.933E+0 -3.752E-7
2.933E+0 -4.103E-7
2.939E+0 -3.860E-7
2.940E+0 -3.336E-7
2.941E+0 -4.277E-7
2.942E+0 -4.038E-7
2.954E+0 -3.971E-7
2.956E+0 -4.125E-7
2.958E+0 -3.946E-7
2.959E+0 -4.558E-7
2.962E+0 -4.755E-7
2.964E+0 -4.405E-7
2.965E+0 -4.603E-7
2.965E+0 -4.538E-7
2.968E+0 -5.192E-7
2.968E+0 -4.077E-7
2.971E+0 -4.231E-7
2.974E+0 -3.884E-7
2.976E+0 -4.515E-7
2.976E+0 -4.428E-7
2.976E+0 -4.191E-7
2.978E+0 -4.692E-7
2.979E+0 -5.148E-7
2.979E+0 -4.320E-7
2.983E+0 -4.712E-7
2.986E+0 -4.735E-7
2.986E+0 -4.147E-7
2.991E+0 -4.667E-7
2.991E+0 -4.845E-7
2.992E+0 -5.058E-7
2.992E+0 -4.448E-7
2.999E+0 -4.931E-7
3.000E+0 -4.341E-7
3.003E+0 -4.384E-7
3.004E+0 -4.863E-7
3.005E+0 -5.172E-7
3.007E+0 -4.492E-7
3.008E+0 -5.129E-7
3.011E+0 -5.084E-7
3.012E+0 -4.364E-7
3.013E+0 -4.821E-7
3.013E+0 -4.296E-7
3.013E+0 -4.473E-7
3.015E+0 -4.778E-7
3.019E+0 -4.647E-7
3.020E+0 -4.211E-7
3.020E+0 -5.671E-7
3.022E+0 -4.257E-7
3.023E+0 -4.951E-7
3.023E+0 -4.975E-7
3.030E+0 -4.887E-7
3.033E+0 -5.434E-7
3.035E+0 -5.283E-7
3.037E+0 -5.476E-7
3.038E+0 -4.799E-7
3.042E+0 -5.021E-7
3.042E+0 -5.107E-7
3.045E+0 -5.303E-7
3.050E+0 -5.565E-7
3.051E+0 -4.994E-7
3.056E+0 -4.907E-7
3.057E+0 -5.454E-7
3.057E+0 -5.806E-7
3.059E+0 -5.236E-7
3.066E+0 -5.038E-7
3.071E+0 -5.389E-7
3.073E+0 -5.785E-7
3.073E+0 -5.215E-7
3.075E+0 -5.324E-7
3.079E+0 -5.258E-7
3.079E+0 -5.412E-7
3.079E+0 -5.698E-7
3.083E+0 -5.763E-7
3.086E+0 -5.346E-7
3.088E+0 -5.584E-7
3.089E+0 -4.623E-7
3.093E+0 -5.502E-7
3.093E+0 -5.958E-7
3.094E+0 -6.025E-7
3.100E+0 -5.738E-7
3.100E+0 -5.848E-7
3.100E+0 -5.542E-7
3.103E+0 -5.981E-7
3.106E+0 -5.893E-7
3.111E+0 -6.837E-7
3.115E+0 -5.869E-7
3.116E+0 -5.370E-7
3.117E+0 -5.654E-7
3.119E+0 -6.134E-7
3.130E+0 -5.611E-7
3.130E+0 -5.630E-7
3.130E+0 -6.267E-7
3.133E+0 -6.177E-7
3.142E+0 -5.718E-7
3.144E+0 -6.087E-7
3.145E+0 -5.938E-7
3.145E+0 -5.913E-7
3.146E+0 -6.000E-7
3.149E+0 -6.046E-7
3.149E+0 -5.521E-7
3.151E+0 -5.828E-7
3.153E+0 -6.464E-7
3.154E+0 -6.310E-7
3.156E+0 -6.242E-7
3.157E+0 -6.394E-7
3.163E+0 -6.593E-7
3.163E+0 -6.068E-7
3.164E+0 -6.811E-7
3.168E+0 -6.199E-7
3.171E+0 -6.573E-7
3.173E+0 -6.220E-7
3.175E+0 -6.284E-7
3.178E+0 -6.484E-7
3.181E+0 -6.113E-7
3.182E+0 -7.007E-7
3.183E+0 -6.945E-7
3.184E+0 -6.419E-7
3.184E+0 -6.681E-7
3.186E+0 -6.154E-7
3.188E+0 -6.507E-7
3.191E+0 -6.372E-7
3.192E+0 -6.856E-7
3.192E+0 -6.791E-7
3.196E+0 -6.616E-7
3.196E+0 -6.661E-7
3.197E+0 -6.725E-7
3.202E+0 -6.922E-7
3.203E+0 -6.330E-7
3.204E+0 -6.636E-7
3.206E+0 -6.551E-7
3.207E+0 -6.704E-7
3.207E+0 -7.163E-7
3.215E+0 -6.439E-7
3.216E+0 -7.271E-7
3.222E+0 -7.074E-7
3.223E+0 -6.878E-7
3.223E+0 -6.770E-7
3.227E+0 -7.427E-7
3.227E+0 -6.901E-7
3.229E+0 -7.140E-7
3.232E+0 -6.747E-7
3.236E+0 -7.035E-7
3.237E+0 -6.353E-7
3.237E+0 -7.248E-7
3.241E+0 -6.987E-7
3.242E+0 -7.293E-7
3.244E+0 -6.527E-7
3.247E+0 -7.120E-7
3.247E+0 -7.227E-7
3.252E+0 -7.339E-7
3.253E+0 -6.966E-7
3.254E+0 -7.054E-7
3.255E+0 -7.203E-7
3.264E+0 -7.470E-7
3.269E+0 -7.558E-7
3.270E+0 -7.361E-7
3.274E+0 -7.689E-7
3.276E+0 -7.777E-7
3.276E+0 -7.446E-7
3.281E+0 -7.185E-7
3.284E+0 -7.930E-7
3.285E+0 -7.581E-7
3.285E+0 -7.402E-7
3.287E+0 -7.844E-7
3.287E+0 -7.800E-7
3.289E+0 -7.096E-7
3.296E+0 -7.997E-7
3.297E+0 -7.977E-7
3.297E+0 -7.711E-7
3.297E+0 -7.493E-7
3.298E+0 -7.536E-7
3.301E+0 -7.756E-7
3.306E+0 -7.316E-7
3.307E+0 -7.381E-7
3.309E+0 -8.019E-7
3.311E+0 -7.510E-7
3.314E+0 -7.643E-7
3.321E+0 -7.952E-7
3.329E+0 -8.218E-7
3.330E+0 -7.736E-7
3.332E+0 -8.263E-7
3.335E+0 -8.040E-7
3.336E+0 -7.667E-7
3.336E+0 -7.624E-7
3.338E+0 -8.239E-7
3.342E+0 -7.820E-7
3.343E+0 -7.864E-7
3.344E+0 -8.067E-7
3.344E+0 -8.655E-7
3.345E+0 -8.085E-7
3.345E+0 -8.199E-7
3.346E+0 -8.151E-7
3.347E+0 -7.911E-7
3.353E+0 -8.282E-7
3.354E+0 -7.886E-7
3.357E+0 -7.603E-7
3.362E+0 -8.171E-7
3.363E+0 -8.457E-7
3.365E+0 -8.106E-7
3.368E+0 -8.304E-7
3.369E+0 -8.523E-7
3.369E+0 -8.545E-7
3.372E+0 -8.349E-7
3.373E+0 -8.369E-7
3.374E+0 -8.435E-7
3.377E+0 -8.129E-7
3.378E+0 -8.480E-7
3.381E+0 -8.567E-7
3.384E+0 -8.677E-7
3.389E+0 -8.636E-7
3.390E+0 -8.415E-7
3.393E+0 -8.502E-7
3.397E+0 -8.590E-7
3.400E+0 -8.327E-7
3.407E+0 -8.701E-7
3.423E+0 -8.720E-7
3.432E+0 -8.611E-7
3.478E+0 -8.390E-7
