7.877E-3 -5.092E-2
3.751E-1 2.133E-2
3.862E-1 2.121E-2
3.956E-1 2.112E-2
4.059E-1 2.101E-2
4.162E-1 2.091E-2
4.267E-1 2.081E-2
4.370E-1 2.071E-2
4.464E-1 2.061E-2
4.573E-1 2.050E-2
4.676E-1 2.040E-2
4.775E-1 2.030E-2
4.878E-1 2.020E-2
4.974E-1 2.010E-2
5.081E-1 2.000E-2
5.180E-1 1.990E-2
5.285E-1 1.979E-2
5.383E-1 1.970E-2
5.488E-1 1.959E-2
5.589E-1 1.949E-2
5.683E-1 1.940E-2
5.792E-1 1.929E-2
5.889E-1 1.919E-2
5.994E-1 1.909E-2
6.098E-1 1.898E-2
6.197E-1 1.889E-2
6.304E-1 1.878E-2
6.401E-1 1.868E-2
6.497E-1 1.859E-2
6.604E-1 1.848E-2
6.715E-1 1.837E-2
6.808E-1 1.828E-2
6.913E-1 1.817E-2
7.013E-1 1.807E-2
7.120E-1 1.797E-2
7.227E-1 1.786E-2
7.320E-1 1.776E-2
7.422E-1 1.767E-2
7.521E-1 1.756E-2
7.626E-1 1.746E-2
7.729E-1 1.735E-2
7.831E-1 1.726E-2
7.926E-1 1.716E-2
8.031E-1 1.706E-2
8.131E-1 1.696E-2
8.234E-1 1.685E-2
8.335E-1 1.675E-2
8.435E-1 1.665E-2
8.536E-1 1.655E-2
8.641E-1 1.645E-2
8.742E-1 1.635E-2
8.840E-1 1.625E-2
8.937E-1 1.615E-2
9.052E-1 1.604E-2
9.145E-1 1.594E-2
9.252E-1 1.584E-2
9.352E-1 1.574E-2
9.457E-1 1.564E-2
9.554E-1 1.554E-2
9.657E-1 1.544E-2
9.757E-1 1.534E-2
9.862E-1 1.523E-2
9.954E-1 1.514E-2
1.006E+0 1.503E-2
1.017E+0 1.493E-2
1.027E+0 1.483E-2
1.037E+0 1.472E-2
1.047E+0 1.463E-2
1.058E+0 1.452E-2
1.067E+0 1.442E-2
1.078E+0 1.432E-2
1.088E+0 1.422E-2
1.098E+0 1.411E-2
1.108E+0 1.402E-2
1.119E+0 1.391E-2
1.128E+0 1.382E-2
1.139E+0 1.371E-2
1.149E+0 1.361E-2
1.159E+0 1.351E-2
1.170E+0 1.341E-2
1.179E+0 1.331E-2
1.190E+0 1.321E-2
1.200E+0 1.310E-2
1.209E+0 1.301E-2
1.220E+0 1.290E-2
1.231E+0 1.280E-2
1.240E+0 1.270E-2
1.250E+0 1.259E-2
1.261E+0 1.250E-2
1.270E+0 1.240E-2
1.281E+0 1.230E-2
1.291E+0 1.219E-2
1.301E+0 1.209E-2
1.311E+0 1.199E-2
1.321E+0 1.189E-2
1.332E+0 1.179E-2
1.342E+0 1.169E-2
1.352E+0 1.158E-2
1.362E+0 1.148E-2
1.372E+0 1.140E-2
1.383E+0 1.129E-2
1.393E+0 1.119E-2
1.403E+0 1.109E-2
1.413E+0 1.099E-2
1.423E+0 1.089E-2
1.433E+0 1.079E-2
1.444E+0 1.068E-2
1.454E+0 1.059E-2
1.464E+0 1.048E-2
1.474E+0 1.038E-2
1.484E+0 1.028E-2
1.494E+0 1.018E-2
1.505E+0 1.007E-2
1.515E+0 9.969E-3
1.525E+0 9.869E-3
1.536E+0 9.766E-3
1.546E+0 9.664E-3
1.556E+0 9.565E-3
1.566E+0 9.461E-3
1.576E+0 9.361E-3
1.587E+0 9.257E-3
1.597E+0 9.153E-3
1.607E+0 9.053E-3
1.617E+0 8.955E-3
1.627E+0 8.850E-3
1.637E+0 8.752E-3
1.648E+0 8.650E-3
1.657E+0 8.549E-3
1.668E+0 8.446E-3
1.678E+0 8.345E-3
1.688E+0 8.241E-3
1.698E+0 8.141E-3
1.708E+0 8.042E-3
1.719E+0 7.940E-3
1.729E+0 7.839E-3
1.739E+0 7.739E-3
1.749E+0 7.637E-3
1.760E+0 7.531E-3
1.770E+0 7.432E-3
1.780E+0 7.332E-3
1.790E+0 7.229E-3
1.800E+0 7.129E-3
1.811E+0 7.025E-3
1.820E+0 6.925E-3
1.831E+0 6.821E-3
1.841E+0 6.718E-3
1.851E+0 6.621E-3
1.861E+0 6.520E-3
1.871E+0 6.418E-3
1.882E+0 6.315E-3
1.891E+0 6.217E-3
1.902E+0 6.113E-3
1.912E+0 6.012E-3
1.922E+0 5.909E-3
1.932E+0 5.808E-3
1.943E+0 5.707E-3
1.953E+0 5.607E-3
1.963E+0 5.504E-3
1.973E+0 5.403E-3
1.983E+0 5.301E-3
1.993E+0 5.200E-3
2.004E+0 5.099E-3
2.014E+0 4.997E-3
2.024E+0 4.893E-3
2.034E+0 4.794E-3
2.045E+0 4.688E-3
2.055E+0 4.591E-3
2.065E+0 4.489E-3
2.075E+0 4.385E-3
2.085E+0 4.287E-3
2.095E+0 4.185E-3
2.106E+0 4.083E-3
2.116E+0 3.980E-3
2.126E+0 3.880E-3
2.136E+0 3.779E-3
2.146E+0 3.678E-3
2.157E+0 3.571E-3
2.167E+0 3.473E-3
2.177E+0 3.373E-3
2.187E+0 3.270E-3
2.197E+0 3.168E-3
2.207E+0 3.068E-3
2.218E+0 2.967E-3
2.228E+0 2.864E-3
2.238E+0 2.764E-3
2.248E+0 2.660E-3
2.258E+0 2.560E-3
2.269E+0 2.458E-3
2.279E+0 2.356E-3
2.289E+0 2.256E-3
2.299E+0 2.153E-3
2.310E+0 2.052E-3
2.319E+0 1.952E-3
2.329E+0 1.850E-3
2.340E+0 1.748E-3
2.350E+0 1.647E-3
2.360E+0 1.546E-3
2.370E+0 1.445E-3
2.381E+0 1.342E-3
2.391E+0 1.241E-3
2.401E+0 1.138E-3
2.411E+0 1.040E-3
2.421E+0 9.374E-4
2.431E+0 8.363E-4
2.442E+0 7.330E-4
2.452E+0 6.321E-4
2.462E+0 5.314E-4
2.472E+0 4.285E-4
2.483E+0 3.258E-4
2.492E+0 2.266E-4
2.503E+0 1.240E-4
2.513E+0 1.954E-5
2.521E+0 -5.732E-5
2.531E+0 -1.577E-4
2.541E+0 -2.608E-4
2.551E+0 -3.607E-4
2.562E+0 -4.640E-4
2.572E+0 -5.641E-4
2.582E+0 -6.651E-4
2.592E+0 -7.664E-4
2.602E+0 -8.672E-4
2.612E+0 -9.693E-4
2.623E+0 -1.073E-3
2.633E+0 -1.172E-3
2.643E+0 -1.272E-3
2.653E+0 -1.374E-3
2.664E+0 -1.476E-3
2.674E+0 -1.577E-3
2.684E+0 -1.680E-3
2.694E+0 -1.781E-3
2.704E+0 -1.881E-3
2.714E+0 -1.982E-3
2.724E+0 -2.086E-3
2.735E+0 -2.187E-3
2.745E+0 -2.290E-3
2.755E+0 -2.389E-3
2.765E+0 -2.492E-3
2.776E+0 -2.595E-3
2.786E+0 -2.694E-3
2.796E+0 -2.796E-3
2.806E+0 -2.898E-3
2.816E+0 -2.999E-3
2.827E+0 -3.100E-3
2.836E+0 -3.200E-3
2.847E+0 -3.304E-3
2.857E+0 -3.407E-3
2.867E+0 -3.507E-3
2.877E+0 -3.608E-3
2.887E+0 -3.710E-3
2.898E+0 -3.811E-3
2.908E+0 -3.916E-3
2.918E+0 -4.012E-3
2.928E+0 -4.116E-3
2.939E+0 -4.218E-3
2.948E+0 -4.319E-3
2.959E+0 -4.423E-3
2.969E+0 -4.524E-3
2.980E+0 -4.627E-3
2.989E+0 -4.725E-3
3.000E+0 -4.828E-3
3.010E+0 -4.930E-3
3.020E+0 -5.032E-3
3.030E+0 -5.133E-3
3.040E+0 -5.234E-3
3.050E+0 -5.334E-3
3.061E+0 -5.437E-3
3.071E+0 -5.537E-3
3.081E+0 -5.639E-3
3.091E+0 -5.744E-3
3.102E+0 -5.843E-3
3.111E+0 -5.944E-3
3.122E+0 -6.046E-3
3.132E+0 -6.146E-3
3.142E+0 -6.250E-3
3.153E+0 -6.350E-3
3.162E+0 -6.450E-3
3.173E+0 -6.554E-3
3.193E+0 -6.755E-3
3.203E+0 -6.857E-3
3.213E+0 -6.958E-3
3.223E+0 -7.060E-3
3.234E+0 -7.164E-3
3.244E+0 -7.263E-3
3.254E+0 -7.365E-3
3.264E+0 -7.466E-3
3.274E+0 -7.568E-3
3.285E+0 -7.671E-3
3.295E+0 -7.772E-3
3.305E+0 -7.873E-3
3.315E+0 -7.976E-3
3.325E+0 -8.077E-3
3.335E+0 -8.178E-3
3.346E+0 -8.280E-3
3.356E+0 -8.381E-3
3.366E+0 -8.483E-3
3.376E+0 -8.585E-3
3.387E+0 -8.686E-3
3.397E+0 -8.788E-3
3.407E+0 -8.888E-3
3.417E+0 -8.991E-3
3.427E+0 -9.091E-3
3.437E+0 -9.195E-3
3.448E+0 -9.296E-3
3.458E+0 -9.398E-3
3.468E+0 -9.499E-3
3.478E+0 -9.601E-3
3.488E+0 -9.702E-3
3.498E+0 -9.800E-3
3.508E+0 -9.901E-3
3.519E+0 -1.000E-2
3.530E+0 -1.012E-2
3.540E+0 -1.021E-2
3.550E+0 -1.031E-2
3.560E+0 -1.042E-2
3.570E+0 -1.052E-2
3.580E+0 -1.062E-2
3.590E+0 -1.072E-2
3.601E+0 -1.082E-2
3.611E+0 -1.092E-2
3.621E+0 -1.103E-2
3.631E+0 -1.113E-2
3.644E+0 -1.126E-2
3.653E+0 -1.135E-2
3.664E+0 -1.144E-2
3.674E+0 -1.154E-2
3.684E+0 -1.165E-2
3.695E+0 -1.175E-2
3.704E+0 -1.184E-2
3.715E+0 -1.195E-2
3.725E+0 -1.205E-2
3.735E+0 -1.215E-2
3.745E+0 -1.225E-2
3.756E+0 -1.236E-2
3.766E+0 -1.246E-2
3.776E+0 -1.255E-2
3.786E+0 -1.266E-2
3.796E+0 -1.276E-2
3.806E+0 -1.286E-2
3.816E+0 -1.295E-2
3.827E+0 -1.306E-2
3.837E+0 -1.317E-2
3.846E+0 -1.326E-2
3.858E+0 -1.338E-2
3.867E+0 -1.346E-2
3.877E+0 -1.357E-2
3.887E+0 -1.367E-2
3.898E+0 -1.378E-2
3.908E+0 -1.388E-2
3.918E+0 -1.398E-2
3.928E+0 -1.407E-2
3.938E+0 -1.418E-2
3.949E+0 -1.428E-2
3.959E+0 -1.438E-2
3.969E+0 -1.448E-2
3.979E+0 -1.458E-2
3.989E+0 -1.468E-2
3.999E+0 -1.478E-2
4.009E+0 -1.488E-2
4.020E+0 -1.498E-2
4.031E+0 -1.509E-2
4.041E+0 -1.519E-2
4.052E+0 -1.530E-2
4.061E+0 -1.539E-2
4.072E+0 -1.550E-2
4.081E+0 -1.560E-2
4.091E+0 -1.570E-2
4.101E+0 -1.580E-2
4.111E+0 -1.590E-2
4.122E+0 -1.600E-2
4.132E+0 -1.611E-2
4.142E+0 -1.621E-2
4.152E+0 -1.630E-2
4.163E+0 -1.642E-2
4.173E+0 -1.651E-2
4.183E+0 -1.662E-2
4.193E+0 -1.672E-2
4.203E+0 -1.682E-2
4.214E+0 -1.692E-2
4.223E+0 -1.701E-2
4.234E+0 -1.712E-2
4.244E+0 -1.722E-2
4.254E+0 -1.732E-2
4.264E+0 -1.742E-2
4.274E+0 -1.753E-2
4.285E+0 -1.763E-2
4.295E+0 -1.773E-2
4.306E+0 -1.784E-2
4.315E+0 -1.793E-2
4.325E+0 -1.803E-2
4.336E+0 -1.813E-2
4.345E+0 -1.823E-2
4.355E+0 -1.833E-2
4.366E+0 -1.844E-2
4.376E+0 -1.854E-2
4.386E+0 -1.864E-2
4.397E+0 -1.874E-2
4.407E+0 -1.885E-2
4.417E+0 -1.895E-2
4.427E+0 -1.905E-2
4.438E+0 -1.915E-2
4.448E+0 -1.926E-2
4.458E+0 -1.936E-2
4.468E+0 -1.945E-2
4.478E+0 -1.956E-2
4.488E+0 -1.966E-2
4.498E+0 -1.976E-2
4.509E+0 -1.986E-2
4.519E+0 -1.996E-2
4.529E+0 -2.007E-2
4.539E+0 -2.016E-2
4.550E+0 -2.027E-2
4.560E+0 -2.037E-2
4.569E+0 -2.046E-2
4.580E+0 -2.057E-2
4.590E+0 -2.067E-2
4.600E+0 -2.077E-2
4.610E+0 -2.087E-2
4.621E+0 -2.098E-2
4.629E+0 -2.106E-2
4.641E+0 -2.118E-2
4.651E+0 -2.128E-2
