-5.7495E+0 -6.3100E+0
-5.7492E+0 -6.3130E+0
-5.7489E+0 -6.3110E+0
-5.7486E+0 -6.3110E+0
-5.7483E+0 -6.3090E+0
-5.7480E+0 -6.3140E+0
-5.7477E+0 -6.3100E+0
-5.7474E+0 -6.3140E+0
-5.7471E+0 -6.3130E+0
-5.7468E+0 -6.3130E+0
-5.7465E+0 -6.3090E+0
-5.7462E+0 -6.3090E+0
-5.7459E+0 -6.3070E+0
-5.7456E+0 -6.3130E+0
-5.7453E+0 -6.3060E+0
-5.7450E+0 -6.3070E+0
-5.7447E+0 -6.3060E+0
-5.7444E+0 -6.3080E+0
-5.7441E+0 -6.3070E+0
-5.7438E+0 -6.3070E+0
-5.7435E+0 -6.3040E+0
-5.7432E+0 -6.3080E+0
-5.7429E+0 -6.3030E+0
-5.7426E+0 -6.3050E+0
-5.7423E+0 -6.3040E+0
-5.7420E+0 -6.3050E+0
-5.7417E+0 -6.3030E+0
-5.7414E+0 -6.3040E+0
-5.7411E+0 -6.3040E+0
-5.7408E+0 -6.3110E+0
-5.7405E+0 -6.3030E+0
-5.7402E+0 -6.3040E+0
-5.7399E+0 -6.3020E+0
-5.7396E+0 -6.3040E+0
-5.7393E+0 -6.3020E+0
-5.7390E+0 -6.3010E+0
-5.7387E+0 -6.2980E+0
-5.7384E+0 -6.3040E+0
-5.7381E+0 -6.2990E+0
-5.7378E+0 -6.3030E+0
-5.7375E+0 -6.3020E+0
-5.7372E+0 -6.3030E+0
-5.7369E+0 -6.2990E+0
-5.7366E+0 -6.3000E+0
-5.7363E+0 -6.2990E+0
-5.7360E+0 -6.3050E+0
-5.7357E+0 -6.2990E+0
-5.7354E+0 -6.3000E+0
-5.7351E+0 -6.3000E+0
-5.7348E+0 -6.3040E+0
-5.7345E+0 -6.3030E+0
-5.7342E+0 -6.3160E+0
-5.7339E+0 -6.3110E+0
-5.7336E+0 -6.3150E+0
-5.7333E+0 -6.3090E+0
-5.7330E+0 -6.3110E+0
-5.7327E+0 -6.3100E+0
-5.7324E+0 -6.3100E+0
-5.7321E+0 -6.3070E+0
-5.7318E+0 -6.3070E+0
-5.7315E+0 -6.3050E+0
-5.7312E+0 -6.3120E+0
-5.7309E+0 -6.3050E+0
-5.7306E+0 -6.3050E+0
-5.7303E+0 -6.3030E+0
-5.7300E+0 -6.3050E+0
-5.7297E+0 -6.3030E+0
-5.7294E+0 -6.3030E+0
-5.7291E+0 -6.3010E+0
-5.7288E+0 -6.3050E+0
-5.7285E+0 -6.3040E+0
-5.7282E+0 -6.3040E+0
-5.7279E+0 -6.3040E+0
-5.7276E+0 -6.3030E+0
-5.7273E+0 -6.2990E+0
-5.7270E+0 -6.2990E+0
-5.7267E+0 -6.2970E+0
-5.7264E+0 -6.3020E+0
-5.7261E+0 -6.2950E+0
-5.7258E+0 -6.2970E+0
-5.7255E+0 -6.2960E+0
-5.7252E+0 -6.2990E+0
-5.7249E+0 -6.2970E+0
-5.7246E+0 -6.2970E+0
-5.7243E+0 -6.2930E+0
-5.7240E+0 -6.2980E+0
-5.7237E+0 -6.2920E+0
-5.7234E+0 -6.2950E+0
-5.7231E+0 -6.2940E+0
-5.7228E+0 -6.2950E+0
-5.7225E+0 -6.2930E+0
-5.7222E+0 -6.2940E+0
-5.7219E+0 -6.2940E+0
-5.7216E+0 -6.3010E+0
-5.7213E+0 -6.2930E+0
-5.7210E+0 -6.2930E+0
-5.7207E+0 -6.2910E+0
-5.7204E+0 -6.2920E+0
-5.7201E+0 -6.2900E+0
-5.7198E+0 -6.2900E+0
-5.7195E+0 -6.2870E+0
-5.7192E+0 -6.2920E+0
-5.7189E+0 -6.2860E+0
-5.7186E+0 -6.2890E+0
-5.7183E+0 -6.2880E+0
-5.7180E+0 -6.2890E+0
-5.7177E+0 -6.2850E+0
-5.7174E+0 -6.2850E+0
-5.7171E+0 -6.2830E+0
-5.7168E+0 -6.2900E+0
-5.7165E+0 -6.2830E+0
-5.7162E+0 -6.2840E+0
-5.7159E+0 -6.2840E+0
-5.7156E+0 -6.2870E+0
-5.7153E+0 -6.2860E+0
-5.7150E+0 -6.2860E+0
-5.7147E+0 -6.2820E+0
-5.7144E+0 -6.2860E+0
-5.7141E+0 -6.2800E+0
-5.7138E+0 -6.2820E+0
-5.7135E+0 -6.2810E+0
-5.7132E+0 -6.2820E+0
-5.7129E+0 -6.2790E+0
-5.7126E+0 -6.2800E+0
-5.7123E+0 -6.2790E+0
-5.7120E+0 -6.2860E+0
-5.7117E+0 -6.2780E+0
-5.7114E+0 -6.2790E+0
-5.7111E+0 -6.2780E+0
-5.7108E+0 -6.2800E+0
-5.7105E+0 -6.2780E+0
-5.7102E+0 -6.2790E+0
-5.7099E+0 -6.2760E+0
-5.7096E+0 -6.2820E+0
-5.7093E+0 -7.2000E-2
-5.7090E+0 -6.2810E+0
-5.7087E+0 -6.2810E+0
-5.7084E+0 -6.2810E+0
-5.7081E+0 -6.2770E+0
-5.7078E+0 -6.2760E+0
-5.7075E+0 -6.2740E+0
-5.7072E+0 -6.2790E+0
-5.7069E+0 -6.2730E+0
-5.7066E+0 -6.2730E+0
-5.7063E+0 -6.2720E+0
-5.7060E+0 -6.2750E+0
-5.7057E+0 -6.2730E+0
-5.7054E+0 -6.2730E+0
-5.7051E+0 -6.2690E+0
-5.7048E+0 -6.2740E+0
-5.7045E+0 -6.2680E+0
-5.7042E+0 -6.2700E+0
-5.7039E+0 -6.2690E+0
-5.7036E+0 -6.2700E+0
-5.7033E+0 -6.2680E+0
-5.7030E+0 -6.2680E+0
-5.7027E+0 -6.2680E+0
-5.7024E+0 -6.2750E+0
-5.7021E+0 -6.2670E+0
-5.7018E+0 -6.2670E+0
-5.7015E+0 -6.2650E+0
-5.7012E+0 -6.2670E+0
-5.7009E+0 -6.2650E+0
-5.7006E+0 -6.2650E+0
-5.7003E+0 -6.2610E+0
-5.7000E+0 -6.2670E+0
-5.6997E+0 -6.2620E+0
-5.6994E+0 -6.2650E+0
-5.6991E+0 -6.2640E+0
-5.6988E+0 -6.2650E+0
-5.6985E+0 -6.2610E+0
-5.6982E+0 -6.2610E+0
-5.6979E+0 -6.2600E+0
-5.6976E+0 -6.2670E+0
-5.6973E+0 -6.2600E+0
-5.6970E+0 -6.2610E+0
-5.6967E+0 -6.2610E+0
-5.6964E+0 -6.2640E+0
-5.6961E+0 -6.2640E+0
-5.6958E+0 -6.2630E+0
-5.6955E+0 -6.2590E+0
-5.6952E+0 -6.2630E+0
-5.6949E+0 -6.2580E+0
-5.6946E+0 -6.2590E+0
-5.6943E+0 -6.2580E+0
-5.6940E+0 -6.2590E+0
-5.6937E+0 -6.2550E+0
-5.6934E+0 -6.2560E+0
-5.6931E+0 -2.8000E+0
-5.6928E+0 -6.2620E+0
-5.6925E+0 -6.2550E+0
-5.6922E+0 -6.2550E+0
-5.6919E+0 -6.2530E+0
-5.6916E+0 -6.2550E+0
-5.6913E+0 -6.2540E+0
-5.6910E+0 -6.2540E+0
-5.6907E+0 -6.2510E+0
-5.6904E+0 -6.2570E+0
-5.6901E+0 -6.2520E+0
-5.6898E+0 -6.2550E+0
-5.6895E+0 -6.2550E+0
-5.6892E+0 -6.2550E+0
-5.6889E+0 -6.2510E+0
-5.6886E+0 -6.2510E+0
-5.6883E+0 -6.2490E+0
-5.6880E+0 -6.2550E+0
-5.6877E+0 -6.2480E+0
-5.6874E+0 -6.2490E+0
-5.6871E+0 -6.2480E+0
-5.6868E+0 -6.2520E+0
-5.6865E+0 -6.2510E+0
-5.6862E+0 -6.2510E+0
-5.6859E+0 -6.2470E+0
-5.6856E+0 -6.2520E+0
-5.6853E+0 -6.2470E+0
-5.6850E+0 -6.2490E+0
-5.6847E+0 -6.2490E+0
-5.6844E+0 -6.2500E+0
-5.6841E+0 -6.2480E+0
-5.6838E+0 -6.2490E+0
-5.6835E+0 -6.2490E+0
-5.6832E+0 -6.2560E+0
-5.6829E+0 -6.2490E+0
-5.6826E+0 -6.2490E+0
-5.6823E+0 -6.2460E+0
-5.6820E+0 -6.2480E+0
-5.6817E+0 -6.2460E+0
-5.6814E+0 -6.2450E+0
-5.6811E+0 -6.2420E+0
-5.6808E+0 -6.2470E+0
-5.6805E+0 -6.2410E+0
-5.6802E+0 -6.2440E+0
-5.6799E+0 -6.2430E+0
-5.6796E+0 -6.2440E+0
-5.6793E+0 -6.2400E+0
-5.6790E+0 -6.2400E+0
-5.6787E+0 -6.2380E+0
-5.6784E+0 -6.2440E+0
-5.6781E+0 -6.2370E+0
-5.6778E+0 -6.2390E+0
-5.6775E+0 -6.2410E+0
-5.6772E+0 -6.2410E+0
-5.6769E+0 -6.2400E+0
-5.6766E+0 -6.2400E+0
-5.6763E+0 -6.2360E+0
-5.6760E+0 -6.2390E+0
-5.6757E+0 -6.2340E+0
-5.6754E+0 -6.2360E+0
-5.6751E+0 -6.2340E+0
-5.6748E+0 -6.2350E+0
-5.6745E+0 -6.2320E+0
-5.6742E+0 -6.2330E+0
-5.6739E+0 -6.2320E+0
-5.6736E+0 -6.2390E+0
-5.6733E+0 -6.2320E+0
-5.6730E+0 -6.2320E+0
-5.6727E+0 -6.2310E+0
-5.6724E+0 -6.2330E+0
-5.6721E+0 -6.2310E+0
-5.6718E+0 -6.2320E+0
-5.6715E+0 -6.2290E+0
-5.6712E+0 -6.2340E+0
-5.6709E+0 -6.2300E+0
-5.6706E+0 -6.2330E+0
-5.6703E+0 -6.2330E+0
-5.6700E+0 -6.2330E+0
-5.6697E+0 -6.2290E+0
-5.6694E+0 -6.2290E+0
-5.6691E+0 -6.2270E+0
-5.6688E+0 -6.2320E+0
-5.6685E+0 -6.2250E+0
-5.6682E+0 -6.2260E+0
-5.6679E+0 -6.2240E+0
-5.6676E+0 -6.2270E+0
-5.6673E+0 -6.2260E+0
-5.6670E+0 -6.2260E+0
-5.6667E+0 -6.2220E+0
-5.6664E+0 -6.2270E+0
-5.6661E+0 -6.2210E+0
-5.6658E+0 -6.2230E+0
-5.6655E+0 -6.2220E+0
-5.6652E+0 -6.2230E+0
-5.6649E+0 -6.2210E+0
-5.6646E+0 -6.2220E+0
-5.6643E+0 -6.2220E+0
-5.6640E+0 -6.2280E+0
-5.6637E+0 -6.2210E+0
-5.6634E+0 -6.2210E+0
-5.6631E+0 -6.2190E+0
-5.6628E+0 -6.2210E+0
-5.6625E+0 -6.2190E+0
-5.6622E+0 -6.2190E+0
-5.6619E+0 -6.2160E+0
-5.6616E+0 -6.2210E+0
-5.6613E+0 -6.2160E+0
-5.6610E+0 -6.2190E+0
-5.6607E+0 -6.2180E+0
-5.6604E+0 -6.2190E+0
-5.6601E+0 -6.2160E+0
-5.6598E+0 -6.2160E+0
-5.6595E+0 -6.2160E+0
-5.6592E+0 -6.2210E+0
-5.6589E+0 -6.2160E+0
-5.6586E+0 -6.2170E+0
-5.6583E+0 -6.2160E+0
-5.6580E+0 -6.2190E+0
-5.6577E+0 -6.2190E+0
-5.6574E+0 -6.2200E+0
-5.6571E+0 -6.2150E+0
-5.6568E+0 -6.2190E+0
-5.6565E+0 -6.2130E+0
-5.6562E+0 -6.2150E+0
-5.6559E+0 -6.2140E+0
-5.6556E+0 -6.2140E+0
-5.6553E+0 -6.2100E+0
-5.6550E+0 -6.2120E+0
-5.6547E+0 -6.2110E+0
-5.6544E+0 -6.2170E+0
-5.6541E+0 -6.2090E+0
-5.6538E+0 -6.2100E+0
-5.6535E+0 -6.2080E+0
-5.6532E+0 -6.2110E+0
-5.6529E+0 -6.2080E+0
-5.6526E+0 -6.2090E+0
-5.6523E+0 -6.2060E+0
-5.6520E+0 -6.2060E+0
-5.6517E+0 -6.2060E+0
-5.6514E+0 -6.2090E+0
-5.6511E+0 -6.2090E+0
-5.6508E+0 -6.2090E+0
-5.6505E+0 -6.2050E+0
-5.6502E+0 -6.2050E+0
-5.6499E+0 -6.2030E+0
-5.6496E+0 -6.2090E+0
-5.6493E+0 -6.2020E+0
-5.6490E+0 -6.2030E+0
-5.6487E+0 -6.2010E+0
-5.6484E+0 -6.2050E+0
-5.6481E+0 -6.2030E+0
-5.6478E+0 -6.2040E+0
-5.6475E+0 -6.2000E+0
-5.6472E+0 -6.2050E+0
-5.6469E+0 -6.1990E+0
-5.6466E+0 -6.2020E+0
-5.6463E+0 -6.2010E+0
-5.6460E+0 -6.2030E+0
-5.6457E+0 -6.2010E+0
-5.6454E+0 -6.2010E+0
-5.6451E+0 -6.2010E+0
-5.6448E+0 -6.2080E+0
-5.6445E+0 -6.2010E+0
-5.6442E+0 -6.2000E+0
-5.6439E+0 -6.1990E+0
-5.6436E+0 -6.2000E+0
-5.6433E+0 -6.1980E+0
-5.6430E+0 -6.1980E+0
-5.6427E+0 -6.1950E+0
-5.6424E+0 -6.2000E+0
-5.6421E+0 -6.1950E+0
-5.6418E+0 -6.1970E+0
-5.6415E+0 -6.1970E+0
-5.6412E+0 -6.1970E+0
-5.6409E+0 -6.1940E+0
-5.6406E+0 -6.1940E+0
-5.6403E+0 -6.1920E+0
-5.6400E+0 -6.1990E+0
-5.6397E+0 -6.1920E+0
-5.6394E+0 -6.1930E+0
-5.6391E+0 -6.1930E+0
-5.6388E+0 -6.1960E+0
-5.6385E+0 -6.1950E+0
-5.6382E+0 -6.1950E+0
-5.6379E+0 -6.1920E+0
-5.6376E+0 -6.1960E+0
-5.6373E+0 -6.1900E+0
-5.6370E+0 -6.1920E+0
-5.6367E+0 -6.1910E+0
-5.6364E+0 -6.1920E+0
-5.6361E+0 -6.1890E+0
-5.6358E+0 -6.1900E+0
-5.6355E+0 -6.1890E+0
-5.6352E+0 -6.1960E+0
-5.6349E+0 -6.1890E+0
-5.6346E+0 -6.1900E+0
-5.6343E+0 -6.1880E+0
-5.6340E+0 -6.1910E+0
-5.6337E+0 -6.1890E+0
-5.6334E+0 -6.1900E+0
-5.6331E+0 -6.1880E+0
-5.6328E+0 -6.1930E+0
-5.6325E+0 -6.1890E+0
-5.6322E+0 -6.1920E+0
-5.6319E+0 -6.1940E+0
-5.6316E+0 -6.1940E+0
-5.6313E+0 -6.1890E+0
-5.6310E+0 -6.1890E+0
-5.6307E+0 -6.1870E+0
-5.6304E+0 -6.1930E+0
-5.6301E+0 -6.1850E+0
-5.6298E+0 -6.1860E+0
-5.6295E+0 -6.1850E+0
-5.6292E+0 -6.1870E+0
-5.6289E+0 -6.1860E+0
-5.6286E+0 -6.1850E+0
-5.6283E+0 -6.1820E+0
-5.6280E+0 -6.1860E+0
-5.6277E+0 -6.1800E+0
-5.6274E+0 -6.1820E+0
-5.6271E+0 -6.1810E+0
-5.6268E+0 -6.1820E+0
-5.6265E+0 -6.1800E+0
-5.6262E+0 -6.1810E+0
-5.6259E+0 -6.1800E+0
-5.6256E+0 -6.1870E+0
-5.6253E+0 -6.1790E+0
-5.6250E+0 -6.1790E+0
-5.6247E+0 -6.1770E+0
-5.6244E+0 -6.1790E+0
-5.6241E+0 -6.1770E+0
-5.6238E+0 -6.1770E+0
-5.6235E+0 -6.1740E+0
-5.6232E+0 -6.1780E+0
-5.6229E+0 -6.1740E+0
-5.6226E+0 -6.1760E+0
-5.6223E+0 -6.1760E+0
-5.6220E+0 -6.1760E+0
-5.6217E+0 -6.1730E+0
-5.6214E+0 -6.1730E+0
-5.6211E+0 -6.1720E+0
-5.6208E+0 -6.1780E+0
-5.6205E+0 -6.1710E+0
-5.6202E+0 -6.1720E+0
-5.6199E+0 -6.1720E+0
-5.6196E+0 -6.1750E+0
-5.6193E+0 -6.1740E+0
-5.6190E+0 -6.1750E+0
-5.6187E+0 -6.1700E+0
-5.6184E+0 -6.1740E+0
-5.6181E+0 -6.1680E+0
-5.6178E+0 -6.1700E+0
-5.6175E+0 -6.1690E+0
-5.6172E+0 -6.1690E+0
-5.6169E+0 -6.1660E+0
-5.6166E+0 -6.1660E+0
-5.6163E+0 -6.1660E+0
-5.6160E+0 -6.1720E+0
-5.6157E+0 -6.1650E+0
-5.6154E+0 -6.1650E+0
-5.6151E+0 -6.1630E+0
-5.6148E+0 -6.1650E+0
-5.6145E+0 -6.1640E+0
-5.6142E+0 -6.1640E+0
-5.6139E+0 -6.1620E+0
-5.6136E+0 -6.1660E+0
-5.6133E+0 -6.1620E+0
-5.6130E+0 -6.1650E+0
-5.6127E+0 -6.1650E+0
-5.6124E+0 -6.1650E+0
-5.6121E+0 -6.1610E+0
-5.6118E+0 -6.1610E+0
-5.6115E+0 -6.1590E+0
-5.6112E+0 -6.1650E+0
-5.6109E+0 -6.1580E+0
-5.6106E+0 -6.1590E+0
-5.6103E+0 -6.1580E+0
-5.6100E+0 -6.1610E+0
-5.6097E+0 -6.1600E+0
-5.6094E+0 -6.1600E+0
-5.6091E+0 -6.1570E+0
-5.6088E+0 -6.1610E+0
-5.6085E+0 -6.1560E+0
-5.6082E+0 -6.1580E+0
-5.6079E+0 -6.1580E+0
-5.6076E+0 -6.1590E+0
-5.6073E+0 -6.1570E+0
-5.6070E+0 -6.1580E+0
-5.6067E+0 -6.1580E+0
-5.6064E+0 -6.1650E+0
-5.6061E+0 -6.1570E+0
-5.6058E+0 -6.1570E+0
-5.6055E+0 -6.1550E+0
-5.6052E+0 -6.1570E+0
-5.6049E+0 -6.1550E+0
-5.6046E+0 -6.1540E+0
-5.6043E+0 -6.1520E+0
-5.6040E+0 -6.1560E+0
-5.6037E+0 -6.1510E+0
-5.6034E+0 -6.1530E+0
-5.6031E+0 -6.1520E+0
-5.6028E+0 -6.1520E+0
-5.6025E+0 -6.1490E+0
-5.6022E+0 -6.1500E+0
-5.6019E+0 -6.1480E+0
-5.6016E+0 -6.1540E+0
-5.6013E+0 -6.1470E+0
-5.6010E+0 -6.1480E+0
-5.6007E+0 -6.1480E+0
-5.6004E+0 -6.1510E+0
-5.6001E+0 -6.1500E+0
-5.5998E+0 -6.1490E+0
-5.5995E+0 -6.1460E+0
-5.5992E+0 -6.1500E+0
-5.5989E+0 -6.1440E+0
-5.5986E+0 -6.1460E+0
-5.5983E+0 -6.1450E+0
-5.5980E+0 -6.1460E+0
-5.5977E+0 -6.1420E+0
-5.5974E+0 -6.1440E+0
-5.5971E+0 -6.1420E+0
-5.5968E+0 -6.1490E+0
-5.5965E+0 -6.1420E+0
-5.5962E+0 -6.1420E+0
-5.5959E+0 -6.1410E+0
-5.5956E+0 -6.1430E+0
-5.5953E+0 -6.1420E+0
-5.5950E+0 -6.1420E+0
-5.5947E+0 -6.1390E+0
-5.5944E+0 -6.1450E+0
-5.5941E+0 -6.1410E+0
-5.5938E+0 -6.1440E+0
-5.5935E+0 -6.1430E+0
-5.5932E+0 -6.1440E+0
-5.5929E+0 -6.1400E+0
-5.5926E+0 -6.1390E+0
-5.5923E+0 -6.1370E+0
-5.5920E+0 -6.1430E+0
-5.5917E+0 -6.1360E+0
-5.5914E+0 -6.1360E+0
-5.5911E+0 -6.1360E+0
-5.5908E+0 -6.1390E+0
-5.5905E+0 -6.1370E+0
-5.5902E+0 -6.1370E+0
-5.5899E+0 -6.1340E+0
-5.5896E+0 -6.1380E+0
-5.5893E+0 -6.1320E+0
-5.5890E+0 -6.1340E+0
-5.5887E+0 -6.1340E+0
-5.5884E+0 -6.1350E+0
-5.5881E+0 -6.1330E+0
-5.5878E+0 -6.1340E+0
-5.5875E+0 -6.1330E+0
-5.5872E+0 -6.1400E+0
-5.5869E+0 -6.1330E+0
-5.5866E+0 -6.1330E+0
-5.5863E+0 -6.1300E+0
-5.5860E+0 -6.1330E+0
-5.5857E+0 -6.1310E+0
-5.5854E+0 -6.1310E+0
-5.5851E+0 -6.1280E+0
-5.5848E+0 -6.1330E+0
-5.5845E+0 -6.1290E+0
-5.5842E+0 -6.1320E+0
-5.5839E+0 -6.1310E+0
-5.5836E+0 -6.1320E+0
-5.5833E+0 -6.1280E+0
-5.5830E+0 -6.1290E+0
-5.5827E+0 -6.1270E+0
-5.5824E+0 -6.1340E+0
-5.5821E+0 -6.1280E+0
-5.5818E+0 -6.1290E+0
-5.5815E+0 -6.1290E+0
-5.5812E+0 -6.1320E+0
-5.5809E+0 -6.1320E+0
-5.5806E+0 -6.1330E+0
-5.5803E+0 -6.1280E+0
-5.5800E+0 -6.1320E+0
-5.5797E+0 -6.1260E+0
-5.5794E+0 -6.1280E+0
-5.5791E+0 -6.1260E+0
-5.5788E+0 -6.1270E+0
-5.5785E+0 -6.1240E+0
-5.5782E+0 -6.1240E+0
-5.5779E+0 -6.1230E+0
-5.5776E+0 -6.1290E+0
-5.5773E+0 -6.1220E+0
-5.5770E+0 -6.1220E+0
-5.5767E+0 -6.1200E+0
-5.5764E+0 -6.1220E+0
-5.5761E+0 -6.1200E+0
-5.5758E+0 -6.1210E+0
-5.5755E+0 -6.1230E+0
-5.5752E+0 -6.1230E+0
-5.5749E+0 -7.1300E-1
-5.5746E+0 -6.1210E+0
-5.5743E+0 -6.1210E+0
-5.5740E+0 -6.1210E+0
-5.5737E+0 -6.1170E+0
-5.5734E+0 -6.1170E+0
-5.5731E+0 -6.1150E+0
-5.5728E+0 -6.1210E+0
-5.5725E+0 -6.1140E+0
-5.5722E+0 -6.1150E+0
-5.5719E+0 -6.1140E+0
-5.5716E+0 -6.1170E+0
-5.5713E+0 -6.1160E+0
-5.5710E+0 -6.1150E+0
-5.5707E+0 -6.1120E+0
-5.5704E+0 -6.1160E+0
-5.5701E+0 -6.1110E+0
-5.5698E+0 -6.1130E+0
-5.5695E+0 -6.1130E+0
-5.5692E+0 -6.1140E+0
-5.5689E+0 -6.1120E+0
-5.5686E+0 -6.1130E+0
-5.5683E+0 -6.1120E+0
-5.5680E+0 -6.1190E+0
-5.5677E+0 -6.1120E+0
-5.5674E+0 -6.1110E+0
-5.5671E+0 -6.1100E+0
-5.5668E+0 -6.1110E+0
-5.5665E+0 -6.1090E+0
-5.5662E+0 -6.1090E+0
-5.5659E+0 -6.1060E+0
-5.5656E+0 -6.1110E+0
-5.5653E+0 -6.1060E+0
-5.5650E+0 -6.1090E+0
-5.5647E+0 -6.1070E+0
-5.5644E+0 -6.1080E+0
-5.5641E+0 -6.1040E+0
-5.5638E+0 -6.1050E+0
-5.5635E+0 -6.1030E+0
-5.5632E+0 -6.1090E+0
-5.5629E+0 -6.1030E+0
-5.5626E+0 -6.1040E+0
-5.5623E+0 -6.1030E+0
-5.5620E+0 -6.1070E+0
-5.5617E+0 -6.1050E+0
-5.5614E+0 -6.1060E+0
-5.5611E+0 -6.1020E+0
-5.5608E+0 -6.1060E+0
-5.5605E+0 -6.1000E+0
-5.5602E+0 -6.1020E+0
-5.5599E+0 -6.1010E+0
-5.5596E+0 -6.1020E+0
-5.5593E+0 -6.0990E+0
-5.5590E+0 -6.1000E+0
-5.5587E+0 -6.0990E+0
-5.5584E+0 -6.1060E+0
-5.5581E+0 -6.0990E+0
-5.5578E+0 -6.1000E+0
-5.5575E+0 -6.0980E+0
-5.5572E+0 -6.1000E+0
-5.5569E+0 -6.0990E+0
-5.5566E+0 -6.0990E+0
-5.5563E+0 -6.0970E+0
-5.5560E+0 -6.1030E+0
-5.5557E+0 -6.0980E+0
-5.5554E+0 -6.1020E+0
-5.5551E+0 -6.1020E+0
-5.5548E+0 -6.1020E+0
-5.5545E+0 -6.0970E+0
-5.5542E+0 -6.0980E+0
-5.5539E+0 -6.0950E+0
-5.5536E+0 -6.1010E+0
-5.5533E+0 -6.0940E+0
-5.5530E+0 -6.0950E+0
-5.5527E+0 -6.0930E+0
-5.5524E+0 -6.0960E+0
-5.5521E+0 -6.0950E+0
-5.5518E+0 -6.0950E+0
-5.5515E+0 -6.0910E+0
-5.5512E+0 -6.0950E+0
-5.5509E+0 -6.0900E+0
-5.5506E+0 -6.0920E+0
-5.5503E+0 -6.0910E+0
-5.5500E+0 -6.0900E+0
-5.5497E+0 -6.0900E+0
-5.5494E+0 -6.0910E+0
-5.5491E+0 -6.0900E+0
-5.5488E+0 -6.0970E+0
-5.5485E+0 -6.0890E+0
-5.5482E+0 -6.0890E+0
-5.5479E+0 -6.0870E+0
-5.5476E+0 -6.0890E+0
-5.5473E+0 -6.0870E+0
-5.5470E+0 -6.0870E+0
-5.5467E+0 -6.0840E+0
-5.5464E+0 -6.0890E+0
-5.5461E+0 -6.0850E+0
-5.5458E+0 -6.0870E+0
-5.5455E+0 -6.0870E+0
-5.5452E+0 -6.0870E+0
-5.5449E+0 -6.0840E+0
-5.5446E+0 -6.0840E+0
-5.5443E+0 -1.5400E+0
-5.5440E+0 -6.0890E+0
-5.5437E+0 -6.0830E+0
-5.5434E+0 -6.0840E+0
-5.5431E+0 -6.0840E+0
-5.5428E+0 -6.0870E+0
-5.5425E+0 -6.0870E+0
-5.5422E+0 -6.0870E+0
-5.5419E+0 -6.0830E+0
-5.5416E+0 -6.0860E+0
-5.5413E+0 -6.0810E+0
-5.5410E+0 -6.0820E+0
-5.5407E+0 -6.0810E+0
-5.5404E+0 -6.0820E+0
-5.5401E+0 -6.0790E+0
-5.5398E+0 -6.0800E+0
-5.5395E+0 -6.0790E+0
-5.5392E+0 -6.0850E+0
-5.5389E+0 -6.0780E+0
-5.5386E+0 -6.0780E+0
-5.5383E+0 -6.0770E+0
-5.5380E+0 -6.0790E+0
-5.5377E+0 -6.0780E+0
-5.5374E+0 -6.0780E+0
-5.5371E+0 -6.0750E+0
-5.5368E+0 -6.0810E+0
-5.5365E+0 -6.0760E+0
-5.5362E+0 -6.0790E+0
-5.5359E+0 -6.0790E+0
-5.5356E+0 -6.0790E+0
-5.5353E+0 -6.0750E+0
-5.5350E+0 -6.0750E+0
-5.5347E+0 -6.0740E+0
-5.5344E+0 -6.0790E+0
-5.5341E+0 -6.0730E+0
-5.5338E+0 -6.0740E+0
-5.5335E+0 -6.0730E+0
-5.5332E+0 -6.0760E+0
-5.5329E+0 -6.0750E+0
-5.5326E+0 -6.0750E+0
-5.5323E+0 -6.0720E+0
-5.5320E+0 -6.0760E+0
-5.5317E+0 -6.0710E+0
-5.5314E+0 -6.0740E+0
-5.5311E+0 -6.0730E+0
-5.5308E+0 -6.0750E+0
-5.5305E+0 -6.0730E+0
-5.5302E+0 -6.0740E+0
-5.5299E+0 -6.0740E+0
-5.5296E+0 -6.0810E+0
-5.5293E+0 -6.0770E+0
-5.5290E+0 -6.0770E+0
-5.5287E+0 -6.0740E+0
-5.5284E+0 -6.0760E+0
-5.5281E+0 -6.0730E+0
-5.5278E+0 -6.0730E+0
-5.5275E+0 -6.0690E+0
-5.5272E+0 -6.0740E+0
-5.5269E+0 -6.0690E+0
-5.5266E+0 -6.0720E+0
-5.5263E+0 -6.0710E+0
-5.5260E+0 -6.0710E+0
-5.5257E+0 -6.0670E+0
-5.5254E+0 -6.0680E+0
-5.5251E+0 -6.0660E+0
-5.5248E+0 -6.0720E+0
-5.5245E+0 -6.0660E+0
-5.5242E+0 -6.0660E+0
-5.5239E+0 -6.0650E+0
-5.5236E+0 -6.0680E+0
-5.5233E+0 -6.0670E+0
-5.5230E+0 -6.0670E+0
-5.5227E+0 -6.0630E+0
-5.5224E+0 -6.0670E+0
-5.5221E+0 -6.0610E+0
-5.5218E+0 -6.0630E+0
-5.5215E+0 -6.0620E+0
-5.5212E+0 -6.0630E+0
-5.5209E+0 -6.0590E+0
-5.5206E+0 -6.0600E+0
-5.5203E+0 -6.0590E+0
-5.5200E+0 -6.0660E+0
-5.5197E+0 -6.0590E+0
-5.5194E+0 -6.0590E+0
-5.5191E+0 -6.0580E+0
-5.5188E+0 -6.0600E+0
-5.5185E+0 -6.0580E+0
-5.5182E+0 -6.0590E+0
-5.5179E+0 -6.0560E+0
-5.5176E+0 -6.0610E+0
-5.5173E+0 -6.0570E+0
-5.5170E+0 -6.0600E+0
-5.5167E+0 -6.0600E+0
-5.5164E+0 -6.0600E+0
-5.5161E+0 -6.0550E+0
-5.5158E+0 -6.0550E+0
-5.5155E+0 -6.0530E+0
-5.5152E+0 -6.0590E+0
-5.5149E+0 -6.0520E+0
-5.5146E+0 -6.0530E+0
-5.5143E+0 -6.0520E+0
-5.5140E+0 -6.0540E+0
-5.5137E+0 -6.0530E+0
-5.5134E+0 -6.0530E+0
-5.5131E+0 -6.0490E+0
-5.5128E+0 -6.0530E+0
-5.5125E+0 -6.0480E+0
-5.5122E+0 -6.0500E+0
-5.5119E+0 -6.0490E+0
-5.5116E+0 -6.0500E+0
-5.5113E+0 -6.0470E+0
-5.5110E+0 -6.0490E+0
-5.5107E+0 -6.0480E+0
-5.5104E+0 -6.0550E+0
-5.5101E+0 -6.0470E+0
-5.5098E+0 -6.0470E+0
-5.5095E+0 -6.0450E+0
-5.5092E+0 -6.0480E+0
-5.5089E+0 -6.0450E+0
-5.5086E+0 -6.0450E+0
-5.5083E+0 -6.0420E+0
-5.5080E+0 -6.0480E+0
-5.5077E+0 -6.0430E+0
-5.5074E+0 -6.0460E+0
-5.5071E+0 -6.0450E+0
-5.5068E+0 -6.0460E+0
-5.5065E+0 -6.0420E+0
-5.5062E+0 -6.0420E+0
-5.5059E+0 -6.0410E+0
-5.5056E+0 -6.0470E+0
-5.5053E+0 -6.0410E+0
-5.5050E+0 -6.0430E+0
-5.5047E+0 -6.0420E+0
-5.5044E+0 -6.0450E+0
-5.5041E+0 -6.0450E+0
-5.5038E+0 -6.0450E+0
-5.5035E+0 -6.0410E+0
-5.5032E+0 -6.0450E+0
-5.5029E+0 -6.0390E+0
-5.5026E+0 -6.0400E+0
-5.5023E+0 -6.0390E+0
-5.5020E+0 -6.0400E+0
-5.5017E+0 -6.0370E+0
-5.5014E+0 -6.0380E+0
-5.5011E+0 -6.0370E+0
-5.5008E+0 -6.0430E+0
-5.5005E+0 -6.0350E+0
-5.5002E+0 -6.0360E+0
-5.4999E+0 -6.0340E+0
-5.4996E+0 -6.0360E+0
-5.4993E+0 -6.0350E+0
-5.4990E+0 -6.0320E+0
-5.4987E+0 -6.0320E+0
-5.4984E+0 -6.0370E+0
-5.4981E+0 -6.0320E+0
-5.4978E+0 -6.0350E+0
-5.4975E+0 -6.0350E+0
-5.4972E+0 -6.0350E+0
-5.4969E+0 -6.0310E+0
-5.4966E+0 -6.0310E+0
-5.4963E+0 -6.0290E+0
-5.4960E+0 -6.0340E+0
-5.4957E+0 -6.0280E+0
-5.4954E+0 -6.0290E+0
-5.4951E+0 -6.0280E+0
-5.4948E+0 -6.0300E+0
-5.4945E+0 -6.0290E+0
-5.4942E+0 -6.0290E+0
-5.4939E+0 -6.0260E+0
-5.4936E+0 -6.0300E+0
-5.4933E+0 -6.0250E+0
-5.4930E+0 -6.0280E+0
-5.4927E+0 -6.0260E+0
-5.4924E+0 -6.0280E+0
-5.4921E+0 -6.0260E+0
-5.4918E+0 -6.0270E+0
-5.4915E+0 -6.0260E+0
-5.4912E+0 -6.0330E+0
-5.4909E+0 -6.0260E+0
-5.4906E+0 -6.0260E+0
-5.4903E+0 -6.0240E+0
-5.4900E+0 -6.0250E+0
-5.4897E+0 -6.0240E+0
-5.4894E+0 -6.0230E+0
-5.4891E+0 -6.0210E+0
-5.4888E+0 -6.0250E+0
-5.4885E+0 -6.0200E+0
-5.4882E+0 -6.0230E+0
-5.4879E+0 -6.0220E+0
-5.4876E+0 -6.0220E+0
-5.4873E+0 -6.0190E+0
-5.4870E+0 -6.0190E+0
-5.4867E+0 -6.0180E+0
-5.4864E+0 -6.0240E+0
-5.4861E+0 -6.0180E+0
-5.4858E+0 -6.0190E+0
-5.4855E+0 -6.0180E+0
-5.4852E+0 -6.0210E+0
-5.4849E+0 -6.0200E+0
-5.4846E+0 -6.0200E+0
-5.4843E+0 -6.0170E+0
-5.4840E+0 -6.0200E+0
-5.4837E+0 -6.0150E+0
-5.4834E+0 -6.0160E+0
-5.4831E+0 -6.0160E+0
-5.4828E+0 -6.0170E+0
-5.4825E+0 -6.0140E+0
-5.4822E+0 -6.0150E+0
-5.4819E+0 -6.0140E+0
-5.4816E+0 -6.0210E+0
-5.4813E+0 -6.0140E+0
-5.4810E+0 -6.0140E+0
-5.4807E+0 -6.0130E+0
-5.4804E+0 -6.0160E+0
-5.4801E+0 -6.0140E+0
-5.4798E+0 -6.0140E+0
-5.4795E+0 -6.0120E+0
-5.4792E+0 -6.0170E+0
-5.4789E+0 -6.0140E+0
-5.4786E+0 -6.0170E+0
-5.4783E+0 -6.0170E+0
-5.4780E+0 -6.0170E+0
-5.4777E+0 -6.0130E+0
-5.4774E+0 -6.0130E+0
-5.4771E+0 -6.0100E+0
-5.4768E+0 -6.0160E+0
-5.4765E+0 -6.0090E+0
-5.4762E+0 -6.0100E+0
-5.4759E+0 -6.0080E+0
-5.4756E+0 -6.0110E+0
-5.4753E+0 -6.0090E+0
-5.4750E+0 -6.0090E+0
-5.4747E+0 -6.0050E+0
-5.4744E+0 -6.0090E+0
-5.4741E+0 -6.0040E+0
-5.4738E+0 -6.0060E+0
-5.4735E+0 -6.0060E+0
-5.4732E+0 -6.0060E+0
-5.4729E+0 -6.0030E+0
-5.4726E+0 -6.0050E+0
-5.4723E+0 -6.0040E+0
-5.4720E+0 -6.0110E+0
-5.4717E+0 -6.0030E+0
-5.4714E+0 -6.0030E+0
-5.4711E+0 -6.0000E+0
-5.4708E+0 -6.0020E+0
-5.4705E+0 -6.0010E+0
-5.4702E+0 -6.0010E+0
-5.4699E+0 -5.9980E+0
-5.4696E+0 -6.0020E+0
-5.4693E+0 -5.9980E+0
-5.4690E+0 -6.0000E+0
-5.4687E+0 -5.9990E+0
-5.4684E+0 -6.0000E+0
-5.4681E+0 -5.9970E+0
-5.4678E+0 -5.9970E+0
-5.4675E+0 -5.9950E+0
-5.4672E+0 -6.0020E+0
-5.4669E+0 -5.9960E+0
-5.4666E+0 -5.9970E+0
-5.4663E+0 -5.9960E+0
-5.4660E+0 -6.0000E+0
-5.4657E+0 -5.9990E+0
-5.4654E+0 -5.9990E+0
-5.4651E+0 -5.9950E+0
-5.4648E+0 -5.9990E+0
-5.4645E+0 -5.9920E+0
-5.4642E+0 -5.9940E+0
-5.4639E+0 -5.9930E+0
-5.4636E+0 -5.9940E+0
-5.4633E+0 -5.9910E+0
-5.4630E+0 -5.9910E+0
-5.4627E+0 -5.9900E+0
-5.4624E+0 -5.9970E+0
-5.4621E+0 -5.9900E+0
-5.4618E+0 -5.9900E+0
-5.4615E+0 -5.9880E+0
-5.4612E+0 -5.9900E+0
-5.4609E+0 -5.9890E+0
-5.4606E+0 -5.9890E+0
-5.4603E+0 -5.9860E+0
-5.4600E+0 -5.9910E+0
-5.4597E+0 -5.9870E+0
-5.4594E+0 -5.9900E+0
-5.4591E+0 -5.9900E+0
-5.4588E+0 -5.9900E+0
-5.4585E+0 -5.9860E+0
-5.4582E+0 -5.9860E+0
-5.4579E+0 -5.9850E+0
-5.4576E+0 -5.9890E+0
-5.4573E+0 -5.9830E+0
-5.4570E+0 -5.9840E+0
-5.4567E+0 -5.9840E+0
-5.4564E+0 -5.9870E+0
-5.4561E+0 -5.9860E+0
-5.4558E+0 -5.9850E+0
-5.4555E+0 -5.9820E+0
-5.4552E+0 -5.9860E+0
-5.4549E+0 -5.9810E+0
-5.4546E+0 -5.9840E+0
-5.4543E+0 -5.9830E+0
-5.4540E+0 -5.9850E+0
-5.4537E+0 -5.9820E+0
-5.4534E+0 -5.9830E+0
-5.4531E+0 -5.9830E+0
-5.4528E+0 -5.9900E+0
-5.4525E+0 -5.9840E+0
-5.4522E+0 -5.9830E+0
-5.4519E+0 -5.9810E+0
-5.4516E+0 -5.9820E+0
-5.4513E+0 -5.9810E+0
-5.4510E+0 -5.9800E+0
-5.4507E+0 -5.9770E+0
-5.4504E+0 -5.9810E+0
-5.4501E+0 -5.9770E+0
-5.4498E+0 -5.9790E+0
-5.4495E+0 -5.9780E+0
-5.4492E+0 -5.9790E+0
-5.4489E+0 -5.9750E+0
-5.4486E+0 -5.9750E+0
-5.4483E+0 -5.9740E+0
-5.4480E+0 -5.9730E+0
-5.4477E+0 -5.9730E+0
-5.4474E+0 -5.9740E+0
-5.4471E+0 -5.9740E+0
-5.4468E+0 -5.9770E+0
-5.4465E+0 -5.9760E+0
-5.4462E+0 -5.9750E+0
-5.4459E+0 -5.9720E+0
-5.4456E+0 -5.9760E+0
-5.4453E+0 -5.9700E+0
-5.4450E+0 -5.9720E+0
-5.4447E+0 -5.9710E+0
-5.4444E+0 -5.9720E+0
-5.4441E+0 -5.9690E+0
-5.4438E+0 -5.9700E+0
-5.4435E+0 -5.9690E+0
-5.4432E+0 -5.9750E+0
-5.4429E+0 -5.9680E+0
-5.4426E+0 -5.9690E+0
-5.4423E+0 -5.9670E+0
-5.4420E+0 -5.9700E+0
-5.4417E+0 -5.9690E+0
-5.4414E+0 -5.9690E+0
-5.4411E+0 -5.9660E+0
-5.4408E+0 -5.9710E+0
-5.4405E+0 -5.9670E+0
-5.4402E+0 -5.9710E+0
-5.4399E+0 -5.9700E+0
-5.4396E+0 -5.9700E+0
-5.4393E+0 -5.9660E+0
-5.4390E+0 -5.9660E+0
-5.4387E+0 -5.9640E+0
-5.4384E+0 -5.9690E+0
-5.4381E+0 -5.9630E+0
-5.4378E+0 -5.9640E+0
-5.4375E+0 -5.9620E+0
-5.4372E+0 -5.9650E+0
-5.4369E+0 -5.9640E+0
-5.4366E+0 -5.9640E+0
-5.4363E+0 -5.9600E+0
-5.4360E+0 -5.9650E+0
-5.4357E+0 -5.9600E+0
-5.4354E+0 -5.9620E+0
-5.4351E+0 -5.9610E+0
-5.4348E+0 -5.9620E+0
-5.4345E+0 -5.9600E+0
-5.4342E+0 -5.9610E+0
-5.4339E+0 -5.9600E+0
-5.4336E+0 -5.9670E+0
-5.4333E+0 -5.9600E+0
-5.4330E+0 -5.9600E+0
-5.4327E+0 -5.9580E+0
-5.4324E+0 -5.9610E+0
-5.4321E+0 -5.9580E+0
-5.4318E+0 -5.9590E+0
-5.4315E+0 -5.9560E+0
-5.4312E+0 -5.9610E+0
-5.4309E+0 -5.9560E+0
-5.4306E+0 -5.9590E+0
-5.4303E+0 -5.9580E+0
-5.4300E+0 -5.9590E+0
-5.4297E+0 -5.9560E+0
-5.4294E+0 -5.9570E+0
-5.4291E+0 -5.9550E+0
-5.4288E+0 -5.9610E+0
-5.4285E+0 -5.9550E+0
-5.4282E+0 -5.9570E+0
-5.4279E+0 -5.9560E+0
-5.4276E+0 -5.9590E+0
-5.4273E+0 -5.9590E+0
-5.4270E+0 -5.9610E+0
-5.4267E+0 -5.9570E+0
-5.4264E+0 -5.9600E+0
-5.4261E+0 -5.9540E+0
-5.4258E+0 -5.9560E+0
-5.4255E+0 -5.9550E+0
-5.4252E+0 -5.9560E+0
-5.4249E+0 -5.9530E+0
-5.4246E+0 -5.9530E+0
-5.4243E+0 -5.9510E+0
-5.4240E+0 -5.9580E+0
-5.4237E+0 -5.9500E+0
-5.4234E+0 -5.9510E+0
-5.4231E+0 -5.9490E+0
-5.4228E+0 -5.9510E+0
-5.4225E+0 -5.9490E+0
-5.4222E+0 -5.9490E+0
-5.4219E+0 -5.9470E+0
-5.4216E+0 -5.9510E+0
-5.4213E+0 -5.9460E+0
-5.4210E+0 -5.9490E+0
-5.4207E+0 -5.9490E+0
-5.4204E+0 -5.9490E+0
-5.4201E+0 -5.9450E+0
-5.4198E+0 -5.9450E+0
-5.4195E+0 -5.9430E+0
-5.4192E+0 -5.9490E+0
-5.4189E+0 -5.9420E+0
-5.4186E+0 -5.9430E+0
-5.4183E+0 -5.9420E+0
-5.4180E+0 -5.9450E+0
-5.4177E+0 -5.9440E+0
-5.4174E+0 -5.9430E+0
-5.4171E+0 -5.9400E+0
-5.4168E+0 -5.9440E+0
-5.4165E+0 -5.9390E+0
-5.4162E+0 -5.9410E+0
-5.4159E+0 -5.9410E+0
-5.4156E+0 -5.9420E+0
-5.4153E+0 -5.9390E+0
-5.4150E+0 -5.9410E+0
-5.4147E+0 -5.9400E+0
-5.4144E+0 -5.9470E+0
-5.4141E+0 -5.9400E+0
-5.4138E+0 -5.9390E+0
-5.4135E+0 -5.9370E+0
-5.4132E+0 -5.9390E+0
-5.4129E+0 -5.9370E+0
-5.4126E+0 -5.9370E+0
-5.4123E+0 -5.9340E+0
-5.4120E+0 -5.9380E+0
-5.4117E+0 -5.9330E+0
-5.4114E+0 -5.9360E+0
-5.4111E+0 -5.9350E+0
-5.4108E+0 -5.9350E+0
-5.4105E+0 -5.9320E+0
-5.4102E+0 -5.9320E+0
-5.4099E+0 -5.9310E+0
-5.4096E+0 -5.9360E+0
-5.4093E+0 -5.9300E+0
-5.4090E+0 -5.9320E+0
-5.4087E+0 -5.9300E+0
-5.4084E+0 -5.9340E+0
-5.4081E+0 -5.9330E+0
-5.4078E+0 -5.9330E+0
-5.4075E+0 -5.9290E+0
-5.4072E+0 -5.9330E+0
-5.4069E+0 -5.9270E+0
-5.4066E+0 -5.9290E+0
-5.4063E+0 -5.9280E+0
-5.4060E+0 -5.9290E+0
-5.4057E+0 -5.9260E+0
-5.4054E+0 -5.9270E+0
-5.4051E+0 -5.9260E+0
-5.4048E+0 -5.9330E+0
-5.4045E+0 -5.9260E+0
-5.4042E+0 -5.9260E+0
-5.4039E+0 -5.9250E+0
-5.4036E+0 -5.9280E+0
-5.4033E+0 -5.9260E+0
-5.4030E+0 -5.9260E+0
-5.4027E+0 -5.9240E+0
-5.4024E+0 -5.9290E+0
-5.4021E+0 -5.9250E+0
-5.4018E+0 -5.9280E+0
-5.4015E+0 -5.9280E+0
-5.4012E+0 -5.9280E+0
-5.4009E+0 -5.9240E+0
-5.4006E+0 -5.9240E+0
-5.4003E+0 -5.9220E+0
-5.4000E+0 -5.9270E+0
-5.3997E+0 -5.9200E+0
-5.3994E+0 -5.9210E+0
-5.3991E+0 -5.9200E+0
-5.3988E+0 -5.9220E+0
-5.3985E+0 -5.9220E+0
-5.3982E+0 -5.9210E+0
-5.3979E+0 -5.9170E+0
-5.3976E+0 -5.9220E+0
-5.3973E+0 -5.9160E+0
-5.3970E+0 -5.9170E+0
-5.3967E+0 -5.9170E+0
-5.3964E+0 -5.9180E+0
-5.3961E+0 -5.9160E+0
-5.3958E+0 -5.9170E+0
-5.3955E+0 -5.9160E+0
-5.3952E+0 -5.9230E+0
-5.3949E+0 -5.9150E+0
-5.3946E+0 -5.9150E+0
-5.3943E+0 -5.9130E+0
-5.3940E+0 -5.9150E+0
-5.3937E+0 -5.9130E+0
-5.3934E+0 -5.9130E+0
-5.3931E+0 -5.9110E+0
-5.3928E+0 -5.9150E+0
-5.3925E+0 -5.9100E+0
-5.3922E+0 -5.9130E+0
-5.3919E+0 -5.9130E+0
-5.3916E+0 -5.9130E+0
-5.3913E+0 -5.9100E+0
-5.3910E+0 -5.9100E+0
-5.3907E+0 -5.9090E+0
-5.3904E+0 -5.9150E+0
-5.3901E+0 -5.9090E+0
-5.3898E+0 -5.9100E+0
-5.3895E+0 -5.9100E+0
-5.3892E+0 -5.9130E+0
-5.3889E+0 -5.9120E+0
-5.3886E+0 -5.9120E+0
-5.3883E+0 -5.9080E+0
-5.3880E+0 -5.9110E+0
-5.3877E+0 -5.9060E+0
-5.3874E+0 -5.9070E+0
-5.3871E+0 -5.9070E+0
-5.3868E+0 -5.9080E+0
-5.3865E+0 -5.9050E+0
-5.3862E+0 -5.9060E+0
-5.3859E+0 -5.9040E+0
-5.3856E+0 -5.9110E+0
-5.3853E+0 -5.9030E+0
-5.3850E+0 -5.9040E+0
-5.3847E+0 -5.9020E+0
-5.3844E+0 -5.9040E+0
-5.3841E+0 -5.9030E+0
-5.3838E+0 -5.9030E+0
-5.3835E+0 -5.9010E+0
-5.3832E+0 -5.9050E+0
-5.3829E+0 -5.9020E+0
-5.3826E+0 -5.9040E+0
-5.3823E+0 -5.9040E+0
-5.3820E+0 -5.9040E+0
-5.3817E+0 -5.9010E+0
-5.3814E+0 -5.9010E+0
-5.3811E+0 -5.8990E+0
-5.3808E+0 -5.9050E+0
-5.3805E+0 -5.8980E+0
-5.3802E+0 -5.8990E+0
-5.3799E+0 -5.8980E+0
-5.3796E+0 -5.9020E+0
-5.3793E+0 -5.9000E+0
-5.3790E+0 -5.9000E+0
-5.3787E+0 -5.8970E+0
-5.3784E+0 -5.9010E+0
-5.3781E+0 -5.8960E+0
-5.3778E+0 -5.8990E+0
-5.3775E+0 -5.8980E+0
-5.3772E+0 -5.9000E+0
-5.3769E+0 -5.8980E+0
-5.3766E+0 -5.8990E+0
-5.3763E+0 -5.8980E+0
-5.3760E+0 -5.9060E+0
-5.3757E+0 -5.8990E+0
-5.3754E+0 -5.8990E+0
-5.3751E+0 -5.8970E+0
-5.3748E+0 -5.8980E+0
-5.3745E+0 -5.8960E+0
-5.3742E+0 -5.8960E+0
-5.3739E+0 -5.8930E+0
-5.3736E+0 -5.8970E+0
-5.3733E+0 -5.8920E+0
-5.3730E+0 -5.8940E+0
-5.3727E+0 -5.8930E+0
-5.3724E+0 -5.8940E+0
-5.3721E+0 -5.8900E+0
-5.3718E+0 -5.8900E+0
-5.3715E+0 -5.8940E+0
-5.3712E+0 -5.8940E+0
-5.3709E+0 -5.8880E+0
-5.3706E+0 -5.8890E+0
-5.3703E+0 -5.8880E+0
-5.3700E+0 -5.8910E+0
-5.3697E+0 -5.8910E+0
-5.3694E+0 -5.8900E+0
-5.3691E+0 -5.8860E+0
-5.3688E+0 -5.8900E+0
-5.3685E+0 -5.8840E+0
-5.3682E+0 -5.8860E+0
-5.3679E+0 -5.8850E+0
-5.3676E+0 -5.8860E+0
-5.3673E+0 -5.8830E+0
-5.3670E+0 -5.8840E+0
-5.3667E+0 -5.8830E+0
-5.3664E+0 -5.8890E+0
-5.3661E+0 -5.8830E+0
-5.3658E+0 -5.8820E+0
-5.3655E+0 -5.8810E+0
-5.3652E+0 -5.8840E+0
-5.3649E+0 -5.8820E+0
-5.3646E+0 -5.8820E+0
-5.3643E+0 -5.8800E+0
-5.3640E+0 -5.8850E+0
-5.3637E+0 -5.8810E+0
-5.3634E+0 -5.8840E+0
-5.3631E+0 -5.8840E+0
-5.3628E+0 -5.8840E+0
-5.3625E+0 -5.8790E+0
-5.3622E+0 -5.8800E+0
-5.3619E+0 -5.8770E+0
-5.3616E+0 -5.8830E+0
-5.3613E+0 -5.8760E+0
-5.3610E+0 -5.8770E+0
-5.3607E+0 -5.8760E+0
-5.3604E+0 -5.8780E+0
-5.3601E+0 -5.8770E+0
-5.3598E+0 -5.8770E+0
-5.3595E+0 -5.8740E+0
-5.3592E+0 -5.8780E+0
-5.3589E+0 -5.8720E+0
-5.3586E+0 -5.8750E+0
-5.3583E+0 -5.8740E+0
-5.3580E+0 -5.8750E+0
-5.3577E+0 -5.8730E+0
-5.3574E+0 -5.8740E+0
-5.3571E+0 -5.8730E+0
-5.3568E+0 -5.8800E+0
-5.3565E+0 -5.8730E+0
-5.3562E+0 -5.8730E+0
-5.3559E+0 -5.8710E+0
-5.3556E+0 -5.8730E+0
-5.3553E+0 -5.8710E+0
-5.3550E+0 -5.8710E+0
-5.3547E+0 -5.8680E+0
-5.3544E+0 -5.8730E+0
-5.3541E+0 -5.8680E+0
-5.3538E+0 -5.8710E+0
-5.3535E+0 -5.8700E+0
-5.3532E+0 -5.8710E+0
-5.3529E+0 -5.8680E+0
-5.3526E+0 -5.8690E+0
-5.3523E+0 -5.8670E+0
-5.3520E+0 -5.8740E+0
-5.3517E+0 -5.8670E+0
-5.3514E+0 -5.8690E+0
-5.3511E+0 -5.8680E+0
-5.3508E+0 -5.8710E+0
-5.3505E+0 -5.8710E+0
-5.3502E+0 -5.8710E+0
-5.3499E+0 -5.8680E+0
-5.3496E+0 -5.8710E+0
-5.3493E+0 -5.8650E+0
-5.3490E+0 -5.8660E+0
-5.3487E+0 -5.8660E+0
-5.3484E+0 -5.8660E+0
-5.3481E+0 -5.8640E+0
-5.3478E+0 -5.8640E+0
-5.3475E+0 -5.8630E+0
-5.3472E+0 -5.8690E+0
-5.3469E+0 -5.8620E+0
-5.3466E+0 -5.8620E+0
-5.3463E+0 -5.8600E+0
-5.3460E+0 -5.8610E+0
-5.3457E+0 -5.8610E+0
-5.3454E+0 -5.8610E+0
-5.3451E+0 -5.8590E+0
-5.3448E+0 -5.8630E+0
-5.3445E+0 -5.8590E+0
-5.3442E+0 -5.8620E+0
-5.3439E+0 -5.8620E+0
-5.3436E+0 -5.8610E+0
-5.3433E+0 -5.8580E+0
-5.3430E+0 -5.8580E+0
-5.3427E+0 -5.8570E+0
-5.3424E+0 -5.8620E+0
-5.3421E+0 -5.8550E+0
-5.3418E+0 -5.8560E+0
-5.3415E+0 -5.8550E+0
-5.3412E+0 -5.8580E+0
-5.3409E+0 -5.8570E+0
-5.3406E+0 -5.8570E+0
-5.3403E+0 -5.8540E+0
-5.3400E+0 -5.8570E+0
-5.3397E+0 -5.8530E+0
-5.3394E+0 -5.8550E+0
-5.3391E+0 -5.8540E+0
-5.3388E+0 -5.8560E+0
-5.3385E+0 -5.8540E+0
-5.3382E+0 -5.8550E+0
-5.3379E+0 -5.8550E+0
-5.3376E+0 -5.8610E+0
-5.3373E+0 -5.8540E+0
-5.3370E+0 -5.8540E+0
-5.3367E+0 -5.8520E+0
-5.3364E+0 -5.8540E+0
-5.3361E+0 -5.8520E+0
-5.3358E+0 -5.8520E+0
-5.3355E+0 -5.8490E+0
-5.3352E+0 -5.8530E+0
-5.3349E+0 -5.8490E+0
-5.3346E+0 -5.8510E+0
-5.3343E+0 -5.8510E+0
-5.3340E+0 -5.8500E+0
-5.3337E+0 -5.8480E+0
-5.3334E+0 -5.8480E+0
-5.3331E+0 -5.8460E+0
-5.3328E+0 -5.8520E+0
-5.3325E+0 -5.8460E+0
-5.3322E+0 -5.8470E+0
-5.3319E+0 -5.8470E+0
-5.3316E+0 -5.8500E+0
-5.3313E+0 -5.8490E+0
-5.3310E+0 -5.8490E+0
-5.3307E+0 -5.8460E+0
-5.3304E+0 -5.8500E+0
-5.3301E+0 -5.8440E+0
-5.3298E+0 -5.8460E+0
-5.3295E+0 -5.8450E+0
-5.3292E+0 -5.8460E+0
-5.3289E+0 -5.8430E+0
-5.3286E+0 -5.8440E+0
-5.3283E+0 -5.8440E+0
-5.3280E+0 -5.8500E+0
-5.3277E+0 -5.8430E+0
-5.3274E+0 -5.8440E+0
-5.3271E+0 -5.8420E+0
-5.3268E+0 -5.8450E+0
-5.3265E+0 -5.8440E+0
-5.3262E+0 -5.8440E+0
-5.3259E+0 -5.8420E+0
-5.3256E+0 -5.8470E+0
-5.3253E+0 -5.8430E+0
-5.3250E+0 -5.8460E+0
-5.3247E+0 -5.8530E+0
-5.3244E+0 -5.8520E+0
-5.3241E+0 -5.8490E+0
-5.3238E+0 -5.8480E+0
-5.3235E+0 -5.8470E+0
-5.3232E+0 -5.8520E+0
-5.3229E+0 -5.8450E+0
-5.3226E+0 -5.8450E+0
-5.3223E+0 -5.8440E+0
-5.3220E+0 -5.8460E+0
-5.3217E+0 -5.8450E+0
-5.3214E+0 -5.8450E+0
-5.3211E+0 -5.8410E+0
-5.3208E+0 -5.8450E+0
-5.3205E+0 -5.8420E+0
-5.3202E+0 -5.8420E+0
-5.3199E+0 -5.8410E+0
-5.3196E+0 -5.8420E+0
-5.3193E+0 -5.8390E+0
-5.3190E+0 -5.8400E+0
-5.3187E+0 -5.8390E+0
-5.3184E+0 -5.8460E+0
-5.3181E+0 -5.8380E+0
-5.3178E+0 -5.8380E+0
-5.3175E+0 -5.8360E+0
-5.3172E+0 -5.8380E+0
-5.3169E+0 -5.8360E+0
-5.3166E+0 -5.8360E+0
-5.3163E+0 -5.8330E+0
-5.3160E+0 -5.8370E+0
-5.3157E+0 -5.8330E+0
-5.3154E+0 -5.8350E+0
-5.3151E+0 -5.8350E+0
-5.3148E+0 -5.8350E+0
-5.3145E+0 -5.8320E+0
-5.3142E+0 -5.8320E+0
-5.3139E+0 -5.8300E+0
-5.3136E+0 -5.8360E+0
-5.3133E+0 -5.8300E+0
-5.3130E+0 -5.8310E+0
-5.3127E+0 -5.8310E+0
-5.3124E+0 -5.8340E+0
-5.3121E+0 -5.8330E+0
-5.3118E+0 -5.8330E+0
-5.3115E+0 -5.8290E+0
-5.3112E+0 -5.8330E+0
-5.3109E+0 -5.8270E+0
-5.3106E+0 -5.8290E+0
-5.3103E+0 -5.8280E+0
-5.3100E+0 -5.8280E+0
-5.3097E+0 -5.8250E+0
-5.3094E+0 -5.8260E+0
-5.3091E+0 -5.8250E+0
-5.3088E+0 -5.8310E+0
-5.3085E+0 -5.8240E+0
-5.3082E+0 -5.8240E+0
-5.3079E+0 -5.8220E+0
-5.3076E+0 -5.8240E+0
-5.3073E+0 -5.8230E+0
-5.3070E+0 -5.8230E+0
-5.3067E+0 -5.8200E+0
-5.3064E+0 -5.8250E+0
-5.3061E+0 -5.8210E+0
-5.3058E+0 -5.8240E+0
-5.3055E+0 -5.8230E+0
-5.3052E+0 -5.8230E+0
-5.3049E+0 -5.8200E+0
-5.3046E+0 -5.8200E+0
-5.3043E+0 -5.8180E+0
-5.3040E+0 -5.8230E+0
-5.3037E+0 -5.8170E+0
-5.3034E+0 -5.8180E+0
-5.3031E+0 -5.8170E+0
-5.3028E+0 -5.8200E+0
-5.3025E+0 -5.8190E+0
-5.3022E+0 -5.8190E+0
-5.3019E+0 -5.8160E+0
-5.3016E+0 -5.8200E+0
-5.3013E+0 -5.8140E+0
-5.3010E+0 -5.8160E+0
-5.3007E+0 -5.8160E+0
-5.3004E+0 -5.8180E+0
-5.3001E+0 -5.8150E+0
-5.2998E+0 -5.8170E+0
-5.2995E+0 -5.8160E+0
-5.2992E+0 -5.8230E+0
-5.2989E+0 -5.8160E+0
-5.2986E+0 -5.8160E+0
-5.2983E+0 -5.8140E+0
-5.2980E+0 -5.8160E+0
-5.2977E+0 -5.8130E+0
-5.2974E+0 -5.8130E+0
-5.2971E+0 -5.8100E+0
-5.2968E+0 -5.8150E+0
-5.2965E+0 -5.8090E+0
-5.2962E+0 -5.8120E+0
-5.2959E+0 -5.8110E+0
-5.2956E+0 -5.8110E+0
-5.2953E+0 -5.8080E+0
-5.2950E+0 -5.8060E+0
-5.2947E+0 -5.8070E+0
-5.2944E+0 -5.8120E+0
-5.2941E+0 -5.8060E+0
-5.2938E+0 -5.8070E+0
-5.2935E+0 -5.8060E+0
-5.2932E+0 -5.8090E+0
-5.2929E+0 -5.8090E+0
-5.2926E+0 -5.8080E+0
-5.2923E+0 -5.8040E+0
-5.2920E+0 -5.8080E+0
-5.2917E+0 -5.8020E+0
-5.2914E+0 -5.8040E+0
-5.2911E+0 -5.8030E+0
-5.2908E+0 -5.8040E+0
-5.2905E+0 -5.8020E+0
-5.2902E+0 -5.8020E+0
-5.2899E+0 -5.8010E+0
-5.2896E+0 -5.8070E+0
-5.2893E+0 -5.8000E+0
-5.2890E+0 -5.8010E+0
-5.2887E+0 -5.7990E+0
-5.2884E+0 -5.8020E+0
-5.2881E+0 -5.8000E+0
-5.2878E+0 -5.8000E+0
-5.2875E+0 -5.7980E+0
-5.2872E+0 -5.8030E+0
-5.2869E+0 -5.7980E+0
-5.2866E+0 -5.8020E+0
-5.2863E+0 -5.8020E+0
-5.2860E+0 -5.8020E+0
-5.2857E+0 -5.7980E+0
-5.2854E+0 -5.7980E+0
-5.2851E+0 -5.7950E+0
-5.2848E+0 -5.8010E+0
-5.2845E+0 -5.7940E+0
-5.2842E+0 -5.7950E+0
-5.2839E+0 -5.7940E+0
-5.2836E+0 -5.7960E+0
-5.2833E+0 -5.7950E+0
-5.2830E+0 -5.7950E+0
-5.2827E+0 -5.7920E+0
-5.2824E+0 -5.7960E+0
-5.2821E+0 -5.7910E+0
-5.2818E+0 -5.7930E+0
-5.2815E+0 -5.7920E+0
-5.2812E+0 -5.7930E+0
-5.2809E+0 -5.7910E+0
-5.2806E+0 -5.7920E+0
-5.2803E+0 -5.7910E+0
-5.2800E+0 -5.7980E+0
-5.2797E+0 -5.7910E+0
-5.2794E+0 -5.7910E+0
-5.2791E+0 -5.7890E+0
-5.2788E+0 -5.7910E+0
-5.2785E+0 -5.7890E+0
-5.2782E+0 -5.7890E+0
-5.2779E+0 -5.7870E+0
-5.2776E+0 -5.7910E+0
-5.2773E+0 -5.7870E+0
-5.2770E+0 -5.7890E+0
-5.2767E+0 -5.7890E+0
-5.2764E+0 -5.7890E+0
-5.2761E+0 -5.7870E+0
-5.2758E+0 -5.7870E+0
-5.2755E+0 -5.7850E+0
-5.2752E+0 -5.7910E+0
-5.2749E+0 -5.7850E+0
-5.2746E+0 -5.7870E+0
-5.2743E+0 -5.7870E+0
-5.2740E+0 -5.7900E+0
-5.2737E+0 -5.7890E+0
-5.2734E+0 -5.7900E+0
-5.2731E+0 -5.7860E+0
-5.2728E+0 -5.7890E+0
-5.2725E+0 -5.7840E+0
-5.2722E+0 -5.7850E+0
-5.2719E+0 -5.7840E+0
-5.2716E+0 -5.7850E+0
-5.2713E+0 -5.7810E+0
-5.2710E+0 -5.7820E+0
-5.2707E+0 -5.7810E+0
-5.2704E+0 -5.7870E+0
-5.2701E+0 -5.7800E+0
-5.2698E+0 -5.7800E+0
-5.2695E+0 -5.7800E+0
-5.2692E+0 -5.7800E+0
-5.2689E+0 -5.7790E+0
-5.2686E+0 -5.7790E+0
-5.2683E+0 -5.7760E+0
-5.2680E+0 -5.7800E+0
-5.2677E+0 -5.7760E+0
-5.2674E+0 -5.7790E+0
-5.2671E+0 -5.7790E+0
-5.2668E+0 -5.7790E+0
-5.2665E+0 -5.7750E+0
-5.2662E+0 -5.7750E+0
-5.2659E+0 -5.7720E+0
-5.2656E+0 -5.7780E+0
-5.2653E+0 -5.7720E+0
-5.2650E+0 -5.7720E+0
-5.2647E+0 -5.7710E+0
-5.2644E+0 -5.7740E+0
-5.2641E+0 -5.7730E+0
-5.2638E+0 -5.7730E+0
-5.2635E+0 -5.7700E+0
-5.2632E+0 -5.7740E+0
-5.2629E+0 -5.7680E+0
-5.2626E+0 -5.7710E+0
-5.2623E+0 -5.7700E+0
-5.2620E+0 -5.7710E+0
-5.2617E+0 -5.7690E+0
-5.2614E+0 -5.7700E+0
-5.2611E+0 -5.7700E+0
-5.2608E+0 -5.7760E+0
-5.2605E+0 -5.7690E+0
-5.2602E+0 -5.7690E+0
-5.2599E+0 -5.7660E+0
-5.2596E+0 -5.7680E+0
-5.2593E+0 -5.7660E+0
-5.2590E+0 -5.7660E+0
-5.2587E+0 -5.7630E+0
-5.2584E+0 -5.7670E+0
-5.2581E+0 -5.7630E+0
-5.2578E+0 -5.7650E+0
-5.2575E+0 -5.7650E+0
-5.2572E+0 -5.7650E+0
-5.2569E+0 -5.7620E+0
-5.2566E+0 -5.7610E+0
-5.2563E+0 -5.7600E+0
-5.2560E+0 -5.7660E+0
-5.2557E+0 -5.7600E+0
-5.2554E+0 -5.7610E+0
-5.2551E+0 -5.7600E+0
-5.2548E+0 -5.7630E+0
-5.2545E+0 -5.7620E+0
-5.2542E+0 -5.7620E+0
-5.2539E+0 -5.7590E+0
-5.2536E+0 -5.7620E+0
-5.2533E+0 -5.7570E+0
-5.2530E+0 -5.7580E+0
-5.2527E+0 -5.7580E+0
-5.2524E+0 -5.7590E+0
-5.2521E+0 -5.7560E+0
-5.2518E+0 -5.7570E+0
-5.2515E+0 -5.7560E+0
-5.2512E+0 -5.7620E+0
-5.2509E+0 -5.7560E+0
-5.2506E+0 -5.7560E+0
-5.2503E+0 -5.7550E+0
-5.2500E+0 -5.7570E+0
-5.2497E+0 -5.7560E+0
-5.2494E+0 -5.7560E+0
-5.2491E+0 -5.7540E+0
-5.2488E+0 -5.7590E+0
-5.2485E+0 -5.7550E+0
-5.2482E+0 -5.7580E+0
-5.2479E+0 -5.7580E+0
-5.2476E+0 -5.7580E+0
-5.2473E+0 -5.7540E+0
-5.2470E+0 -5.7540E+0
-5.2467E+0 -5.7520E+0
-5.2464E+0 -5.7570E+0
-5.2461E+0 -5.7510E+0
-5.2458E+0 -5.7510E+0
-5.2455E+0 -5.7500E+0
-5.2452E+0 -5.7530E+0
-5.2449E+0 -5.7510E+0
-5.2446E+0 -5.7510E+0
-5.2443E+0 -5.7480E+0
-5.2440E+0 -5.7460E+0
-5.2437E+0 -5.7460E+0
-5.2434E+0 -5.7480E+0
-5.2431E+0 -5.7480E+0
-5.2428E+0 -5.7480E+0
-5.2425E+0 -5.7460E+0
-5.2422E+0 -5.7470E+0
-5.2419E+0 -5.7460E+0
-5.2416E+0 -5.7530E+0
-5.2413E+0 -5.7460E+0
-5.2410E+0 -5.7460E+0
-5.2407E+0 -5.7440E+0
-5.2404E+0 -5.7450E+0
-5.2401E+0 -5.7440E+0
-5.2398E+0 -5.7440E+0
-5.2395E+0 -5.7410E+0
-5.2392E+0 -5.7450E+0
-5.2389E+0 -5.7410E+0
-5.2386E+0 -5.7430E+0
-5.2383E+0 -5.7430E+0
-5.2380E+0 -5.7430E+0
-5.2377E+0 -5.7400E+0
-5.2374E+0 -5.7410E+0
-5.2371E+0 -5.7400E+0
-5.2368E+0 -5.7450E+0
-5.2365E+0 -5.7390E+0
-5.2362E+0 -5.7410E+0
-5.2359E+0 -5.7400E+0
-5.2356E+0 -5.7430E+0
-5.2353E+0 -5.7430E+0
-5.2350E+0 -5.7430E+0
-5.2347E+0 -5.7390E+0
-5.2344E+0 -5.7420E+0
-5.2341E+0 -5.7370E+0
-5.2338E+0 -5.7380E+0
-5.2335E+0 -5.7380E+0
-5.2332E+0 -5.7380E+0
-5.2329E+0 -5.7350E+0
-5.2326E+0 -5.7360E+0
-5.2323E+0 -5.7350E+0
-5.2320E+0 -5.7410E+0
-5.2317E+0 -5.7340E+0
-5.2314E+0 -5.7350E+0
-5.2311E+0 -5.7330E+0
-5.2308E+0 -5.7350E+0
-5.2305E+0 -5.7330E+0
-5.2302E+0 -5.7340E+0
-5.2299E+0 -5.7310E+0
-5.2296E+0 -5.7360E+0
-5.2293E+0 -5.7320E+0
-5.2290E+0 -5.7350E+0
-5.2287E+0 -5.7350E+0
-5.2284E+0 -5.7350E+0
-5.2281E+0 -5.7310E+0
-5.2278E+0 -5.7320E+0
-5.2275E+0 -5.7290E+0
-5.2272E+0 -5.7350E+0
-5.2269E+0 -5.7290E+0
-5.2266E+0 -5.7300E+0
-5.2263E+0 -5.7290E+0
-5.2260E+0 -5.7320E+0
-5.2257E+0 -5.7310E+0
-5.2254E+0 -5.7310E+0
-5.2251E+0 -5.7280E+0
-5.2248E+0 -5.7320E+0
-5.2245E+0 -5.7280E+0
-5.2242E+0 -5.7290E+0
-5.2239E+0 -5.7290E+0
-5.2236E+0 -5.7310E+0
-5.2233E+0 -5.7290E+0
-5.2230E+0 -5.7300E+0
-5.2227E+0 -5.7290E+0
-5.2224E+0 -5.7360E+0
-5.2221E+0 -5.7310E+0
-5.2218E+0 -5.7300E+0
-5.2215E+0 -5.7290E+0
-5.2212E+0 -5.7300E+0
-5.2209E+0 -5.7280E+0
-5.2206E+0 -5.7280E+0
-5.2203E+0 -5.7250E+0
-5.2200E+0 -5.7280E+0
-5.2197E+0 -5.7240E+0
-5.2194E+0 -5.7260E+0
-5.2191E+0 -5.7250E+0
-5.2188E+0 -5.7250E+0
-5.2185E+0 -5.7220E+0
-5.2182E+0 -5.7220E+0
-5.2179E+0 -5.7210E+0
-5.2176E+0 -5.7260E+0
-5.2173E+0 -5.7190E+0
-5.2170E+0 -5.7200E+0
-5.2167E+0 -5.7200E+0
-5.2164E+0 -5.7230E+0
-5.2161E+0 -5.7220E+0
-5.2158E+0 -5.7210E+0
-5.2155E+0 -5.7180E+0
-5.2152E+0 -5.7210E+0
-5.2149E+0 -5.7160E+0
-5.2146E+0 -5.7180E+0
-5.2143E+0 -5.7160E+0
-5.2140E+0 -5.7180E+0
-5.2137E+0 -5.7150E+0
-5.2134E+0 -5.7150E+0
-5.2131E+0 -5.7140E+0
-5.2128E+0 -5.7200E+0
-5.2125E+0 -5.7140E+0
-5.2122E+0 -5.7140E+0
-5.2119E+0 -5.7130E+0
-5.2116E+0 -5.7140E+0
-5.2113E+0 -5.7130E+0
-5.2110E+0 -5.7140E+0
-5.2107E+0 -5.7110E+0
-5.2104E+0 -5.7160E+0
-5.2101E+0 -5.7120E+0
-5.2098E+0 -5.7140E+0
-5.2095E+0 -5.7140E+0
-5.2092E+0 -5.7140E+0
-5.2089E+0 -5.7100E+0
-5.2086E+0 -5.7090E+0
-5.2083E+0 -5.7080E+0
-5.2080E+0 -5.7130E+0
-5.2077E+0 -5.7060E+0
-5.2074E+0 -5.7080E+0
-5.2071E+0 -5.7060E+0
-5.2068E+0 -5.7090E+0
-5.2065E+0 -5.7080E+0
-5.2062E+0 -5.7080E+0
-5.2059E+0 -5.7040E+0
-5.2056E+0 -5.7080E+0
-5.2053E+0 -5.7030E+0
-5.2050E+0 -5.7050E+0
-5.2047E+0 -5.7040E+0
-5.2044E+0 -5.7050E+0
-5.2041E+0 -5.7030E+0
-5.2038E+0 -5.7040E+0
-5.2035E+0 -5.7030E+0
-5.2032E+0 -5.7100E+0
-5.2029E+0 -5.7030E+0
-5.2026E+0 -5.7030E+0
-5.2023E+0 -5.7010E+0
-5.2020E+0 -5.7030E+0
-5.2017E+0 -5.7010E+0
-5.2014E+0 -5.7010E+0
-5.2011E+0 -5.6980E+0
-5.2008E+0 -5.7030E+0
-5.2005E+0 -5.6980E+0
-5.2002E+0 -5.7010E+0
-5.1999E+0 -5.7000E+0
-5.1996E+0 -5.7010E+0
-5.1993E+0 -5.6970E+0
-5.1990E+0 -5.6980E+0
-5.1987E+0 -5.6970E+0
-5.1984E+0 -5.7020E+0
-5.1981E+0 -5.6970E+0
-5.1978E+0 -5.6980E+0
-5.1975E+0 -5.6970E+0
-5.1972E+0 -5.7000E+0
-5.1969E+0 -5.7000E+0
-5.1966E+0 -5.7010E+0
-5.1963E+0 -5.6970E+0
-5.1960E+0 -5.7000E+0
-5.1957E+0 -5.6940E+0
-5.1954E+0 -5.6960E+0
-5.1951E+0 -5.6950E+0
-5.1948E+0 -5.6950E+0
-5.1945E+0 -5.6920E+0
-5.1942E+0 -5.6930E+0
-5.1939E+0 -5.6920E+0
-5.1936E+0 -5.6980E+0
-5.1933E+0 -5.6910E+0
-5.1930E+0 -5.6890E+0
-5.1927E+0 -5.6900E+0
-5.1924E+0 -5.6920E+0
-5.1921E+0 -5.6900E+0
-5.1918E+0 -5.6900E+0
-5.1915E+0 -5.6870E+0
-5.1912E+0 -5.6920E+0
-5.1909E+0 -5.6880E+0
-5.1906E+0 -5.6910E+0
-5.1903E+0 -5.6900E+0
-5.1900E+0 -5.6900E+0
-5.1897E+0 -5.6870E+0
-5.1894E+0 -5.6870E+0
-5.1891E+0 -5.6850E+0
-5.1888E+0 -5.6900E+0
-5.1885E+0 -5.6840E+0
-5.1882E+0 -5.6850E+0
-5.1879E+0 -5.6840E+0
-5.1876E+0 -5.6860E+0
-5.1873E+0 -5.6850E+0
-5.1870E+0 -5.6850E+0
-5.1867E+0 -5.6820E+0
-5.1864E+0 -5.6860E+0
-5.1861E+0 -5.6810E+0
-5.1858E+0 -5.6830E+0
-5.1855E+0 -5.6830E+0
-5.1852E+0 -5.6840E+0
-5.1849E+0 -5.6820E+0
-5.1846E+0 -5.6830E+0
-5.1843E+0 -5.6830E+0
-5.1840E+0 -5.6890E+0
-5.1837E+0 -5.6820E+0
-5.1834E+0 -5.6820E+0
-5.1831E+0 -5.6800E+0
-5.1828E+0 -5.6810E+0
-5.1825E+0 -5.6800E+0
-5.1822E+0 -5.6800E+0
-5.1819E+0 -5.6760E+0
-5.1816E+0 -5.6800E+0
-5.1813E+0 -5.6760E+0
-5.1810E+0 -5.6790E+0
-5.1807E+0 -5.6780E+0
-5.1804E+0 -5.6780E+0
-5.1801E+0 -5.6750E+0
-5.1798E+0 -5.6760E+0
-5.1795E+0 -5.6740E+0
-5.1792E+0 -5.6790E+0
-5.1789E+0 -5.6730E+0
-5.1786E+0 -5.6750E+0
-5.1783E+0 -5.6740E+0
-5.1780E+0 -5.6770E+0
-5.1777E+0 -5.6760E+0
-5.1774E+0 -5.6760E+0
-5.1771E+0 -5.6720E+0
-5.1768E+0 -5.6760E+0
-5.1765E+0 -5.6710E+0
-5.1762E+0 -5.6730E+0
-5.1759E+0 -5.6720E+0
-5.1756E+0 -5.6730E+0
-5.1753E+0 -5.6700E+0
-5.1750E+0 -5.6710E+0
-5.1747E+0 -5.6700E+0
-5.1744E+0 -5.6770E+0
-5.1741E+0 -5.6700E+0
-5.1738E+0 -5.6700E+0
-5.1735E+0 -5.6700E+0
-5.1732E+0 -5.6710E+0
-5.1729E+0 -5.6700E+0
-5.1726E+0 -5.6700E+0
-5.1723E+0 -5.6690E+0
-5.1720E+0 -5.6730E+0
-5.1717E+0 -5.6700E+0
-5.1714E+0 -5.6720E+0
-5.1711E+0 -5.6730E+0
-5.1708E+0 -5.6730E+0
-5.1705E+0 -5.6690E+0
-5.1702E+0 -5.6690E+0
-5.1699E+0 -5.6670E+0
-5.1696E+0 -5.6720E+0
-5.1693E+0 -5.6650E+0
-5.1690E+0 -5.6660E+0
-5.1687E+0 -5.6650E+0
-5.1684E+0 -5.6670E+0
-5.1681E+0 -5.6660E+0
-5.1678E+0 -5.6650E+0
-5.1675E+0 -5.6660E+0
-5.1672E+0 -5.6660E+0
-5.1669E+0 -5.6610E+0
-5.1666E+0 -5.6620E+0
-5.1663E+0 -5.6620E+0
-5.1660E+0 -5.6620E+0
-5.1657E+0 -5.6600E+0
-5.1654E+0 -5.6610E+0
-5.1651E+0 -5.6600E+0
-5.1648E+0 -5.6670E+0
-5.1645E+0 -5.6600E+0
-5.1642E+0 -5.6590E+0
-5.1639E+0 -5.6580E+0
-5.1636E+0 -5.6600E+0
-5.1633E+0 -5.6580E+0
-5.1630E+0 -5.6580E+0
-5.1627E+0 -5.6550E+0
-5.1624E+0 -5.6590E+0
-5.1621E+0 -5.6550E+0
-5.1618E+0 -5.6570E+0
-5.1615E+0 -5.6570E+0
-5.1612E+0 -5.6570E+0
-5.1609E+0 -5.6540E+0
-5.1606E+0 -5.6540E+0
-5.1603E+0 -5.6530E+0
-5.1600E+0 -5.6580E+0
-5.1597E+0 -5.6520E+0
-5.1594E+0 -5.6540E+0
-5.1591E+0 -5.6530E+0
-5.1588E+0 -5.6560E+0
-5.1585E+0 -5.6560E+0
-5.1582E+0 -5.6560E+0
-5.1579E+0 -5.6520E+0
-5.1576E+0 -5.6550E+0
-5.1573E+0 -5.6500E+0
-5.1570E+0 -5.6520E+0
-5.1567E+0 -5.6500E+0
-5.1564E+0 -5.6510E+0
-5.1561E+0 -5.6480E+0
-5.1558E+0 -5.6490E+0
-5.1555E+0 -5.6470E+0
-5.1552E+0 -5.6540E+0
-5.1549E+0 -5.6470E+0
-5.1546E+0 -5.6470E+0
-5.1543E+0 -5.6460E+0
-5.1540E+0 -5.6480E+0
-5.1537E+0 -5.6460E+0
-5.1534E+0 -5.6460E+0
-5.1531E+0 -5.6440E+0
-5.1528E+0 -5.6490E+0
-5.1525E+0 -5.6440E+0
-5.1522E+0 -5.6470E+0
-5.1519E+0 -5.6470E+0
-5.1516E+0 -5.6470E+0
-5.1513E+0 -5.6430E+0
-5.1510E+0 -5.6430E+0
-5.1507E+0 -5.6420E+0
-5.1504E+0 -5.6470E+0
-5.1501E+0 -5.6410E+0
-5.1498E+0 -5.6420E+0
-5.1495E+0 -5.6410E+0
-5.1492E+0 -5.6440E+0
-5.1489E+0 -5.6430E+0
-5.1486E+0 -5.6430E+0
-5.1483E+0 -5.6400E+0
-5.1480E+0 -5.6440E+0
-5.1477E+0 -5.6380E+0
-5.1474E+0 -5.6410E+0
-5.1471E+0 -5.6410E+0
-5.1468E+0 -5.6420E+0
-5.1465E+0 -5.6400E+0
-5.1462E+0 -5.6410E+0
-5.1459E+0 -5.6410E+0
-5.1456E+0 -5.6480E+0
-5.1453E+0 -5.6410E+0
-5.1450E+0 -5.6410E+0
-5.1447E+0 -5.6390E+0
-5.1444E+0 -5.6400E+0
-5.1441E+0 -5.6380E+0
-5.1438E+0 -5.6380E+0
-5.1435E+0 -5.6350E+0
-5.1432E+0 -5.6390E+0
-5.1429E+0 -5.6340E+0
-5.1426E+0 -5.6370E+0
-5.1423E+0 -5.6360E+0
-5.1420E+0 -5.6330E+0
-5.1417E+0 -5.6330E+0
-5.1414E+0 -5.6330E+0
-5.1411E+0 -5.6320E+0
-5.1408E+0 -5.6370E+0
-5.1405E+0 -5.6310E+0
-5.1402E+0 -5.6330E+0
-5.1399E+0 -5.6320E+0
-5.1396E+0 -5.6340E+0
-5.1393E+0 -5.6340E+0
-5.1390E+0 -5.6330E+0
-5.1387E+0 -5.6300E+0
-5.1384E+0 -5.6340E+0
-5.1381E+0 -5.6280E+0
-5.1378E+0 -5.6300E+0
-5.1375E+0 -5.6290E+0
-5.1372E+0 -5.6300E+0
-5.1369E+0 -5.6270E+0
-5.1366E+0 -5.6280E+0
-5.1363E+0 -5.6270E+0
-5.1360E+0 -5.6330E+0
-5.1357E+0 -5.6270E+0
-5.1354E+0 -5.6270E+0
-5.1351E+0 -5.6260E+0
-5.1348E+0 -5.6280E+0
-5.1345E+0 -5.6260E+0
-5.1342E+0 -1.2230E+0
-5.1339E+0 -5.6250E+0
-5.1336E+0 -5.6290E+0
-5.1333E+0 -5.6250E+0
-5.1330E+0 -5.6290E+0
-5.1327E+0 -5.6280E+0
-5.1324E+0 -5.6280E+0
-5.1321E+0 -5.6240E+0
-5.1318E+0 -5.6240E+0
-5.1315E+0 -5.6220E+0
-5.1312E+0 -5.6270E+0
-5.1309E+0 -5.6210E+0
-5.1306E+0 -5.6220E+0
-5.1303E+0 -5.6210E+0
-5.1300E+0 -5.6230E+0
-5.1297E+0 -5.6220E+0
-5.1294E+0 -5.6220E+0
-5.1291E+0 -5.6190E+0
-5.1288E+0 -5.6230E+0
-5.1285E+0 -5.6180E+0
-5.1282E+0 -5.6200E+0
-5.1279E+0 -5.6190E+0
-5.1276E+0 -5.6210E+0
-5.1273E+0 -5.6190E+0
-5.1270E+0 -5.6190E+0
-5.1267E+0 -5.6190E+0
-5.1264E+0 -5.6250E+0
-5.1261E+0 -5.6180E+0
-5.1258E+0 -5.6180E+0
-5.1255E+0 -5.6170E+0
-5.1252E+0 -5.6190E+0
-5.1249E+0 -5.6170E+0
-5.1246E+0 -5.6170E+0
-5.1243E+0 -5.6140E+0
-5.1240E+0 -5.6180E+0
-5.1237E+0 -5.6140E+0
-5.1234E+0 -5.6170E+0
-5.1231E+0 -5.6170E+0
-5.1228E+0 -5.6170E+0
-5.1225E+0 -5.6140E+0
-5.1222E+0 -5.6150E+0
-5.1219E+0 -5.6140E+0
-5.1216E+0 -5.6190E+0
-5.1213E+0 -5.6140E+0
-5.1210E+0 -5.6150E+0
-5.1207E+0 -5.6150E+0
-5.1204E+0 -5.6180E+0
-5.1201E+0 -5.6170E+0
-5.1198E+0 -5.6210E+0
-5.1195E+0 -5.6170E+0
-5.1192E+0 -5.6200E+0
-5.1189E+0 -5.6150E+0
-5.1186E+0 -5.6160E+0
-5.1183E+0 -5.6150E+0
-5.1180E+0 -5.6150E+0
-5.1177E+0 -5.6120E+0
-5.1174E+0 -5.6130E+0
-5.1171E+0 -5.6120E+0
-5.1168E+0 -5.6170E+0
-5.1165E+0 -5.6100E+0
-5.1162E+0 -5.6110E+0
-5.1159E+0 -5.6090E+0
-5.1156E+0 -5.6110E+0
-5.1153E+0 -5.6090E+0
-5.1150E+0 -5.6090E+0
-5.1147E+0 -5.6070E+0
-5.1144E+0 -5.6110E+0
-5.1141E+0 -5.6070E+0
-5.1138E+0 -5.6090E+0
-5.1135E+0 -5.6090E+0
-5.1132E+0 -5.6090E+0
-5.1129E+0 -5.6050E+0
-5.1126E+0 -5.6050E+0
-5.1123E+0 -5.6030E+0
-5.1120E+0 -5.6080E+0
-5.1117E+0 -5.6020E+0
-5.1114E+0 -5.6030E+0
-5.1111E+0 -5.6020E+0
-5.1108E+0 -5.6040E+0
-5.1105E+0 -5.6030E+0
-5.1102E+0 -5.6040E+0
-5.1099E+0 -5.6000E+0
-5.1096E+0 -5.6040E+0
-5.1093E+0 -5.5990E+0
-5.1090E+0 -5.6010E+0
-5.1087E+0 -5.6000E+0
-5.1084E+0 -5.6010E+0
-5.1081E+0 -5.5990E+0
-5.1078E+0 -5.6000E+0
-5.1075E+0 -5.6000E+0
-5.1072E+0 -5.6060E+0
-5.1069E+0 -5.5990E+0
-5.1066E+0 -5.5990E+0
-5.1063E+0 -5.5970E+0
-5.1060E+0 -5.5990E+0
-5.1057E+0 -5.5970E+0
-5.1054E+0 -5.5960E+0
-5.1051E+0 -5.5930E+0
-5.1048E+0 -5.5970E+0
-5.1045E+0 -5.5930E+0
-5.1042E+0 -5.5950E+0
-5.1039E+0 -5.5940E+0
-5.1036E+0 -5.5950E+0
-5.1033E+0 -5.5910E+0
-5.1030E+0 -5.5920E+0
-5.1027E+0 -5.5900E+0
-5.1024E+0 -5.5960E+0
-5.1021E+0 -5.5900E+0
-5.1018E+0 -5.5910E+0
-5.1015E+0 -5.5900E+0
-5.1012E+0 -5.5930E+0
-5.1009E+0 -5.5920E+0
-5.1006E+0 -5.5920E+0
-5.1003E+0 -5.5890E+0
-5.1000E+0 -5.5920E+0
-5.0997E+0 -5.5870E+0
-5.0994E+0 -5.5890E+0
-5.0991E+0 -5.5880E+0
-5.0988E+0 -5.5890E+0
-5.0985E+0 -5.5860E+0
-5.0982E+0 -5.5860E+0
-5.0979E+0 -5.5860E+0
-5.0976E+0 -5.5920E+0
-5.0973E+0 -5.5860E+0
-5.0970E+0 -5.5860E+0
-5.0967E+0 -5.5850E+0
-5.0964E+0 -5.5870E+0
-5.0961E+0 -5.5860E+0
-5.0958E+0 -5.5860E+0
-5.0955E+0 -5.5840E+0
-5.0952E+0 -5.5880E+0
-5.0949E+0 -5.5850E+0
-5.0946E+0 -5.5880E+0
-5.0943E+0 -5.5880E+0
-5.0940E+0 -5.5870E+0
-5.0937E+0 -5.5840E+0
-5.0934E+0 -5.5840E+0
-5.0931E+0 -5.5820E+0
-5.0928E+0 -5.5870E+0
-5.0925E+0 -5.5800E+0
-5.0922E+0 -5.5800E+0
-5.0919E+0 -5.5800E+0
-5.0916E+0 -5.5820E+0
-5.0913E+0 -5.5810E+0
-5.0910E+0 -5.5770E+0
-5.0907E+0 -5.5770E+0
-5.0904E+0 -5.5810E+0
-5.0901E+0 -5.5750E+0
-5.0898E+0 -5.5780E+0
-5.0895E+0 -5.5770E+0
-5.0892E+0 -5.5780E+0
-5.0889E+0 -5.5750E+0
-5.0886E+0 -5.5770E+0
-5.0883E+0 -5.5750E+0
-5.0880E+0 -5.5820E+0
-5.0877E+0 -5.5750E+0
-5.0874E+0 -5.5750E+0
-5.0871E+0 -5.5740E+0
-5.0868E+0 -5.5750E+0
-5.0865E+0 -5.5730E+0
-5.0862E+0 -5.5730E+0
-5.0859E+0 -5.5700E+0
-5.0856E+0 -5.5740E+0
-5.0853E+0 -5.5700E+0
-5.0850E+0 -5.5730E+0
-5.0847E+0 -5.5720E+0
-5.0844E+0 -5.5720E+0
-5.0841E+0 -5.5690E+0
-5.0838E+0 -5.5700E+0
-5.0835E+0 -5.5680E+0
-5.0832E+0 -5.5740E+0
-5.0829E+0 -5.5680E+0
-5.0826E+0 -5.5690E+0
-5.0823E+0 -5.5690E+0
-5.0820E+0 -5.5720E+0
-5.0817E+0 -5.5710E+0
-5.0814E+0 -5.5710E+0
-5.0811E+0 -5.5670E+0
-5.0808E+0 -5.5710E+0
-5.0805E+0 -5.5660E+0
-5.0802E+0 -5.5670E+0
-5.0799E+0 -5.5660E+0
-5.0796E+0 -5.5670E+0
-5.0793E+0 -5.5630E+0
-5.0790E+0 -5.5650E+0
-5.0787E+0 -5.5640E+0
-5.0784E+0 -5.5690E+0
-5.0781E+0 -5.5630E+0
-5.0778E+0 -5.5630E+0
-5.0775E+0 -5.5620E+0
-5.0772E+0 -5.5640E+0
-5.0769E+0 -5.5620E+0
-5.0766E+0 -5.5620E+0
-5.0763E+0 -5.5600E+0
-5.0760E+0 -5.5640E+0
-5.0757E+0 -5.5600E+0
-5.0754E+0 -5.5630E+0
-5.0751E+0 -5.5630E+0
-5.0748E+0 -5.5630E+0
-5.0745E+0 -5.5600E+0
-5.0742E+0 -5.5600E+0
-5.0739E+0 -5.5580E+0
-5.0736E+0 -5.5630E+0
-5.0733E+0 -5.5570E+0
-5.0730E+0 -5.5580E+0
-5.0727E+0 -5.5570E+0
-5.0724E+0 -5.5600E+0
-5.0721E+0 -5.5590E+0
-5.0718E+0 -5.5590E+0
-5.0715E+0 -5.5560E+0
-5.0712E+0 -5.5600E+0
-5.0709E+0 -5.5550E+0
-5.0706E+0 -5.5580E+0
-5.0703E+0 -5.5570E+0
-5.0700E+0 -5.5580E+0
-5.0697E+0 -5.5560E+0
-5.0694E+0 -5.5570E+0
-5.0691E+0 -5.5570E+0
-5.0688E+0 -5.5640E+0
-5.0685E+0 -5.5570E+0
-5.0682E+0 -5.5570E+0
-5.0679E+0 -5.5550E+0
-5.0676E+0 -5.5570E+0
-5.0673E+0 -5.5550E+0
-5.0670E+0 -5.5550E+0
-5.0667E+0 -5.5510E+0
-5.0664E+0 -5.5550E+0
-5.0661E+0 -5.5510E+0
-5.0658E+0 -5.5530E+0
-5.0655E+0 -5.5530E+0
-5.0652E+0 -5.5520E+0
-5.0649E+0 -5.5490E+0
-5.0646E+0 -5.5490E+0
-5.0643E+0 -5.5470E+0
-5.0640E+0 -5.5530E+0
-5.0637E+0 -5.5470E+0
-5.0634E+0 -5.5480E+0
-5.0631E+0 -5.5470E+0
-5.0628E+0 -5.5500E+0
-5.0625E+0 -5.5490E+0
-5.0622E+0 -5.5490E+0
-5.0619E+0 -5.5450E+0
-5.0616E+0 -5.5480E+0
-5.0613E+0 -5.5430E+0
-5.0610E+0 -5.5450E+0
-5.0607E+0 -5.5440E+0
-5.0604E+0 -5.5450E+0
-5.0601E+0 -5.5420E+0
-5.0598E+0 -5.5430E+0
-5.0595E+0 -5.5420E+0
-5.0592E+0 -5.5480E+0
-5.0589E+0 -5.5410E+0
-5.0586E+0 -5.5410E+0
-5.0583E+0 -5.5400E+0
-5.0580E+0 -5.5430E+0
-5.0577E+0 -5.5410E+0
-5.0574E+0 -5.5410E+0
-5.0571E+0 -5.5390E+0
-5.0568E+0 -5.5440E+0
-5.0565E+0 -5.5390E+0
-5.0562E+0 -5.5420E+0
-5.0559E+0 -5.5420E+0
-5.0556E+0 -5.5420E+0
-5.0553E+0 -5.5380E+0
-5.0550E+0 -5.5380E+0
-5.0547E+0 -5.5360E+0
-5.0544E+0 -5.5410E+0
-5.0541E+0 -5.5350E+0
-5.0538E+0 -5.5360E+0
-5.0535E+0 -5.5350E+0
-5.0532E+0 -5.5370E+0
-5.0529E+0 -5.5360E+0
-5.0526E+0 -5.5350E+0
-5.0523E+0 -5.5320E+0
-5.0520E+0 -5.5360E+0
-5.0517E+0 -5.5310E+0
-5.0514E+0 -5.5330E+0
-5.0511E+0 -5.5320E+0
-5.0508E+0 -5.5340E+0
-5.0505E+0 -5.5310E+0
-5.0502E+0 -5.5320E+0
-5.0499E+0 -5.5310E+0
-5.0496E+0 -5.5380E+0
-5.0493E+0 -5.5310E+0
-5.0490E+0 -5.5310E+0
-5.0487E+0 -5.5290E+0
-5.0484E+0 -5.5310E+0
-5.0481E+0 -5.5290E+0
-5.0478E+0 -5.5290E+0
-5.0475E+0 -5.5260E+0
-5.0472E+0 -5.5310E+0
-5.0469E+0 -5.5270E+0
-5.0466E+0 -5.5290E+0
-5.0463E+0 -5.5290E+0
-5.0460E+0 -5.5290E+0
-5.0457E+0 -5.5260E+0
-5.0454E+0 -5.5270E+0
-5.0451E+0 -5.5250E+0
-5.0448E+0 -5.5310E+0
-5.0445E+0 -5.5260E+0
-5.0442E+0 -5.5270E+0
-5.0439E+0 -5.5260E+0
-5.0436E+0 -5.5290E+0
-5.0433E+0 -5.5290E+0
-5.0430E+0 -5.5290E+0
-5.0427E+0 -5.5260E+0
-5.0424E+0 -5.5290E+0
-5.0421E+0 -5.5230E+0
-5.0418E+0 -5.5240E+0
-5.0415E+0 -5.5240E+0
-5.0412E+0 -5.5250E+0
-5.0409E+0 -5.5220E+0
-5.0406E+0 -5.5220E+0
-5.0403E+0 -5.5210E+0
-5.0400E+0 -5.5200E+0
-5.0397E+0 -5.5200E+0
-5.0394E+0 -5.5200E+0
-5.0391E+0 -5.5190E+0
-5.0388E+0 -5.5200E+0
-5.0385E+0 -5.5190E+0
-5.0382E+0 -5.5190E+0
-5.0379E+0 -5.5170E+0
-5.0376E+0 -5.5210E+0
-5.0373E+0 -5.5170E+0
-5.0370E+0 -5.5200E+0
-5.0367E+0 -5.5190E+0
-5.0364E+0 -5.5190E+0
-5.0361E+0 -5.5160E+0
-5.0358E+0 -5.5160E+0
-5.0355E+0 -5.5140E+0
-5.0352E+0 -5.5190E+0
-5.0349E+0 -5.5130E+0
-5.0346E+0 -5.5140E+0
-5.0343E+0 -5.5130E+0
-5.0340E+0 -5.5150E+0
-5.0337E+0 -5.5150E+0
-5.0334E+0 -5.5150E+0
-5.0331E+0 -5.5120E+0
-5.0328E+0 -5.5150E+0
-5.0325E+0 -5.5110E+0
-5.0322E+0 -5.5130E+0
-5.0319E+0 -5.5120E+0
-5.0316E+0 -5.5140E+0
-5.0313E+0 -5.5100E+0
-5.0310E+0 -5.5120E+0
-5.0307E+0 -5.5120E+0
-5.0304E+0 -5.5180E+0
-5.0301E+0 -5.5120E+0
-5.0298E+0 -5.5110E+0
-5.0295E+0 -5.5100E+0
-5.0292E+0 -5.5110E+0
-5.0289E+0 -5.5090E+0
-5.0286E+0 -5.5090E+0
-5.0283E+0 -5.5060E+0
-5.0280E+0 -5.5100E+0
-5.0277E+0 -5.5060E+0
-5.0274E+0 -5.5080E+0
-5.0271E+0 -5.5070E+0
-5.0268E+0 -5.5080E+0
-5.0265E+0 -5.5050E+0
-5.0262E+0 -5.5050E+0
-5.0259E+0 -5.5040E+0
-5.0256E+0 -5.5090E+0
-5.0253E+0 -5.5030E+0
-5.0250E+0 -5.5050E+0
-5.0247E+0 -5.5040E+0
-5.0244E+0 -5.5070E+0
-5.0241E+0 -5.5060E+0
-5.0238E+0 -5.5060E+0
-5.0235E+0 -5.5030E+0
-5.0232E+0 -5.5060E+0
-5.0229E+0 -5.5020E+0
-5.0226E+0 -5.5030E+0
-5.0223E+0 -5.5020E+0
-5.0220E+0 -5.5020E+0
-5.0217E+0 -5.5000E+0
-5.0214E+0 -5.5020E+0
-5.0211E+0 -5.5010E+0
-5.0208E+0 -5.5070E+0
-5.0205E+0 -5.5000E+0
-5.0202E+0 -5.5000E+0
-5.0199E+0 -5.5000E+0
-5.0196E+0 -5.5020E+0
-5.0193E+0 -5.5010E+0
-5.0190E+0 -5.5010E+0
-5.0187E+0 -5.4990E+0
-5.0184E+0 -5.5030E+0
-5.0181E+0 -5.5000E+0
-5.0178E+0 -5.5030E+0
-5.0175E+0 -5.5050E+0
-5.0172E+0 -5.5040E+0
-5.0169E+0 -5.5010E+0
-5.0166E+0 -5.5000E+0
-5.0163E+0 -5.4990E+0
-5.0160E+0 -5.5030E+0
-5.0157E+0 -5.4970E+0
-5.0154E+0 -5.4980E+0
-5.0151E+0 -5.4960E+0
-5.0148E+0 -5.4980E+0
-5.0145E+0 -5.4970E+0
-5.0142E+0 -5.4970E+0
-5.0139E+0 -5.4940E+0
-5.0136E+0 -5.4970E+0
-5.0133E+0 -5.4920E+0
-5.0130E+0 -5.4940E+0
-5.0127E+0 -5.4930E+0
-5.0124E+0 -5.4940E+0
-5.0121E+0 -5.4910E+0
-5.0118E+0 -5.4920E+0
-5.0115E+0 -5.4920E+0
-5.0112E+0 -5.4970E+0
-5.0109E+0 -5.4910E+0
-5.0106E+0 -5.4900E+0
-5.0103E+0 -5.4880E+0
-5.0100E+0 -5.4900E+0
-5.0097E+0 -3.8160E+0
-5.0094E+0 -5.4890E+0
-5.0091E+0 -5.4860E+0
-5.0088E+0 -5.4900E+0
-5.0085E+0 -5.4860E+0
-5.0082E+0 -5.4880E+0
-5.0079E+0 -5.4870E+0
-5.0076E+0 -5.4870E+0
-5.0073E+0 -5.4850E+0
-5.0070E+0 -5.4850E+0
-5.0067E+0 -5.4840E+0
-5.0064E+0 -5.4890E+0
-5.0061E+0 -5.4840E+0
-5.0058E+0 -5.4850E+0
-5.0055E+0 -5.4840E+0
-5.0052E+0 -5.4870E+0
-5.0049E+0 -5.4860E+0
-5.0046E+0 -5.4860E+0
-5.0043E+0 -5.4830E+0
-5.0040E+0 -5.4860E+0
-5.0037E+0 -5.4800E+0
-5.0034E+0 -5.4820E+0
-5.0031E+0 -5.4800E+0
-5.0028E+0 -5.4810E+0
-5.0025E+0 -5.4780E+0
-5.0022E+0 -5.4790E+0
-5.0019E+0 -5.4780E+0
-5.0016E+0 -5.4840E+0
-5.0013E+0 -5.4770E+0
-5.0010E+0 -5.4770E+0
-5.0007E+0 -5.4760E+0
-5.0004E+0 -5.4770E+0
-5.0001E+0 -5.4770E+0
-4.9998E+0 -5.4770E+0
-4.9995E+0 -5.4740E+0
-4.9992E+0 -5.4790E+0
-4.9989E+0 -5.4750E+0
-4.9986E+0 -5.4770E+0
-4.9983E+0 -5.4770E+0
-4.9980E+0 -5.4760E+0
-4.9977E+0 -5.4740E+0
-4.9974E+0 -5.4740E+0
-4.9971E+0 -5.4720E+0
-4.9968E+0 -5.4770E+0
-4.9965E+0 -5.4710E+0
-4.9962E+0 -5.4720E+0
-4.9959E+0 -5.4710E+0
-4.9956E+0 -5.4740E+0
-4.9953E+0 -5.4720E+0
-4.9950E+0 -5.4720E+0
-4.9947E+0 -5.4700E+0
-4.9944E+0 -5.4730E+0
-4.9941E+0 -5.4690E+0
-4.9938E+0 -5.4710E+0
-4.9935E+0 -5.4700E+0
-4.9932E+0 -5.4720E+0
-4.9929E+0 -5.4700E+0
-4.9926E+0 -5.4710E+0
-4.9923E+0 -5.4700E+0
-4.9920E+0 -5.4770E+0
-4.9917E+0 -5.4700E+0
-4.9914E+0 -5.4700E+0
-4.9911E+0 -5.4680E+0
-4.9908E+0 -5.4700E+0
-4.9905E+0 -5.4670E+0
-4.9902E+0 -5.4670E+0
-4.9899E+0 -5.4650E+0
-4.9896E+0 -5.4680E+0
-4.9893E+0 -5.4640E+0
-4.9890E+0 -5.4650E+0
-4.9887E+0 -5.4650E+0
-4.9884E+0 -5.4650E+0
-4.9881E+0 -5.4620E+0
-4.9878E+0 -5.4620E+0
-4.9875E+0 -5.4610E+0
-4.9872E+0 -5.4660E+0
-4.9869E+0 -5.4600E+0
-4.9866E+0 -5.4620E+0
-4.9863E+0 -5.4600E+0
-4.9860E+0 -5.4630E+0
-4.9857E+0 -5.4630E+0
-4.9854E+0 -5.4620E+0
-4.9851E+0 -5.4590E+0
-4.9848E+0 -5.4630E+0
-4.9845E+0 -5.4570E+0
-4.9842E+0 -5.4590E+0
-4.9839E+0 -5.4580E+0
-4.9836E+0 -5.4590E+0
-4.9833E+0 -5.4560E+0
-4.9830E+0 -5.4570E+0
-4.9827E+0 -5.4560E+0
-4.9824E+0 -5.4620E+0
-4.9821E+0 -5.4550E+0
-4.9818E+0 -5.4560E+0
-4.9815E+0 -5.4540E+0
-4.9812E+0 -5.4560E+0
-4.9809E+0 -5.4560E+0
-4.9806E+0 -5.4550E+0
-4.9803E+0 -5.4530E+0
-4.9800E+0 -5.4580E+0
-4.9797E+0 -5.4540E+0
-4.9794E+0 -5.4570E+0
-4.9791E+0 -5.4560E+0
-4.9788E+0 -5.4560E+0
-4.9785E+0 -5.4530E+0
-4.9782E+0 -5.4530E+0
-4.9779E+0 -5.4500E+0
-4.9776E+0 -5.4560E+0
-4.9773E+0 -5.4500E+0
-4.9770E+0 -5.4500E+0
-4.9767E+0 -5.4490E+0
-4.9764E+0 -5.4520E+0
-4.9761E+0 -5.4510E+0
-4.9758E+0 -5.4510E+0
-4.9755E+0 -5.4470E+0
-4.9752E+0 -5.4510E+0
-4.9749E+0 -5.4460E+0
-4.9746E+0 -5.4480E+0
-4.9743E+0 -5.4470E+0
-4.9740E+0 -5.4490E+0
-4.9737E+0 -5.4470E+0
-4.9734E+0 -5.4480E+0
-4.9731E+0 -5.4470E+0
-4.9728E+0 -5.4530E+0
-4.9725E+0 -5.4460E+0
-4.9722E+0 -5.4470E+0
-4.9719E+0 -5.4450E+0
-4.9716E+0 -5.4470E+0
-4.9713E+0 -5.4450E+0
-4.9710E+0 -5.4450E+0
-4.9707E+0 -5.4420E+0
-4.9704E+0 -5.4470E+0
-4.9701E+0 -5.4430E+0
-4.9698E+0 -5.4450E+0
-4.9695E+0 -5.4450E+0
-4.9692E+0 -5.4450E+0
-4.9689E+0 -5.4420E+0
-4.9686E+0 -5.4430E+0
-4.9683E+0 -5.4420E+0
-4.9680E+0 -5.4470E+0
-4.9677E+0 -5.4420E+0
-4.9674E+0 -5.4430E+0
-4.9671E+0 -5.4430E+0
-4.9668E+0 -5.4460E+0
-4.9665E+0 -5.4450E+0
-4.9662E+0 -5.4460E+0
-4.9659E+0 -5.4420E+0
-4.9656E+0 -5.4450E+0
-4.9653E+0 -5.4400E+0
-4.9650E+0 -5.4410E+0
-4.9647E+0 -5.4400E+0
-4.9644E+0 -5.4400E+0
-4.9641E+0 -5.4380E+0
-4.9638E+0 -5.4380E+0
-4.9635E+0 -5.4430E+0
-4.9632E+0 -5.4430E+0
-4.9629E+0 -5.4360E+0
-4.9626E+0 -5.4370E+0
-4.9623E+0 -5.4350E+0
-4.9620E+0 -5.4370E+0
-4.9617E+0 -5.4350E+0
-4.9614E+0 -5.4350E+0
-4.9611E+0 -5.4320E+0
-4.9608E+0 -5.4370E+0
-4.9605E+0 -5.4330E+0
-4.9602E+0 -5.4350E+0
-4.9599E+0 -5.4350E+0
-4.9596E+0 -5.4350E+0
-4.9593E+0 -5.4310E+0
-4.9590E+0 -5.4310E+0
-4.9587E+0 -5.4300E+0
-4.9584E+0 -5.4340E+0
-4.9581E+0 -5.4290E+0
-4.9578E+0 -5.4290E+0
-4.9575E+0 -5.4280E+0
-4.9572E+0 -5.4310E+0
-4.9569E+0 -5.4300E+0
-4.9566E+0 -5.4300E+0
-4.9563E+0 -5.4270E+0
-4.9560E+0 -5.4300E+0
-4.9557E+0 -5.4260E+0
-4.9554E+0 -5.4280E+0
-4.9551E+0 -5.4270E+0
-4.9548E+0 -5.4280E+0
-4.9545E+0 -5.4260E+0
-4.9542E+0 -5.4270E+0
-4.9539E+0 -5.4270E+0
-4.9536E+0 -5.4330E+0
-4.9533E+0 -5.4260E+0
-4.9530E+0 -5.4260E+0
-4.9527E+0 -5.4240E+0
-4.9524E+0 -5.4260E+0
-4.9521E+0 -5.4230E+0
-4.9518E+0 -5.4230E+0
-4.9515E+0 -5.4210E+0
-4.9512E+0 -5.4250E+0
-4.9509E+0 -5.4200E+0
-4.9506E+0 -5.4230E+0
-4.9503E+0 -5.4220E+0
-4.9500E+0 -5.4220E+0
-4.9497E+0 -5.4190E+0
-4.9494E+0 -5.4190E+0
-4.9491E+0 -5.4180E+0
-4.9488E+0 -5.4230E+0
-4.9485E+0 -5.4180E+0
-4.9482E+0 -5.4190E+0
-4.9479E+0 -5.4180E+0
-4.9476E+0 -5.4210E+0
-4.9473E+0 -5.4200E+0
-4.9470E+0 -5.4200E+0
-4.9467E+0 -5.4170E+0
-4.9464E+0 -5.4200E+0
-4.9461E+0 -5.4150E+0
-4.9458E+0 -5.4170E+0
-4.9455E+0 -5.4160E+0
-4.9452E+0 -5.4170E+0
-4.9449E+0 -5.4150E+0
-4.9446E+0 -5.4150E+0
-4.9443E+0 -5.4140E+0
-4.9440E+0 -5.4200E+0
-4.9437E+0 -5.4140E+0
-4.9434E+0 -5.4140E+0
-4.9431E+0 -5.4130E+0
-4.9428E+0 -5.4150E+0
-4.9425E+0 -5.4140E+0
-4.9422E+0 -5.4150E+0
-4.9419E+0 -5.4130E+0
-4.9416E+0 -5.4170E+0
-4.9413E+0 -5.4140E+0
-4.9410E+0 -5.4170E+0
-4.9407E+0 -5.4170E+0
-4.9404E+0 -5.4170E+0
-4.9401E+0 -5.4130E+0
-4.9398E+0 -5.4130E+0
-4.9395E+0 -5.4100E+0
-4.9392E+0 -5.4160E+0
-4.9389E+0 -5.4090E+0
-4.9386E+0 -5.4100E+0
-4.9383E+0 -5.4090E+0
-4.9380E+0 -5.4100E+0
-4.9377E+0 -5.4100E+0
-4.9374E+0 -5.4100E+0
-4.9371E+0 -5.4060E+0
-4.9368E+0 -5.4100E+0
-4.9365E+0 -5.4050E+0
-4.9362E+0 -5.4070E+0
-4.9359E+0 -5.4060E+0
-4.9356E+0 -5.4070E+0
-4.9353E+0 -5.4050E+0
-4.9350E+0 -5.4060E+0
-4.9347E+0 -5.4050E+0
-4.9344E+0 -5.4120E+0
-4.9341E+0 -5.4050E+0
-4.9338E+0 -5.4050E+0
-4.9335E+0 -5.4030E+0
-4.9332E+0 -5.4040E+0
-4.9329E+0 -5.4030E+0
-4.9326E+0 -5.4030E+0
-4.9323E+0 -5.4000E+0
-4.9320E+0 -5.4040E+0
-4.9317E+0 -5.4000E+0
-4.9314E+0 -5.4020E+0
-4.9311E+0 -5.4020E+0
-4.9308E+0 -5.4030E+0
-4.9305E+0 -5.3990E+0
-4.9302E+0 -5.3990E+0
-4.9299E+0 -5.3990E+0
-4.9296E+0 -5.4040E+0
-4.9293E+0 -5.3980E+0
-4.9290E+0 -5.4000E+0
-4.9287E+0 -5.3990E+0
-4.9284E+0 -5.4020E+0
-4.9281E+0 -5.4020E+0
-4.9278E+0 -5.4010E+0
-4.9275E+0 -5.3980E+0
-4.9272E+0 -5.4010E+0
-4.9269E+0 -5.3960E+0
-4.9266E+0 -5.3980E+0
-4.9263E+0 -5.3970E+0
-4.9260E+0 -5.3980E+0
-4.9257E+0 -5.3950E+0
-4.9254E+0 -5.3950E+0
-4.9251E+0 -5.3940E+0
-4.9248E+0 -5.4000E+0
-4.9245E+0 -5.3940E+0
-4.9242E+0 -5.3940E+0
-4.9239E+0 -5.3930E+0
-4.9236E+0 -5.3950E+0
-4.9233E+0 -5.3930E+0
-4.9230E+0 -5.3930E+0
-4.9227E+0 -5.3910E+0
-4.9224E+0 -5.3960E+0
-4.9221E+0 -5.3920E+0
-4.9218E+0 -5.3950E+0
-4.9215E+0 -5.3940E+0
-4.9212E+0 -5.3940E+0
-4.9209E+0 -5.3910E+0
-4.9206E+0 -5.3910E+0
-4.9203E+0 -5.3900E+0
-4.9200E+0 -5.3950E+0
-4.9197E+0 -5.3890E+0
-4.9194E+0 -5.3900E+0
-4.9191E+0 -5.3890E+0
-4.9188E+0 -5.3920E+0
-4.9185E+0 -5.3910E+0
-4.9182E+0 -5.3910E+0
-4.9179E+0 -5.3880E+0
-4.9176E+0 -5.3920E+0
-4.9173E+0 -5.3870E+0
-4.9170E+0 -5.3890E+0
-4.9167E+0 -5.3890E+0
-4.9164E+0 -5.3900E+0
-4.9161E+0 -1.0180E+0
-4.9158E+0 -5.3900E+0
-4.9155E+0 -5.3890E+0
-4.9152E+0 -5.3960E+0
-4.9149E+0 -5.4140E+0
-4.9146E+0 -5.4130E+0
-4.9143E+0 -5.4110E+0
-4.9140E+0 -5.4130E+0
-4.9137E+0 -5.4110E+0
-4.9134E+0 -5.4100E+0
-4.9131E+0 -5.4080E+0
-4.9128E+0 -5.4110E+0
-4.9125E+0 -5.4090E+0
-4.9122E+0 -5.4090E+0
-4.9119E+0 -5.4080E+0
-4.9116E+0 -5.4080E+0
-4.9113E+0 -5.4050E+0
-4.9110E+0 -5.4050E+0
-4.9107E+0 -5.4030E+0
-4.9104E+0 -5.4080E+0
-4.9101E+0 -5.4020E+0
-4.9098E+0 -5.4030E+0
-4.9095E+0 -5.4030E+0
-4.9092E+0 -5.4050E+0
-4.9089E+0 -5.4050E+0
-4.9086E+0 -5.4040E+0
-4.9083E+0 -5.4000E+0
-4.9080E+0 -5.4040E+0
-4.9077E+0 -5.3980E+0
-4.9074E+0 -5.4000E+0
-4.9071E+0 -5.3990E+0
-4.9068E+0 -5.4000E+0
-4.9065E+0 -5.3970E+0
-4.9062E+0 -5.3980E+0
-4.9059E+0 -5.3970E+0
-4.9056E+0 -5.4030E+0
-4.9053E+0 -5.3960E+0
-4.9050E+0 -5.3960E+0
-4.9047E+0 -5.3950E+0
-4.9044E+0 -5.3970E+0
-4.9041E+0 -5.3960E+0
-4.9038E+0 -5.3950E+0
-4.9035E+0 -5.3930E+0
-4.9032E+0 -5.3980E+0
-4.9029E+0 -5.3940E+0
-4.9026E+0 -5.3970E+0
-4.9023E+0 -5.3970E+0
-4.9020E+0 -5.3960E+0
-4.9017E+0 -5.3930E+0
-4.9014E+0 -5.3920E+0
-4.9011E+0 -5.3900E+0
-4.9008E+0 -5.3960E+0
-4.9005E+0 -5.3890E+0
-4.9002E+0 -5.3890E+0
-4.8999E+0 -5.3890E+0
-4.8996E+0 -5.3910E+0
-4.8993E+0 -5.3900E+0
-4.8990E+0 -5.3890E+0
-4.8987E+0 -5.3870E+0
-4.8984E+0 -5.3900E+0
-4.8981E+0 -5.3850E+0
-4.8978E+0 -5.3870E+0
-4.8975E+0 -5.3860E+0
-4.8972E+0 -5.3870E+0
-4.8969E+0 -5.3850E+0
-4.8966E+0 -5.3860E+0
-4.8963E+0 -5.3850E+0
-4.8960E+0 -5.3910E+0
-4.8957E+0 -5.3840E+0
-4.8954E+0 -5.3850E+0
-4.8951E+0 -5.3820E+0
-4.8948E+0 -5.3840E+0
-4.8945E+0 -5.3830E+0
-4.8942E+0 -5.3830E+0
-4.8939E+0 -5.3800E+0
-4.8936E+0 -5.3840E+0
-4.8933E+0 -5.3800E+0
-4.8930E+0 -5.3820E+0
-4.8927E+0 -5.3820E+0
-4.8924E+0 -5.3820E+0
-4.8921E+0 -5.3790E+0
-4.8918E+0 -5.3790E+0
-4.8915E+0 -5.3790E+0
-4.8912E+0 -5.3830E+0
-4.8909E+0 -5.3780E+0
-4.8906E+0 -5.3790E+0
-4.8903E+0 -5.3790E+0
-4.8900E+0 -5.3820E+0
-4.8897E+0 -5.3820E+0
-4.8894E+0 -5.3810E+0
-4.8891E+0 -5.3780E+0
-4.8888E+0 -5.3810E+0
-4.8885E+0 -5.3760E+0
-4.8882E+0 -5.3770E+0
-4.8879E+0 -5.3760E+0
-4.8876E+0 -5.3760E+0
-4.8873E+0 -5.3740E+0
-4.8870E+0 -5.3740E+0
-4.8867E+0 -5.3730E+0
-4.8864E+0 -5.3790E+0
-4.8861E+0 -5.3720E+0
-4.8858E+0 -5.3720E+0
-4.8855E+0 -5.3710E+0
-4.8852E+0 -5.3730E+0
-4.8849E+0 -5.3710E+0
-4.8846E+0 -5.3710E+0
-4.8843E+0 -5.3690E+0
-4.8840E+0 -5.3730E+0
-4.8837E+0 -5.3690E+0
-4.8834E+0 -5.3710E+0
-4.8831E+0 -5.3710E+0
-4.8828E+0 -5.3710E+0
-4.8825E+0 -5.3670E+0
-4.8822E+0 -5.3680E+0
-4.8819E+0 -5.3650E+0
-4.8816E+0 -5.3710E+0
-4.8813E+0 -5.3640E+0
-4.8810E+0 -5.3650E+0
-4.8807E+0 -5.3640E+0
-4.8804E+0 -5.3670E+0
-4.8801E+0 -5.3660E+0
-4.8798E+0 -5.3660E+0
-4.8795E+0 -5.3630E+0
-4.8792E+0 -5.3670E+0
-4.8789E+0 -5.3620E+0
-4.8786E+0 -5.3640E+0
-4.8783E+0 -5.3630E+0
-4.8780E+0 -5.3650E+0
-4.8777E+0 -5.3620E+0
-4.8774E+0 -5.3630E+0
-4.8771E+0 -5.3630E+0
-4.8768E+0 -5.3690E+0
-4.8765E+0 -5.3630E+0
-4.8762E+0 -5.3620E+0
-4.8759E+0 -5.3600E+0
-4.8756E+0 -5.3620E+0
-4.8753E+0 -5.3600E+0
-4.8750E+0 -5.3600E+0
-4.8747E+0 -5.3570E+0
-4.8744E+0 -5.3610E+0
-4.8741E+0 -5.3570E+0
-4.8738E+0 -5.3590E+0
-4.8735E+0 -5.3590E+0
-4.8732E+0 -5.3580E+0
-4.8729E+0 -5.3550E+0
-4.8726E+0 -5.3550E+0
-4.8723E+0 -5.3540E+0
-4.8720E+0 -5.3590E+0
-4.8717E+0 -5.3530E+0
-4.8714E+0 -5.3550E+0
-4.8711E+0 -5.3540E+0
-4.8708E+0 -5.3570E+0
-4.8705E+0 -5.3560E+0
-4.8702E+0 -5.3560E+0
-4.8699E+0 -5.3530E+0
-4.8696E+0 -5.3560E+0
-4.8693E+0 -5.3510E+0
-4.8690E+0 -5.3530E+0
-4.8687E+0 -5.3520E+0
-4.8684E+0 -5.3530E+0
-4.8681E+0 -5.3500E+0
-4.8678E+0 -5.3510E+0
-4.8675E+0 -5.3510E+0
-4.8672E+0 -5.3560E+0
-4.8669E+0 -5.3500E+0
-4.8666E+0 -5.3510E+0
-4.8663E+0 -5.3490E+0
-4.8660E+0 -5.3510E+0
-4.8657E+0 -5.3500E+0
-4.8654E+0 -5.3500E+0
-4.8651E+0 -5.3480E+0
-4.8648E+0 -5.3530E+0
-4.8645E+0 -5.3490E+0
-4.8642E+0 -5.3520E+0
-4.8639E+0 -5.3530E+0
-4.8636E+0 -5.3520E+0
-4.8633E+0 -5.3490E+0
-4.8630E+0 -5.3490E+0
-4.8627E+0 -5.3460E+0
-4.8624E+0 -5.3510E+0
-4.8621E+0 -5.3440E+0
-4.8618E+0 -5.3450E+0
-4.8615E+0 -5.3460E+0
-4.8612E+0 -5.3460E+0
-4.8609E+0 -5.3450E+0
-4.8606E+0 -5.3450E+0
-4.8603E+0 -5.3410E+0
-4.8600E+0 -5.3450E+0
-4.8597E+0 -5.3400E+0
-4.8594E+0 -5.3420E+0
-4.8591E+0 -5.3410E+0
-4.8588E+0 -5.3420E+0
-4.8585E+0 -5.3390E+0
-4.8582E+0 -5.3410E+0
-4.8579E+0 -5.3400E+0
-4.8576E+0 -5.3460E+0
-4.8573E+0 -5.3390E+0
-4.8570E+0 -5.3390E+0
-4.8567E+0 -5.3370E+0
-4.8564E+0 -5.3390E+0
-4.8561E+0 -5.3360E+0
-4.8558E+0 -5.3370E+0
-4.8555E+0 -5.3340E+0
-4.8552E+0 -5.3380E+0
-4.8549E+0 -5.3340E+0
-4.8546E+0 -5.3360E+0
-4.8543E+0 -5.3350E+0
-4.8540E+0 -5.3360E+0
-4.8537E+0 -5.3330E+0
-4.8534E+0 -5.3330E+0
-4.8531E+0 -5.3320E+0
-4.8528E+0 -5.3370E+0
-4.8525E+0 -5.3310E+0
-4.8522E+0 -5.3320E+0
-4.8519E+0 -5.3320E+0
-4.8516E+0 -5.3350E+0
-4.8513E+0 -5.3340E+0
-4.8510E+0 -5.3340E+0
-4.8507E+0 -5.3310E+0
-4.8504E+0 -5.3330E+0
-4.8501E+0 -5.3280E+0
-4.8498E+0 -5.3300E+0
-4.8495E+0 -5.3290E+0
-4.8492E+0 -5.3290E+0
-4.8489E+0 -5.3270E+0
-4.8486E+0 -5.3270E+0
-4.8483E+0 -5.3260E+0
-4.8480E+0 -5.3320E+0
-4.8477E+0 -5.3250E+0
-4.8474E+0 -5.3260E+0
-4.8471E+0 -5.3240E+0
-4.8468E+0 -5.3260E+0
-4.8465E+0 -5.3240E+0
-4.8462E+0 -5.3240E+0
-4.8459E+0 -5.3220E+0
-4.8456E+0 -5.3260E+0
-4.8453E+0 -5.3230E+0
-4.8450E+0 -5.3250E+0
-4.8447E+0 -5.3250E+0
-4.8444E+0 -5.3250E+0
-4.8441E+0 -5.3220E+0
-4.8438E+0 -5.3220E+0
-4.8435E+0 -5.3200E+0
-4.8432E+0 -5.3250E+0
-4.8429E+0 -5.3190E+0
-4.8426E+0 -5.3200E+0
-4.8423E+0 -5.3190E+0
-4.8420E+0 -5.3220E+0
-4.8417E+0 -5.3210E+0
-4.8414E+0 -5.3210E+0
-4.8411E+0 -5.3180E+0
-4.8408E+0 -5.3210E+0
-4.8405E+0 -5.3160E+0
-4.8402E+0 -5.3190E+0
-4.8399E+0 -5.3180E+0
-4.8396E+0 -5.3190E+0
-4.8393E+0 -5.3180E+0
-4.8390E+0 -5.3190E+0
-4.8387E+0 -5.3180E+0
-4.8384E+0 -5.3240E+0
-4.8381E+0 -5.3190E+0
-4.8378E+0 -5.3180E+0
-4.8375E+0 -5.3160E+0
-4.8372E+0 -5.3180E+0
-4.8369E+0 -5.3150E+0
-4.8366E+0 -5.3150E+0
-4.8363E+0 -5.3130E+0
-4.8360E+0 -5.3120E+0
-4.8357E+0 -5.3110E+0
-4.8354E+0 -5.3140E+0
-4.8351E+0 -5.3130E+0
-4.8348E+0 -5.3140E+0
-4.8345E+0 -5.3100E+0
-4.8342E+0 -5.3110E+0
-4.8339E+0 -5.3090E+0
-4.8336E+0 -5.3140E+0
-4.8333E+0 -5.3090E+0
-4.8330E+0 -5.3100E+0
-4.8327E+0 -5.3090E+0
-4.8324E+0 -5.3110E+0
-4.8321E+0 -5.3110E+0
-4.8318E+0 -5.3100E+0
-4.8315E+0 -5.3070E+0
-4.8312E+0 -5.3100E+0
-4.8309E+0 -5.3050E+0
-4.8306E+0 -5.3070E+0
-4.8303E+0 -5.3060E+0
-4.8300E+0 -5.3070E+0
-4.8297E+0 -5.3050E+0
-4.8294E+0 -5.3050E+0
-4.8291E+0 -5.3040E+0
-4.8288E+0 -5.3100E+0
-4.8285E+0 -5.3040E+0
-4.8282E+0 -5.3040E+0
-4.8279E+0 -5.3030E+0
-4.8276E+0 -5.3050E+0
-4.8273E+0 -5.3030E+0
-4.8270E+0 -5.3040E+0
-4.8267E+0 -5.3010E+0
-4.8264E+0 -5.3060E+0
-4.8261E+0 -5.3030E+0
-4.8258E+0 -5.3050E+0
-4.8255E+0 -5.3050E+0
-4.8252E+0 -5.3040E+0
-4.8249E+0 -5.3010E+0
-4.8246E+0 -5.3010E+0
-4.8243E+0 -5.2990E+0
-4.8240E+0 -5.3030E+0
-4.8237E+0 -5.2980E+0
-4.8234E+0 -5.2980E+0
-4.8231E+0 -5.2970E+0
-4.8228E+0 -5.3000E+0
-4.8225E+0 -5.2990E+0
-4.8222E+0 -5.2990E+0
-4.8219E+0 -5.2960E+0
-4.8216E+0 -5.3000E+0
-4.8213E+0 -5.2950E+0
-4.8210E+0 -5.2960E+0
-4.8207E+0 -5.2950E+0
-4.8204E+0 -5.2960E+0
-4.8201E+0 -5.2950E+0
-4.8198E+0 -5.2950E+0
-4.8195E+0 -5.2950E+0
-4.8192E+0 -5.3010E+0
-4.8189E+0 -5.2950E+0
-4.8186E+0 -5.2940E+0
-4.8183E+0 -5.2920E+0
-4.8180E+0 -5.2940E+0
-4.8177E+0 -5.2930E+0
-4.8174E+0 -5.2930E+0
-4.8171E+0 -5.2910E+0
-4.8168E+0 -5.2950E+0
-4.8165E+0 -5.2910E+0
-4.8162E+0 -5.2930E+0
-4.8159E+0 -5.2930E+0
-4.8156E+0 -5.2930E+0
-4.8153E+0 -5.2900E+0
-4.8150E+0 -5.2910E+0
-4.8147E+0 -5.2900E+0
-4.8144E+0 -5.2950E+0
-4.8141E+0 -5.2900E+0
-4.8138E+0 -5.2910E+0
-4.8135E+0 -5.2910E+0
-4.8132E+0 -5.2930E+0
-4.8129E+0 -5.2930E+0
-4.8126E+0 -5.2940E+0
-4.8123E+0 -5.2910E+0
-4.8120E+0 -5.2940E+0
-4.8117E+0 -5.2890E+0
-4.8114E+0 -5.2900E+0
-4.8111E+0 -5.2880E+0
-4.8108E+0 -5.2890E+0
-4.8105E+0 -5.2870E+0
-4.8102E+0 -5.2870E+0
-4.8099E+0 -5.2860E+0
-4.8096E+0 -5.2910E+0
-4.8093E+0 -5.2840E+0
-4.8090E+0 -5.2840E+0
-4.8087E+0 -5.2830E+0
-4.8084E+0 -5.2840E+0
-4.8081E+0 -5.2830E+0
-4.8078E+0 -5.2830E+0
-4.8075E+0 -5.2810E+0
-4.8072E+0 -5.2850E+0
-4.8069E+0 -5.2810E+0
-4.8066E+0 -5.2830E+0
-4.8063E+0 -5.2830E+0
-4.8060E+0 -5.2830E+0
-4.8057E+0 -5.2790E+0
-4.8054E+0 -5.2800E+0
-4.8051E+0 -5.2780E+0
-4.8048E+0 -5.2820E+0
-4.8045E+0 -5.2770E+0
-4.8042E+0 -5.2770E+0
-4.8039E+0 -5.2760E+0
-4.8036E+0 -5.2780E+0
-4.8033E+0 -5.2780E+0
-4.8030E+0 -5.2770E+0
-4.8027E+0 -5.2740E+0
-4.8024E+0 -5.2780E+0
-4.8021E+0 -5.2730E+0
-4.8018E+0 -5.2750E+0
-4.8015E+0 -5.2750E+0
-4.8012E+0 -5.2760E+0
-4.8009E+0 -5.2730E+0
-4.8006E+0 -5.2740E+0
-4.8003E+0 -5.2740E+0
-4.8000E+0 -5.2800E+0
-4.7997E+0 -5.2730E+0
-4.7994E+0 -5.2730E+0
-4.7991E+0 -5.2710E+0
-4.7988E+0 -5.2720E+0
-4.7985E+0 -5.2710E+0
-4.7982E+0 -5.2700E+0
-4.7979E+0 -5.2680E+0
-4.7976E+0 -5.2720E+0
-4.7973E+0 -5.2680E+0
-4.7970E+0 -5.2700E+0
-4.7967E+0 -5.2690E+0
-4.7964E+0 -5.2690E+0
-4.7961E+0 -5.2660E+0
-4.7958E+0 -5.2660E+0
-4.7955E+0 -5.2650E+0
-4.7952E+0 -5.2700E+0
-4.7949E+0 -5.2640E+0
-4.7946E+0 -5.2650E+0
-4.7943E+0 -5.2650E+0
-4.7940E+0 -5.2670E+0
-4.7937E+0 -5.2660E+0
-4.7934E+0 -5.2660E+0
-4.7931E+0 -5.2630E+0
-4.7928E+0 -5.2660E+0
-4.7925E+0 -5.2620E+0
-4.7922E+0 -5.2630E+0
-4.7919E+0 -5.2620E+0
-4.7916E+0 -5.2630E+0
-4.7913E+0 -5.2600E+0
-4.7910E+0 -5.2610E+0
-4.7907E+0 -5.2600E+0
-4.7904E+0 -5.2660E+0
-4.7901E+0 -5.2600E+0
-4.7898E+0 -5.2600E+0
-4.7895E+0 -5.2590E+0
-4.7892E+0 -5.2610E+0
-4.7889E+0 -5.2600E+0
-4.7886E+0 -5.2600E+0
-4.7883E+0 -5.2580E+0
-4.7880E+0 -5.2620E+0
-4.7877E+0 -5.2590E+0
-4.7874E+0 -5.2610E+0
-4.7871E+0 -5.2620E+0
-4.7868E+0 -5.2620E+0
-4.7865E+0 -5.2580E+0
-4.7862E+0 -5.2570E+0
-4.7859E+0 -5.2560E+0
-4.7856E+0 -5.2600E+0
-4.7853E+0 -5.2540E+0
-4.7850E+0 -5.2530E+0
-4.7847E+0 -5.2540E+0
-4.7844E+0 -5.2560E+0
-4.7841E+0 -5.2550E+0
-4.7838E+0 -5.2540E+0
-4.7835E+0 -5.2510E+0
-4.7832E+0 -5.2550E+0
-4.7829E+0 -5.2500E+0
-4.7826E+0 -5.2520E+0
-4.7823E+0 -5.2510E+0
-4.7820E+0 -5.2520E+0
-4.7817E+0 -5.2500E+0
-4.7814E+0 -5.2510E+0
-4.7811E+0 -5.2500E+0
-4.7808E+0 -5.2550E+0
-4.7805E+0 -5.2490E+0
-4.7802E+0 -5.2490E+0
-4.7799E+0 -5.2470E+0
-4.7796E+0 -5.2490E+0
-4.7793E+0 -5.2470E+0
-4.7790E+0 -5.2470E+0
-4.7787E+0 -5.2450E+0
-4.7784E+0 -5.2490E+0
-4.7781E+0 -5.2440E+0
-4.7778E+0 -5.2460E+0
-4.7775E+0 -5.2460E+0
-4.7772E+0 -5.2460E+0
-4.7769E+0 -5.2440E+0
-4.7766E+0 -5.2440E+0
-4.7763E+0 -5.2420E+0
-4.7760E+0 -5.2480E+0
-4.7757E+0 -5.2420E+0
-4.7754E+0 -5.2430E+0
-4.7751E+0 -5.2430E+0
-4.7748E+0 -5.2460E+0
-4.7745E+0 -5.2450E+0
-4.7742E+0 -5.2450E+0
-4.7739E+0 -5.2410E+0
-4.7736E+0 -5.2450E+0
-4.7733E+0 -5.2400E+0
-4.7730E+0 -5.2410E+0
-4.7727E+0 -5.2400E+0
-4.7724E+0 -5.2410E+0
-4.7721E+0 -5.2380E+0
-4.7718E+0 -5.2390E+0
-4.7715E+0 -5.2370E+0
-4.7712E+0 -5.2430E+0
-4.7709E+0 -5.2370E+0
-4.7706E+0 -5.2370E+0
-4.7703E+0 -5.2360E+0
-4.7700E+0 -5.2380E+0
-4.7697E+0 -5.2360E+0
-4.7694E+0 -5.2360E+0
-4.7691E+0 -5.2340E+0
-4.7688E+0 -5.2380E+0
-4.7685E+0 -5.2350E+0
-4.7682E+0 -5.2370E+0
-4.7679E+0 -5.2360E+0
-4.7676E+0 -5.2370E+0
-4.7673E+0 -5.2340E+0
-4.7670E+0 -5.2330E+0
-4.7667E+0 -5.2320E+0
-4.7664E+0 -5.2370E+0
-4.7661E+0 -5.2310E+0
-4.7658E+0 -5.2320E+0
-4.7655E+0 -5.2310E+0
-4.7652E+0 -5.2330E+0
-4.7649E+0 -5.2330E+0
-4.7646E+0 -5.2330E+0
-4.7643E+0 -5.2300E+0
-4.7640E+0 -5.2330E+0
-4.7637E+0 -5.2290E+0
-4.7634E+0 -5.2310E+0
-4.7631E+0 -5.2310E+0
-4.7628E+0 -5.2320E+0
-4.7625E+0 -5.2300E+0
-4.7622E+0 -5.2310E+0
-4.7619E+0 -5.2310E+0
-4.7616E+0 -5.2370E+0
-4.7613E+0 -5.2310E+0
-4.7610E+0 -5.2310E+0
-4.7607E+0 -5.2290E+0
-4.7604E+0 -5.2300E+0
-4.7601E+0 -5.2280E+0
-4.7598E+0 -5.2280E+0
-4.7595E+0 -5.2290E+0
-4.7592E+0 -5.2290E+0
-4.7589E+0 -5.2240E+0
-4.7586E+0 -5.2270E+0
-4.7583E+0 -5.2260E+0
-4.7580E+0 -5.2260E+0
-4.7577E+0 -5.2230E+0
-4.7574E+0 -5.2230E+0
-4.7571E+0 -5.2210E+0
-4.7568E+0 -5.2260E+0
-4.7565E+0 -5.2210E+0
-4.7562E+0 -5.2210E+0
-4.7559E+0 -5.2210E+0
-4.7556E+0 -5.2230E+0
-4.7553E+0 -1.3380E+0
-4.7550E+0 -5.2230E+0
-4.7547E+0 -5.2190E+0
-4.7544E+0 -5.2220E+0
-4.7541E+0 -5.2170E+0
-4.7538E+0 -5.2190E+0
-4.7535E+0 -5.2180E+0
-4.7532E+0 -5.2190E+0
-4.7529E+0 -5.2160E+0
-4.7526E+0 -5.2170E+0
-4.7523E+0 -5.2150E+0
-4.7520E+0 -5.2210E+0
-4.7517E+0 -5.2150E+0
-4.7514E+0 -5.2150E+0
-4.7511E+0 -5.2140E+0
-4.7508E+0 -5.2160E+0
-4.7505E+0 -5.2150E+0
-4.7502E+0 -5.2150E+0
-4.7499E+0 -5.2130E+0
-4.7496E+0 -5.2170E+0
-4.7493E+0 -5.2140E+0
-4.7490E+0 -5.2160E+0
-4.7487E+0 -5.2160E+0
-4.7484E+0 -5.2160E+0
-4.7481E+0 -5.2130E+0
-4.7478E+0 -5.2120E+0
-4.7475E+0 -5.2100E+0
-4.7472E+0 -5.2150E+0
-4.7469E+0 -5.2090E+0
-4.7466E+0 -5.2100E+0
-4.7463E+0 -5.2090E+0
-4.7460E+0 -5.2110E+0
-4.7457E+0 -5.2100E+0
-4.7454E+0 -5.2100E+0
-4.7451E+0 -5.2070E+0
-4.7448E+0 -5.2100E+0
-4.7445E+0 -5.2050E+0
-4.7442E+0 -5.2070E+0
-4.7439E+0 -5.2060E+0
-4.7436E+0 -5.2070E+0
-4.7433E+0 -5.2050E+0
-4.7430E+0 -5.2060E+0
-4.7427E+0 -5.2060E+0
-4.7424E+0 -5.2110E+0
-4.7421E+0 -5.2050E+0
-4.7418E+0 -5.2050E+0
-4.7415E+0 -5.2030E+0
-4.7412E+0 -5.2050E+0
-4.7409E+0 -5.2030E+0
-4.7406E+0 -5.2030E+0
-4.7403E+0 -5.2000E+0
-4.7400E+0 -5.2050E+0
-4.7397E+0 -5.2010E+0
-4.7394E+0 -5.2040E+0
-4.7391E+0 -5.2020E+0
-4.7388E+0 -5.2030E+0
-4.7385E+0 -5.2000E+0
-4.7382E+0 -5.2010E+0
-4.7379E+0 -5.2000E+0
-4.7376E+0 -5.2050E+0
-4.7373E+0 -5.2000E+0
-4.7370E+0 -5.2000E+0
-4.7367E+0 -5.2000E+0
-4.7364E+0 -5.2030E+0
-4.7361E+0 -5.2030E+0
-4.7358E+0 -5.2030E+0
-4.7355E+0 -5.2000E+0
-4.7352E+0 -5.2030E+0
-4.7349E+0 -5.1980E+0
-4.7346E+0 -5.1990E+0
-4.7343E+0 -5.1980E+0
-4.7340E+0 -5.1960E+0
-4.7337E+0 -5.1960E+0
-4.7334E+0 -5.1960E+0
-4.7331E+0 -5.1950E+0
-4.7328E+0 -5.2010E+0
-4.7325E+0 -5.1940E+0
-4.7322E+0 -5.1940E+0
-4.7319E+0 -5.1930E+0
-4.7316E+0 -5.1940E+0
-4.7313E+0 -5.1930E+0
-4.7310E+0 -5.1930E+0
-4.7307E+0 -5.1910E+0
-4.7304E+0 -5.1950E+0
-4.7301E+0 -5.1910E+0
-4.7298E+0 -5.1940E+0
-4.7295E+0 -5.1930E+0
-4.7292E+0 -5.1930E+0
-4.7289E+0 -5.1910E+0
-4.7286E+0 -5.1900E+0
-4.7283E+0 -5.1880E+0
-4.7280E+0 -5.1930E+0
-4.7277E+0 -5.1870E+0
-4.7274E+0 -5.1880E+0
-4.7271E+0 -5.1870E+0
-4.7268E+0 -5.1900E+0
-4.7265E+0 -5.1890E+0
-4.7262E+0 -5.1890E+0
-4.7259E+0 -5.1860E+0
-4.7256E+0 -5.1890E+0
-4.7253E+0 -5.1850E+0
-4.7250E+0 -5.1870E+0
-4.7247E+0 -5.1860E+0
-4.7244E+0 -5.1870E+0
-4.7241E+0 -5.1850E+0
-4.7238E+0 -5.1860E+0
-4.7235E+0 -5.1860E+0
-4.7232E+0 -5.1920E+0
-4.7229E+0 -5.1850E+0
-4.7226E+0 -5.1850E+0
-4.7223E+0 -5.1840E+0
-4.7220E+0 -5.1850E+0
-4.7217E+0 -5.1830E+0
-4.7214E+0 -5.1830E+0
-4.7211E+0 -5.1800E+0
-4.7208E+0 -5.1840E+0
-4.7205E+0 -5.1800E+0
-4.7202E+0 -5.1820E+0
-4.7199E+0 -5.1820E+0
-4.7196E+0 -5.1820E+0
-4.7193E+0 -5.1790E+0
-4.7190E+0 -5.1790E+0
-4.7187E+0 -5.1780E+0
-4.7184E+0 -5.1830E+0
-4.7181E+0 -5.1780E+0
-4.7178E+0 -5.1790E+0
-4.7175E+0 -5.1780E+0
-4.7172E+0 -5.1810E+0
-4.7169E+0 -5.1800E+0
-4.7166E+0 -5.1800E+0
-4.7163E+0 -5.1770E+0
-4.7160E+0 -5.1800E+0
-4.7157E+0 -5.1750E+0
-4.7154E+0 -5.1770E+0
-4.7151E+0 -5.1760E+0
-4.7148E+0 -5.1770E+0
-4.7145E+0 -5.1750E+0
-4.7142E+0 -5.1750E+0
-4.7139E+0 -5.1750E+0
-4.7136E+0 -5.1800E+0
-4.7133E+0 -5.1740E+0
-4.7130E+0 -5.1750E+0
-4.7127E+0 -5.1740E+0
-4.7124E+0 -5.1760E+0
-4.7121E+0 -5.1740E+0
-4.7118E+0 -5.1750E+0
-4.7115E+0 -5.1730E+0
-4.7112E+0 -5.1770E+0
-4.7109E+0 -5.1740E+0
-4.7106E+0 -5.1770E+0
-4.7103E+0 -5.1800E+0
-4.7100E+0 -5.1790E+0
-4.7097E+0 -5.1760E+0
-4.7094E+0 -5.1760E+0
-4.7091E+0 -5.1740E+0
-4.7088E+0 -5.1780E+0
-4.7085E+0 -5.1720E+0
-4.7082E+0 -5.1720E+0
-4.7079E+0 -5.1710E+0
-4.7076E+0 -5.1740E+0
-4.7073E+0 -5.1720E+0
-4.7070E+0 -5.1720E+0
-4.7067E+0 -5.1690E+0
-4.7064E+0 -5.1720E+0
-4.7061E+0 -5.1670E+0
-4.7058E+0 -5.1690E+0
-4.7055E+0 -5.1680E+0
-4.7052E+0 -5.1690E+0
-4.7049E+0 -5.1660E+0
-4.7046E+0 -5.1670E+0
-4.7043E+0 -5.1670E+0
-4.7040E+0 -5.1720E+0
-4.7037E+0 -5.1660E+0
-4.7034E+0 -5.1660E+0
-4.7031E+0 -5.1640E+0
-4.7028E+0 -5.1650E+0
-4.7025E+0 -5.1630E+0
-4.7022E+0 -5.1630E+0
-4.7019E+0 -5.1610E+0
-4.7016E+0 -5.1650E+0
-4.7013E+0 -5.1600E+0
-4.7010E+0 -5.1620E+0
-4.7007E+0 -5.1620E+0
-4.7004E+0 -5.1620E+0
-4.7001E+0 -5.1600E+0
-4.6998E+0 -5.1600E+0
-4.6995E+0 -5.1590E+0
-4.6992E+0 -5.1640E+0
-4.6989E+0 -5.1580E+0
-4.6986E+0 -5.1590E+0
-4.6983E+0 -5.1580E+0
-4.6980E+0 -5.1610E+0
-4.6977E+0 -5.1610E+0
-4.6974E+0 -5.1610E+0
-4.6971E+0 -5.1570E+0
-4.6968E+0 -5.1600E+0
-4.6965E+0 -5.1550E+0
-4.6962E+0 -5.1560E+0
-4.6959E+0 -5.1550E+0
-4.6956E+0 -5.1560E+0
-4.6953E+0 -5.1530E+0
-4.6950E+0 -5.1540E+0
-4.6947E+0 -5.1530E+0
-4.6944E+0 -5.1580E+0
-4.6941E+0 -5.1520E+0
-4.6938E+0 -5.1520E+0
-4.6935E+0 -5.1500E+0
-4.6932E+0 -5.1520E+0
-4.6929E+0 -5.1510E+0
-4.6926E+0 -5.1510E+0
-4.6923E+0 -5.1490E+0
-4.6920E+0 -5.1530E+0
-4.6917E+0 -5.1490E+0
-4.6914E+0 -5.1520E+0
-4.6911E+0 -5.1510E+0
-4.6908E+0 -5.1510E+0
-4.6905E+0 -5.1480E+0
-4.6902E+0 -5.1480E+0
-4.6899E+0 -5.1460E+0
-4.6896E+0 -5.1500E+0
-4.6893E+0 -5.1450E+0
-4.6890E+0 -5.1460E+0
-4.6887E+0 -5.1450E+0
-4.6884E+0 -5.1480E+0
-4.6881E+0 -5.1460E+0
-4.6878E+0 -5.1460E+0
-4.6875E+0 -5.1440E+0
-4.6872E+0 -5.1470E+0
-4.6869E+0 -5.1430E+0
-4.6866E+0 -5.1450E+0
-4.6863E+0 -5.1440E+0
-4.6860E+0 -5.1450E+0
-4.6857E+0 -5.1440E+0
-4.6854E+0 -5.1440E+0
-4.6851E+0 -5.1440E+0
-4.6848E+0 -5.1500E+0
-4.6845E+0 -5.1440E+0
-4.6842E+0 -5.1440E+0
-4.6839E+0 -5.1420E+0
-4.6836E+0 -5.1430E+0
-4.6833E+0 -5.1410E+0
-4.6830E+0 -5.1390E+0
-4.6827E+0 -5.1380E+0
-4.6824E+0 -5.1420E+0
-4.6821E+0 -5.1370E+0
-4.6818E+0 -5.1400E+0
-4.6815E+0 -5.1390E+0
-4.6812E+0 -5.1390E+0
-4.6809E+0 -5.1360E+0
-4.6806E+0 -5.1360E+0
-4.6803E+0 -5.1350E+0
-4.6800E+0 -5.1390E+0
-4.6797E+0 -5.1340E+0
-4.6794E+0 -5.1350E+0
-4.6791E+0 -5.1340E+0
-4.6788E+0 -5.1370E+0
-4.6785E+0 -5.1360E+0
-4.6782E+0 -5.1360E+0
-4.6779E+0 -5.1330E+0
-4.6776E+0 -5.1360E+0
-4.6773E+0 -5.1310E+0
-4.6770E+0 -5.1320E+0
-4.6767E+0 -5.1310E+0
-4.6764E+0 -5.1320E+0
-4.6761E+0 -5.1290E+0
-4.6758E+0 -5.1300E+0
-4.6755E+0 -5.1290E+0
-4.6752E+0 -5.1350E+0
-4.6749E+0 -5.1290E+0
-4.6746E+0 -5.1290E+0
-4.6743E+0 -5.1270E+0
-4.6740E+0 -5.1290E+0
-4.6737E+0 -5.1280E+0
-4.6734E+0 -5.1280E+0
-4.6731E+0 -5.1270E+0
-4.6728E+0 -5.1310E+0
-4.6725E+0 -5.1270E+0
-4.6722E+0 -5.1300E+0
-4.6719E+0 -5.1300E+0
-4.6716E+0 -5.1290E+0
-4.6713E+0 -5.1260E+0
-4.6710E+0 -5.1260E+0
-4.6707E+0 -5.1240E+0
-4.6704E+0 -5.1290E+0
-4.6701E+0 -5.1230E+0
-4.6698E+0 -5.1230E+0
-4.6695E+0 -5.1220E+0
-4.6692E+0 -5.1240E+0
-4.6689E+0 -5.1230E+0
-4.6686E+0 -5.1230E+0
-4.6683E+0 -5.1200E+0
-4.6680E+0 -5.1240E+0
-4.6677E+0 -5.1190E+0
-4.6674E+0 -5.1210E+0
-4.6671E+0 -5.1200E+0
-4.6668E+0 -5.1210E+0
-4.6665E+0 -5.1190E+0
-4.6662E+0 -5.1200E+0
-4.6659E+0 -5.1200E+0
-4.6656E+0 -5.1250E+0
-4.6653E+0 -5.1190E+0
-4.6650E+0 -5.1190E+0
-4.6647E+0 -5.1170E+0
-4.6644E+0 -5.1190E+0
-4.6641E+0 -5.1170E+0
-4.6638E+0 -5.1170E+0
-4.6635E+0 -5.1150E+0
-4.6632E+0 -5.1190E+0
-4.6629E+0 -5.1150E+0
-4.6626E+0 -5.1180E+0
-4.6623E+0 -5.1170E+0
-4.6620E+0 -5.1170E+0
-4.6617E+0 -5.1150E+0
-4.6614E+0 -5.1150E+0
-4.6611E+0 -5.1140E+0
-4.6608E+0 -5.1180E+0
-4.6605E+0 -5.1140E+0
-4.6602E+0 -5.1150E+0
-4.6599E+0 -5.1150E+0
-4.6596E+0 -5.1170E+0
-4.6593E+0 -5.1170E+0
-4.6590E+0 -5.1170E+0
-4.6587E+0 -5.1140E+0
-4.6584E+0 -5.1170E+0
-4.6581E+0 -5.1120E+0
-4.6578E+0 -5.1130E+0
-4.6575E+0 -5.1130E+0
-4.6572E+0 -5.1130E+0
-4.6569E+0 -5.1100E+0
-4.6566E+0 -5.1110E+0
-4.6563E+0 -5.1090E+0
-4.6560E+0 -5.1140E+0
-4.6557E+0 -5.1080E+0
-4.6554E+0 -5.1080E+0
-4.6551E+0 -5.1070E+0
-4.6548E+0 -5.1080E+0
-4.6545E+0 -5.1070E+0
-4.6542E+0 -5.1070E+0
-4.6539E+0 -5.1050E+0
-4.6536E+0 -5.1090E+0
-4.6533E+0 -5.1050E+0
-4.6530E+0 -5.1070E+0
-4.6527E+0 -5.1070E+0
-4.6524E+0 -5.1070E+0
-4.6521E+0 -5.1030E+0
-4.6518E+0 -5.1030E+0
-4.6515E+0 -5.1010E+0
-4.6512E+0 -5.1060E+0
-4.6509E+0 -5.1010E+0
-4.6506E+0 -5.1010E+0
-4.6503E+0 -5.1000E+0
-4.6500E+0 -5.1020E+0
-4.6497E+0 -5.1020E+0
-4.6494E+0 -5.1020E+0
-4.6491E+0 -5.0990E+0
-4.6488E+0 -5.1020E+0
-4.6485E+0 -5.0970E+0
-4.6482E+0 -5.1000E+0
-4.6479E+0 -5.0980E+0
-4.6476E+0 -5.1000E+0
-4.6473E+0 -5.0980E+0
-4.6470E+0 -5.0990E+0
-4.6467E+0 -5.0980E+0
-4.6464E+0 -5.1040E+0
-4.6461E+0 -5.0980E+0
-4.6458E+0 -5.0980E+0
-4.6455E+0 -5.0960E+0
-4.6452E+0 -5.0970E+0
-4.6449E+0 -5.0950E+0
-4.6446E+0 -5.0950E+0
-4.6443E+0 -5.0920E+0
-4.6440E+0 -5.0960E+0
-4.6437E+0 -5.0920E+0
-4.6434E+0 -5.0940E+0
-4.6431E+0 -5.0930E+0
-4.6428E+0 -5.0940E+0
-4.6425E+0 -5.0910E+0
-4.6422E+0 -5.0910E+0
-4.6419E+0 -5.0890E+0
-4.6416E+0 -5.0940E+0
-4.6413E+0 -5.0890E+0
-4.6410E+0 -5.0900E+0
-4.6407E+0 -5.0890E+0
-4.6404E+0 -5.0920E+0
-4.6401E+0 -5.0910E+0
-4.6398E+0 -5.0910E+0
-4.6395E+0 -5.0870E+0
-4.6392E+0 -5.0910E+0
-4.6389E+0 -5.0860E+0
-4.6386E+0 -5.0880E+0
-4.6383E+0 -5.0870E+0
-4.6380E+0 -5.0880E+0
-4.6377E+0 -5.0850E+0
-4.6374E+0 -5.0860E+0
-4.6371E+0 -5.0850E+0
-4.6368E+0 -5.0900E+0
-4.6365E+0 -5.0840E+0
-4.6362E+0 -5.0850E+0
-4.6359E+0 -5.0840E+0
-4.6356E+0 -5.0860E+0
-4.6353E+0 -5.0840E+0
-4.6350E+0 -5.0850E+0
-4.6347E+0 -5.0830E+0
-4.6344E+0 -5.0870E+0
-4.6341E+0 -5.0840E+0
-4.6338E+0 -5.0870E+0
-4.6335E+0 -5.0870E+0
-4.6332E+0 -5.0860E+0
-4.6329E+0 -5.0830E+0
-4.6326E+0 -5.0830E+0
-4.6323E+0 -5.0810E+0
-4.6320E+0 -5.0790E+0
-4.6317E+0 -5.0800E+0
-4.6314E+0 -5.0800E+0
-4.6311E+0 -5.0790E+0
-4.6308E+0 -5.0810E+0
-4.6305E+0 -5.0800E+0
-4.6302E+0 -5.0800E+0
-4.6299E+0 -5.0760E+0
-4.6296E+0 -5.0800E+0
-4.6293E+0 -5.0750E+0
-4.6290E+0 -5.0770E+0
-4.6287E+0 -5.0760E+0
-4.6284E+0 -5.0770E+0
-4.6281E+0 -5.0750E+0
-4.6278E+0 -5.0760E+0
-4.6275E+0 -5.0750E+0
-4.6272E+0 -5.0810E+0
-4.6269E+0 -5.0750E+0
-4.6266E+0 -5.0750E+0
-4.6263E+0 -5.0730E+0
-4.6260E+0 -5.0750E+0
-4.6257E+0 -5.0730E+0
-4.6254E+0 -5.0720E+0
-4.6251E+0 -5.0700E+0
-4.6248E+0 -5.0740E+0
-4.6245E+0 -5.0700E+0
-4.6242E+0 -5.0720E+0
-4.6239E+0 -5.0720E+0
-4.6236E+0 -5.0720E+0
-4.6233E+0 -5.0690E+0
-4.6230E+0 -5.0700E+0
-4.6227E+0 -5.0690E+0
-4.6224E+0 -5.0730E+0
-4.6221E+0 -5.0680E+0
-4.6218E+0 -5.0700E+0
-4.6215E+0 -5.0690E+0
-4.6212E+0 -5.0710E+0
-4.6209E+0 -5.0710E+0
-4.6206E+0 -5.0710E+0
-4.6203E+0 -5.0670E+0
-4.6200E+0 -5.0710E+0
-4.6197E+0 -5.0660E+0
-4.6194E+0 -5.0670E+0
-4.6191E+0 -5.0660E+0
-4.6188E+0 -5.0670E+0
-4.6185E+0 -5.0640E+0
-4.6182E+0 -5.0650E+0
-4.6179E+0 -5.0640E+0
-4.6176E+0 -5.0690E+0
-4.6173E+0 -5.0630E+0
-4.6170E+0 -5.0640E+0
-4.6167E+0 -5.0620E+0
-4.6164E+0 -5.0640E+0
-4.6161E+0 -5.0620E+0
-4.6158E+0 -5.0620E+0
-4.6155E+0 -5.0610E+0
-4.6152E+0 -5.0650E+0
-4.6149E+0 -5.0610E+0
-4.6146E+0 -5.0640E+0
-4.6143E+0 -5.0630E+0
-4.6140E+0 -5.0630E+0
-4.6137E+0 -5.0600E+0
-4.6134E+0 -5.0600E+0
-4.6131E+0 -5.0580E+0
-4.6128E+0 -5.0630E+0
-4.6125E+0 -5.0580E+0
-4.6122E+0 -5.0580E+0
-4.6119E+0 -5.0580E+0
-4.6116E+0 -5.0610E+0
-4.6113E+0 -5.0590E+0
-4.6110E+0 -5.0590E+0
-4.6107E+0 -5.0570E+0
-4.6104E+0 -5.0600E+0
-4.6101E+0 -5.0560E+0
-4.6098E+0 -5.0580E+0
-4.6095E+0 -5.0570E+0
-4.6092E+0 -5.0580E+0
-4.6089E+0 -5.0570E+0
-4.6086E+0 -5.0580E+0
-4.6083E+0 -5.0570E+0
-4.6080E+0 -5.0630E+0
-4.6077E+0 -5.0590E+0
-4.6074E+0 -5.0590E+0
-4.6071E+0 -5.0560E+0
-4.6068E+0 -5.0580E+0
-4.6065E+0 -5.0550E+0
-4.6062E+0 -5.0550E+0
-4.6059E+0 -5.0530E+0
-4.6056E+0 -5.0560E+0
-4.6053E+0 -5.0520E+0
-4.6050E+0 -5.0540E+0
-4.6047E+0 -5.0540E+0
-4.6044E+0 -5.0530E+0
-4.6041E+0 -5.0500E+0
-4.6038E+0 -5.0510E+0
-4.6035E+0 -5.0490E+0
-4.6032E+0 -5.0540E+0
-4.6029E+0 -5.0480E+0
-4.6026E+0 -5.0490E+0
-4.6023E+0 -5.0490E+0
-4.6020E+0 -5.0510E+0
-4.6017E+0 -5.0500E+0
-4.6014E+0 -5.0500E+0
-4.6011E+0 -5.0470E+0
-4.6008E+0 -5.0490E+0
-4.6005E+0 -5.0450E+0
-4.6002E+0 -5.0460E+0
-4.5999E+0 -5.0450E+0
-4.5996E+0 -5.0450E+0
-4.5993E+0 -5.0430E+0
-4.5990E+0 -5.0440E+0
-4.5987E+0 -5.0430E+0
-4.5984E+0 -5.0480E+0
-4.5981E+0 -5.0420E+0
-4.5978E+0 -5.0430E+0
-4.5975E+0 -5.0420E+0
-4.5972E+0 -5.0430E+0
-4.5969E+0 -5.0420E+0
-4.5966E+0 -5.0420E+0
-4.5963E+0 -5.0400E+0
-4.5960E+0 -5.0440E+0
-4.5957E+0 -5.0400E+0
-4.5954E+0 -5.0430E+0
-4.5951E+0 -5.0430E+0
-4.5948E+0 -5.0420E+0
-4.5945E+0 -5.0390E+0
-4.5942E+0 -5.0390E+0
-4.5939E+0 -5.0370E+0
-4.5936E+0 -5.0410E+0
-4.5933E+0 -5.0360E+0
-4.5930E+0 -5.0360E+0
-4.5927E+0 -5.0350E+0
-4.5924E+0 -5.0370E+0
-4.5921E+0 -5.0360E+0
-4.5918E+0 -5.0360E+0
-4.5915E+0 -5.0330E+0
-4.5912E+0 -5.0370E+0
-4.5909E+0 -5.0320E+0
-4.5906E+0 -5.0340E+0
-4.5903E+0 -5.0330E+0
-4.5900E+0 -5.0330E+0
