4.8000E-1 5.3370E-1
4.8010E-1 5.3340E-1
4.8020E-1 5.3360E-1
4.8030E-1 5.3350E-1
4.8040E-1 5.3380E-1
4.8050E-1 5.3360E-1
4.8060E-1 5.3380E-1
4.8070E-1 5.3390E-1
4.8080E-1 5.3430E-1
4.8090E-1 5.3410E-1
4.8100E-1 5.3430E-1
4.8110E-1 5.3430E-1
4.8120E-1 5.3460E-1
4.8130E-1 5.3460E-1
4.8140E-1 5.3490E-1
4.8150E-1 5.3490E-1
4.8160E-1 5.3540E-1
4.8170E-1 5.3510E-1
4.8180E-1 5.3530E-1
4.8190E-1 5.3530E-1
4.8200E-1 5.3570E-1
4.8210E-1 5.3550E-1
4.8220E-1 5.3570E-1
4.8230E-1 5.3570E-1
4.8240E-1 5.3620E-1
4.8250E-1 5.3600E-1
4.8260E-1 5.3630E-1
4.8270E-1 5.3630E-1
4.8280E-1 5.3660E-1
4.8290E-1 5.3660E-1
4.8300E-1 5.3690E-1
4.8310E-1 5.3700E-1
4.8320E-1 5.3750E-1
4.8330E-1 5.3720E-1
4.8340E-1 5.3740E-1
4.8350E-1 5.3730E-1
4.8360E-1 5.3770E-1
4.8370E-1 5.3740E-1
4.8380E-1 5.3770E-1
4.8390E-1 5.3770E-1
4.8400E-1 5.3820E-1
4.8410E-1 5.3780E-1
4.8420E-1 5.3800E-1
4.8430E-1 5.3800E-1
4.8440E-1 5.3840E-1
4.8450E-1 5.3830E-1
4.8460E-1 5.3860E-1
4.8470E-1 5.3870E-1
4.8480E-1 5.3920E-1
4.8490E-1 5.3890E-1
4.8500E-1 5.3920E-1
4.8510E-1 5.3930E-1
4.8520E-1 5.3960E-1
4.8530E-1 5.3940E-1
4.8540E-1 5.3960E-1
4.8550E-1 5.3970E-1
4.8560E-1 5.4010E-1
4.8570E-1 5.4010E-1
4.8580E-1 5.4030E-1
4.8590E-1 5.4030E-1
4.8600E-1 5.4080E-1
4.8610E-1 5.4070E-1
4.8620E-1 5.4100E-1
4.8630E-1 5.4110E-1
4.8640E-1 5.4060E-1
4.8650E-1 5.4030E-1
4.8660E-1 5.4040E-1
4.8670E-1 1.9800E-2
4.8680E-1 5.4070E-1
4.8690E-1 5.4050E-1
4.8700E-1 5.4070E-1
4.8710E-1 5.4070E-1
4.8720E-1 5.4120E-1
4.8730E-1 5.4090E-1
4.8740E-1 5.4110E-1
4.8750E-1 5.4100E-1
4.8760E-1 5.4140E-1
4.8770E-1 5.4130E-1
4.8780E-1 5.4150E-1
4.8790E-1 5.4160E-1
4.8800E-1 5.4210E-1
4.8810E-1 5.4180E-1
4.8820E-1 5.4200E-1
4.8830E-1 5.4190E-1
4.8840E-1 5.4230E-1
4.8850E-1 5.4210E-1
4.8860E-1 5.4240E-1
4.8870E-1 5.4240E-1
4.8880E-1 5.4290E-1
4.8890E-1 5.4260E-1
4.8900E-1 5.4290E-1
4.8910E-1 5.4280E-1
4.8920E-1 5.4320E-1
4.8930E-1 5.4310E-1
4.8940E-1 5.4340E-1
4.8950E-1 5.4350E-1
4.8960E-1 5.4400E-1
4.8970E-1 5.4370E-1
4.8980E-1 5.4380E-1
4.8990E-1 5.4380E-1
4.9000E-1 5.4410E-1
4.9010E-1 5.4390E-1
4.9020E-1 5.4420E-1
4.9030E-1 5.4420E-1
4.9040E-1 5.4470E-1
4.9050E-1 5.4450E-1
4.9060E-1 5.4460E-1
4.9070E-1 5.4460E-1
4.9080E-1 5.4500E-1
4.9090E-1 5.4480E-1
4.9100E-1 5.4510E-1
4.9110E-1 5.4520E-1
4.9120E-1 5.4570E-1
4.9130E-1 5.4550E-1
4.9140E-1 5.4560E-1
4.9150E-1 5.4560E-1
4.9160E-1 5.4590E-1
4.9170E-1 5.4580E-1
4.9180E-1 5.4610E-1
4.9190E-1 5.4610E-1
4.9200E-1 5.4660E-1
4.9210E-1 5.4630E-1
4.9220E-1 5.4660E-1
4.9230E-1 5.4660E-1
4.9240E-1 5.4700E-1
4.9250E-1 5.4690E-1
4.9260E-1 5.4720E-1
4.9270E-1 5.4730E-1
4.9280E-1 5.4780E-1
4.9290E-1 5.4750E-1
4.9300E-1 5.4770E-1
4.9310E-1 5.4750E-1
4.9320E-1 5.4790E-1
4.9330E-1 5.4770E-1
4.9340E-1 5.4790E-1
4.9350E-1 5.4790E-1
4.9360E-1 5.4840E-1
4.9370E-1 5.4820E-1
4.9380E-1 5.4840E-1
4.9390E-1 5.4830E-1
4.9400E-1 5.4870E-1
4.9410E-1 5.4850E-1
4.9420E-1 5.4880E-1
4.9430E-1 5.4890E-1
4.9440E-1 5.4940E-1
4.9450E-1 5.4910E-1
4.9460E-1 5.4930E-1
4.9470E-1 5.4920E-1
4.9480E-1 5.4960E-1
4.9490E-1 5.4940E-1
4.9500E-1 5.4960E-1
4.9510E-1 5.4970E-1
4.9520E-1 5.5000E-1
4.9530E-1 5.4990E-1
4.9540E-1 5.5010E-1
4.9550E-1 5.5000E-1
4.9560E-1 5.5040E-1
4.9570E-1 5.5040E-1
4.9580E-1 5.5070E-1
4.9590E-1 5.5070E-1
4.9600E-1 5.5140E-1
4.9610E-1 5.5110E-1
4.9620E-1 5.5130E-1
4.9630E-1 5.5120E-1
4.9640E-1 5.5160E-1
4.9650E-1 5.5140E-1
4.9660E-1 5.5160E-1
4.9670E-1 5.5160E-1
4.9680E-1 5.5210E-1
4.9690E-1 5.5190E-1
4.9700E-1 5.5210E-1
4.9710E-1 5.5210E-1
4.9720E-1 5.5250E-1
4.9730E-1 5.5240E-1
4.9740E-1 5.5270E-1
4.9750E-1 5.5270E-1
4.9760E-1 5.5320E-1
4.9770E-1 5.5300E-1
4.9780E-1 5.5310E-1
4.9790E-1 5.5310E-1
4.9800E-1 5.5350E-1
4.9810E-1 5.5330E-1
4.9820E-1 5.5360E-1
4.9830E-1 5.5370E-1
4.9840E-1 5.5420E-1
4.9850E-1 5.5400E-1
4.9860E-1 5.5420E-1
4.9870E-1 5.5420E-1
4.9880E-1 5.5460E-1
4.9890E-1 5.5450E-1
4.9900E-1 5.5490E-1
4.9910E-1 5.5500E-1
4.9920E-1 5.5530E-1
4.9930E-1 5.5500E-1
4.9940E-1 5.5520E-1
4.9950E-1 5.5510E-1
4.9960E-1 5.5540E-1
4.9970E-1 5.5520E-1
4.9980E-1 5.5550E-1
4.9990E-1 5.5540E-1
5.0000E-1 5.5590E-1
5.0010E-1 5.5560E-1
5.0020E-1 5.5580E-1
5.0030E-1 5.5580E-1
5.0040E-1 5.5620E-1
5.0050E-1 5.5610E-1
5.0060E-1 5.5630E-1
5.0070E-1 5.5640E-1
5.0080E-1 5.5690E-1
5.0090E-1 5.5660E-1
5.0100E-1 5.5670E-1
5.0110E-1 5.5670E-1
5.0120E-1 5.5710E-1
5.0130E-1 5.5690E-1
5.0140E-1 5.5720E-1
5.0150E-1 5.5720E-1
5.0160E-1 5.5770E-1
5.0170E-1 5.5740E-1
5.0180E-1 5.5770E-1
5.0190E-1 5.5760E-1
5.0200E-1 5.5810E-1
5.0210E-1 5.5790E-1
5.0220E-1 5.5820E-1
5.0230E-1 5.5830E-1
5.0240E-1 5.5890E-1
5.0250E-1 5.5850E-1
5.0260E-1 5.5870E-1
5.0270E-1 5.5860E-1
5.0280E-1 5.5900E-1
5.0290E-1 5.5870E-1
5.0300E-1 5.5890E-1
5.0310E-1 5.5890E-1
5.0320E-1 5.5940E-1
5.0330E-1 5.5910E-1
5.0340E-1 5.5930E-1
5.0350E-1 5.5940E-1
5.0360E-1 5.5990E-1
5.0370E-1 5.5980E-1
5.0380E-1 5.6000E-1
5.0390E-1 5.6010E-1
5.0400E-1 5.6060E-1
5.0410E-1 5.6030E-1
5.0420E-1 5.6050E-1
5.0430E-1 5.6040E-1
5.0440E-1 5.6090E-1
5.0450E-1 5.6070E-1
5.0460E-1 5.6100E-1
5.0470E-1 5.6100E-1
5.0480E-1 5.6150E-1
5.0490E-1 5.6110E-1
5.0500E-1 5.6130E-1
5.0510E-1 5.6140E-1
5.0520E-1 5.6180E-1
5.0530E-1 5.6170E-1
5.0540E-1 5.6200E-1
5.0550E-1 5.6210E-1
5.0560E-1 5.6260E-1
5.0570E-1 5.6230E-1
5.0580E-1 5.6240E-1
5.0590E-1 5.6230E-1
5.0600E-1 5.6260E-1
5.0610E-1 5.6250E-1
5.0620E-1 5.6290E-1
5.0630E-1 5.6290E-1
5.0640E-1 5.6330E-1
5.0650E-1 5.6310E-1
5.0660E-1 5.6330E-1
5.0670E-1 5.6330E-1
5.0680E-1 5.6370E-1
5.0690E-1 5.6350E-1
5.0700E-1 5.6380E-1
5.0710E-1 5.6390E-1
5.0720E-1 5.6440E-1
5.0730E-1 5.6410E-1
5.0740E-1 5.6430E-1
5.0750E-1 5.6420E-1
5.0760E-1 5.6460E-1
5.0770E-1 5.6450E-1
5.0780E-1 5.6470E-1
5.0790E-1 5.6480E-1
5.0800E-1 5.6520E-1
5.0810E-1 5.6500E-1
5.0820E-1 5.6530E-1
5.0830E-1 5.6520E-1
5.0840E-1 5.6570E-1
5.0850E-1 5.6560E-1
5.0860E-1 5.6590E-1
5.0870E-1 5.6600E-1
5.0880E-1 5.6650E-1
5.0890E-1 5.6620E-1
5.0900E-1 5.6640E-1
5.0910E-1 5.6630E-1
5.0920E-1 5.6660E-1
5.0930E-1 5.6650E-1
5.0940E-1 5.6670E-1
5.0950E-1 5.6680E-1
5.0960E-1 5.6720E-1
5.0970E-1 5.6700E-1
5.0980E-1 5.6700E-1
5.0990E-1 5.6700E-1
5.1000E-1 5.6740E-1
5.1010E-1 5.6730E-1
5.1020E-1 5.6750E-1
5.1030E-1 5.6770E-1
5.1040E-1 5.6820E-1
5.1050E-1 5.6790E-1
5.1060E-1 5.6810E-1
5.1070E-1 5.6810E-1
5.1080E-1 5.6870E-1
5.1090E-1 5.6850E-1
5.1100E-1 5.6880E-1
5.1110E-1 5.6890E-1
5.1120E-1 5.6930E-1
5.1130E-1 5.6910E-1
5.1140E-1 5.6930E-1
5.1150E-1 5.6930E-1
5.1160E-1 5.6980E-1
5.1170E-1 5.6970E-1
5.1180E-1 5.7010E-1
5.1190E-1 5.7010E-1
5.1200E-1 5.6880E-1
5.1210E-1 5.6850E-1
5.1220E-1 5.6860E-1
5.1230E-1 5.6850E-1
5.1240E-1 5.6890E-1
5.1250E-1 5.6860E-1
5.1260E-1 5.6890E-1
5.1270E-1 5.6890E-1
5.1280E-1 5.6940E-1
5.1290E-1 5.6900E-1
5.1300E-1 5.6920E-1
5.1310E-1 5.6920E-1
5.1320E-1 5.6960E-1
5.1330E-1 5.6940E-1
5.1340E-1 5.6970E-1
5.1350E-1 5.6980E-1
5.1360E-1 5.7030E-1
5.1370E-1 5.7000E-1
5.1380E-1 5.7020E-1
5.1390E-1 5.6990E-1
5.1400E-1 5.7030E-1
5.1410E-1 5.7000E-1
5.1420E-1 5.7030E-1
5.1430E-1 5.7040E-1
5.1440E-1 5.7090E-1
5.1450E-1 5.7060E-1
5.1460E-1 5.7080E-1
5.1470E-1 5.7080E-1
5.1480E-1 5.7130E-1
5.1490E-1 5.7110E-1
5.1500E-1 5.7140E-1
5.1510E-1 5.7170E-1
5.1520E-1 5.7220E-1
5.1530E-1 5.7190E-1
5.1540E-1 5.7200E-1
5.1550E-1 5.7190E-1
5.1560E-1 5.7230E-1
5.1570E-1 5.7210E-1
5.1580E-1 5.7230E-1
5.1590E-1 5.7240E-1
5.1600E-1 5.7280E-1
5.1610E-1 5.7260E-1
5.1620E-1 5.7280E-1
5.1630E-1 5.7270E-1
5.1640E-1 5.7320E-1
5.1650E-1 5.7300E-1
5.1660E-1 5.7330E-1
5.1670E-1 5.7340E-1
5.1680E-1 5.7390E-1
5.1690E-1 5.7360E-1
5.1700E-1 5.7380E-1
5.1710E-1 5.7370E-1
5.1720E-1 5.7410E-1
5.1730E-1 5.7400E-1
5.1740E-1 5.7420E-1
5.1750E-1 5.7420E-1
5.1760E-1 5.7480E-1
5.1770E-1 5.7450E-1
5.1780E-1 5.7480E-1
5.1790E-1 5.7470E-1
5.1800E-1 5.7520E-1
5.1810E-1 5.7510E-1
5.1820E-1 5.7540E-1
5.1830E-1 5.7550E-1
5.1840E-1 5.7600E-1
5.1850E-1 5.7570E-1
5.1860E-1 5.7580E-1
5.1870E-1 5.7570E-1
5.1880E-1 5.7600E-1
5.1890E-1 5.7580E-1
5.1900E-1 5.7600E-1
5.1910E-1 5.7610E-1
5.1920E-1 5.7660E-1
5.1930E-1 5.7630E-1
5.1940E-1 5.7650E-1
5.1950E-1 5.7640E-1
5.1960E-1 5.7680E-1
5.1970E-1 5.7670E-1
5.1980E-1 5.7690E-1
5.1990E-1 5.7710E-1
5.2000E-1 5.7760E-1
5.2010E-1 5.7720E-1
5.2020E-1 5.7750E-1
5.2030E-1 5.7740E-1
5.2040E-1 5.7770E-1
5.2050E-1 5.7750E-1
5.2060E-1 5.7780E-1
5.2070E-1 5.7790E-1
5.2080E-1 5.7840E-1
5.2090E-1 5.7810E-1
5.2100E-1 5.7840E-1
5.2110E-1 5.7830E-1
5.2120E-1 5.7870E-1
5.2130E-1 5.7870E-1
5.2140E-1 5.7900E-1
5.2150E-1 5.7900E-1
5.2160E-1 5.7960E-1
5.2170E-1 5.7930E-1
5.2180E-1 5.7940E-1
5.2190E-1 5.7930E-1
5.2200E-1 5.7970E-1
5.2210E-1 5.7950E-1
5.2220E-1 5.7970E-1
5.2230E-1 5.7980E-1
5.2240E-1 5.8030E-1
5.2250E-1 5.8000E-1
5.2260E-1 5.8020E-1
5.2270E-1 5.8020E-1
5.2280E-1 5.8060E-1
5.2290E-1 5.8050E-1
5.2300E-1 5.8080E-1
5.2310E-1 5.8090E-1
5.2320E-1 5.8140E-1
5.2330E-1 5.8110E-1
5.2340E-1 5.8130E-1
5.2350E-1 5.8130E-1
5.2360E-1 5.8160E-1
5.2370E-1 5.8150E-1
5.2380E-1 5.8170E-1
5.2390E-1 5.8180E-1
5.2400E-1 5.8230E-1
5.2410E-1 5.8210E-1
5.2420E-1 5.8230E-1
5.2430E-1 5.8230E-1
5.2440E-1 5.8280E-1
5.2450E-1 5.8260E-1
5.2460E-1 5.8300E-1
5.2470E-1 5.8310E-1
5.2480E-1 5.8350E-1
5.2490E-1 5.8320E-1
5.2500E-1 5.8330E-1
5.2510E-1 5.8320E-1
5.2520E-1 5.8350E-1
5.2530E-1 5.8330E-1
5.2540E-1 5.8350E-1
5.2550E-1 5.8350E-1
5.2560E-1 5.8400E-1
5.2570E-1 5.8370E-1
5.2580E-1 5.8400E-1
5.2590E-1 5.8390E-1
5.2600E-1 5.8430E-1
5.2610E-1 5.8420E-1
5.2620E-1 5.8450E-1
5.2630E-1 5.8450E-1
5.2640E-1 5.8500E-1
5.2650E-1 5.8470E-1
5.2660E-1 5.8480E-1
5.2670E-1 5.8460E-1
5.2680E-1 5.8500E-1
5.2690E-1 5.8480E-1
5.2700E-1 5.8510E-1
5.2710E-1 5.8510E-1
5.2720E-1 5.8560E-1
5.2730E-1 5.8530E-1
5.2740E-1 5.8560E-1
5.2750E-1 5.8560E-1
5.2760E-1 5.8600E-1
5.2770E-1 5.8590E-1
5.2780E-1 5.8620E-1
5.2790E-1 5.8630E-1
5.2800E-1 5.8680E-1
5.2810E-1 5.8650E-1
5.2820E-1 5.8660E-1
5.2830E-1 5.8650E-1
5.2840E-1 5.8690E-1
5.2850E-1 5.8670E-1
5.2860E-1 5.8710E-1
5.2870E-1 5.8710E-1
5.2880E-1 5.8760E-1
5.2890E-1 5.8740E-1
5.2900E-1 5.8760E-1
5.2910E-1 5.8750E-1
5.2920E-1 5.8800E-1
5.2930E-1 5.8780E-1
5.2940E-1 5.8810E-1
5.2950E-1 5.8820E-1
5.2960E-1 5.8870E-1
5.2970E-1 5.8850E-1
5.2980E-1 5.8860E-1
5.2990E-1 5.8850E-1
5.3000E-1 5.8900E-1
5.3010E-1 5.8880E-1
5.3020E-1 5.8900E-1
5.3030E-1 5.8910E-1
5.3040E-1 5.8960E-1
5.3050E-1 5.8940E-1
5.3060E-1 5.8960E-1
5.3070E-1 5.8960E-1
5.3080E-1 5.9010E-1
5.3090E-1 5.8990E-1
5.3100E-1 5.9020E-1
5.3110E-1 5.9040E-1
5.3120E-1 5.9090E-1
5.3130E-1 5.9050E-1
5.3140E-1 5.9070E-1
5.3150E-1 5.9060E-1
5.3160E-1 5.9090E-1
5.3170E-1 5.9070E-1
5.3180E-1 5.9100E-1
5.3190E-1 5.9100E-1
5.3200E-1 5.9150E-1
5.3210E-1 5.9120E-1
5.3220E-1 5.9140E-1
5.3230E-1 5.9130E-1
5.3240E-1 5.9180E-1
5.3250E-1 5.9160E-1
5.3260E-1 5.9190E-1
5.3270E-1 5.9200E-1
5.3280E-1 5.9250E-1
5.3290E-1 5.9220E-1
5.3300E-1 5.9240E-1
5.3310E-1 5.9230E-1
5.3320E-1 5.9270E-1
5.3330E-1 5.9250E-1
5.3340E-1 5.9280E-1
5.3350E-1 5.9290E-1
5.3360E-1 5.9330E-1
5.3370E-1 5.9310E-1
5.3380E-1 5.9330E-1
5.3390E-1 5.9330E-1
5.3400E-1 5.9370E-1
5.3410E-1 5.9360E-1
5.3420E-1 5.9390E-1
5.3430E-1 5.9410E-1
5.3440E-1 5.9460E-1
5.3450E-1 5.9430E-1
5.3460E-1 5.9440E-1
5.3470E-1 5.9430E-1
5.3480E-1 5.9470E-1
5.3490E-1 5.9450E-1
5.3500E-1 5.9480E-1
5.3510E-1 5.9480E-1
5.3520E-1 5.9540E-1
5.3530E-1 5.9510E-1
5.3540E-1 5.9530E-1
5.3550E-1 5.9520E-1
5.3560E-1 5.9570E-1
5.3570E-1 5.9550E-1
5.3580E-1 5.9590E-1
5.3590E-1 5.9590E-1
5.3600E-1 5.9650E-1
5.3610E-1 5.9620E-1
5.3620E-1 5.9640E-1
5.3630E-1 5.9630E-1
5.3640E-1 5.9670E-1
5.3650E-1 5.9650E-1
5.3660E-1 5.9680E-1
5.3670E-1 5.9690E-1
5.3680E-1 5.9740E-1
5.3690E-1 5.9720E-1
5.3700E-1 5.9740E-1
5.3710E-1 5.9740E-1
5.3720E-1 5.9790E-1
5.3730E-1 5.9770E-1
5.3740E-1 5.9810E-1
5.3750E-1 5.9820E-1
5.3760E-1 5.9780E-1
5.3770E-1 5.9750E-1
5.3780E-1 5.9760E-1
5.3790E-1 5.9750E-1
5.3800E-1 5.9780E-1
5.3810E-1 5.9760E-1
5.3820E-1 5.9790E-1
5.3830E-1 5.9790E-1
5.3840E-1 5.9830E-1
5.3850E-1 5.9810E-1
5.3860E-1 5.9820E-1
5.3870E-1 5.9820E-1
5.3880E-1 5.9860E-1
5.3890E-1 5.9850E-1
5.3900E-1 5.9870E-1
5.3910E-1 5.9880E-1
5.3920E-1 5.9930E-1
5.3930E-1 5.9900E-1
5.3940E-1 5.9920E-1
5.3950E-1 5.9910E-1
5.3960E-1 5.9950E-1
5.3970E-1 5.9910E-1
5.3980E-1 5.9930E-1
5.3990E-1 5.9940E-1
5.4000E-1 5.9990E-1
5.4010E-1 5.9960E-1
5.4020E-1 5.9980E-1
5.4030E-1 5.9970E-1
5.4040E-1 6.0040E-1
5.4050E-1 6.0030E-1
5.4060E-1 6.0060E-1
5.4070E-1 6.0070E-1
5.4080E-1 6.0120E-1
5.4090E-1 6.0090E-1
5.4100E-1 6.0100E-1
5.4110E-1 6.0090E-1
5.4120E-1 6.0130E-1
5.4130E-1 6.0110E-1
5.4140E-1 6.0130E-1
5.4150E-1 6.0130E-1
5.4160E-1 6.0190E-1
5.4170E-1 6.0160E-1
5.4180E-1 6.0180E-1
5.4190E-1 6.0170E-1
5.4200E-1 6.0210E-1
5.4210E-1 6.0200E-1
5.4220E-1 6.0230E-1
5.4230E-1 6.0240E-1
5.4240E-1 6.0290E-1
5.4250E-1 6.0260E-1
5.4260E-1 6.0280E-1
5.4270E-1 6.0270E-1
5.4280E-1 6.0310E-1
5.4290E-1 6.0290E-1
5.4300E-1 6.0320E-1
5.4310E-1 6.0330E-1
5.4320E-1 6.0380E-1
5.4330E-1 6.0360E-1
5.4340E-1 6.0380E-1
5.4350E-1 6.0370E-1
5.4360E-1 6.0420E-1
5.4370E-1 6.0410E-1
5.4380E-1 6.0440E-1
5.4390E-1 6.0450E-1
5.4400E-1 6.0500E-1
5.4410E-1 6.0460E-1
5.4420E-1 6.0480E-1
5.4430E-1 6.0470E-1
5.4440E-1 6.0510E-1
5.4450E-1 6.0480E-1
5.4460E-1 6.0510E-1
5.4470E-1 6.0510E-1
5.4480E-1 6.0560E-1
5.4490E-1 6.0530E-1
5.4500E-1 6.0550E-1
5.4510E-1 6.0540E-1
5.4520E-1 6.0590E-1
5.4530E-1 6.0570E-1
5.4540E-1 6.0600E-1
5.4550E-1 6.0610E-1
5.4560E-1 6.0650E-1
5.4570E-1 6.0630E-1
5.4580E-1 6.0650E-1
5.4590E-1 6.0630E-1
5.4600E-1 6.0680E-1
5.4610E-1 6.0650E-1
5.4620E-1 6.0680E-1
5.4630E-1 6.0690E-1
5.4640E-1 6.0740E-1
5.4650E-1 6.0710E-1
5.4660E-1 6.0740E-1
5.4670E-1 6.0720E-1
5.4680E-1 6.0760E-1
5.4690E-1 6.0750E-1
5.4700E-1 6.0780E-1
5.4710E-1 6.0790E-1
5.4720E-1 6.0850E-1
5.4730E-1 6.0810E-1
5.4740E-1 6.0830E-1
5.4750E-1 6.0820E-1
5.4760E-1 6.0850E-1
5.4770E-1 6.0850E-1
5.4780E-1 6.0870E-1
5.4790E-1 6.0880E-1
5.4800E-1 6.0930E-1
5.4810E-1 6.0900E-1
5.4820E-1 6.0920E-1
5.4830E-1 6.0920E-1
5.4840E-1 6.0960E-1
5.4850E-1 6.0950E-1
5.4860E-1 6.0970E-1
5.4870E-1 6.0990E-1
5.4880E-1 6.1040E-1
5.4890E-1 6.1010E-1
5.4900E-1 6.1030E-1
5.4910E-1 6.1030E-1
5.4920E-1 6.1070E-1
5.4930E-1 6.1050E-1
5.4940E-1 6.1080E-1
5.4950E-1 6.1090E-1
5.4960E-1 6.1140E-1
5.4970E-1 6.1110E-1
5.4980E-1 6.1130E-1
5.4990E-1 6.1130E-1
5.5000E-1 6.1180E-1
5.5010E-1 6.1170E-1
5.5020E-1 6.1200E-1
5.5030E-1 6.1220E-1
5.5040E-1 6.1250E-1
5.5050E-1 6.1220E-1
5.5060E-1 6.1230E-1
5.5070E-1 6.1220E-1
5.5080E-1 6.1260E-1
5.5090E-1 6.1240E-1
5.5100E-1 6.1260E-1
5.5110E-1 6.1260E-1
5.5120E-1 6.1310E-1
5.5130E-1 6.1280E-1
5.5140E-1 6.1300E-1
5.5150E-1 6.1290E-1
5.5160E-1 6.1340E-1
5.5170E-1 6.1320E-1
5.5180E-1 6.1350E-1
5.5190E-1 6.1360E-1
5.5200E-1 6.1410E-1
5.5210E-1 6.1370E-1
5.5220E-1 6.1390E-1
5.5230E-1 6.1380E-1
5.5240E-1 6.1430E-1
5.5250E-1 6.1400E-1
5.5260E-1 6.1430E-1
5.5270E-1 6.1430E-1
5.5280E-1 6.1480E-1
5.5290E-1 6.1460E-1
5.5300E-1 6.1480E-1
5.5310E-1 6.1480E-1
5.5320E-1 6.1520E-1
5.5330E-1 6.1510E-1
5.5340E-1 6.1540E-1
5.5350E-1 6.1550E-1
5.5360E-1 6.1610E-1
5.5370E-1 6.1570E-1
5.5380E-1 6.1580E-1
5.5390E-1 6.1580E-1
5.5400E-1 6.1610E-1
5.5410E-1 6.1590E-1
5.5420E-1 6.1610E-1
5.5430E-1 6.1620E-1
5.5440E-1 6.1670E-1
5.5450E-1 6.1640E-1
5.5460E-1 6.1660E-1
5.5470E-1 6.1660E-1
5.5480E-1 6.1700E-1
5.5490E-1 6.1690E-1
5.5500E-1 6.1710E-1
5.5510E-1 6.1730E-1
5.5520E-1 6.1780E-1
5.5530E-1 6.1750E-1
5.5540E-1 6.1770E-1
5.5550E-1 6.1750E-1
5.5560E-1 6.1790E-1
5.5570E-1 6.1780E-1
5.5580E-1 6.1810E-1
5.5590E-1 6.1810E-1
5.5600E-1 6.1870E-1
5.5610E-1 6.1840E-1
5.5620E-1 6.1860E-1
5.5630E-1 6.1870E-1
5.5640E-1 6.1910E-1
5.5650E-1 6.1900E-1
5.5660E-1 6.1930E-1
5.5670E-1 6.1950E-1
5.5680E-1 6.2000E-1
5.5690E-1 6.1960E-1
5.5700E-1 6.1970E-1
5.5710E-1 5.9220E-1
5.5720E-1 6.2000E-1
5.5730E-1 6.1980E-1
5.5740E-1 6.2000E-1
5.5750E-1 6.2010E-1
5.5760E-1 6.2050E-1
5.5770E-1 6.2030E-1
5.5780E-1 6.2020E-1
5.5790E-1 6.2020E-1
5.5800E-1 6.2070E-1
5.5810E-1 6.2050E-1
5.5820E-1 6.2080E-1
5.5830E-1 6.2090E-1
5.5840E-1 6.2160E-1
5.5850E-1 6.2130E-1
5.5860E-1 6.2140E-1
5.5870E-1 6.2130E-1
5.5880E-1 6.2180E-1
5.5890E-1 6.2160E-1
5.5900E-1 6.2190E-1
5.5910E-1 6.2190E-1
5.5920E-1 6.2240E-1
5.5930E-1 6.2220E-1
5.5940E-1 6.2240E-1
5.5950E-1 6.2230E-1
5.5960E-1 6.2280E-1
5.5970E-1 6.2270E-1
5.5980E-1 6.2310E-1
5.5990E-1 6.2310E-1
5.6000E-1 6.2370E-1
5.6010E-1 6.2330E-1
5.6020E-1 6.2350E-1
5.6030E-1 6.2340E-1
5.6040E-1 6.2390E-1
5.6050E-1 6.2360E-1
5.6060E-1 6.2380E-1
5.6070E-1 6.2390E-1
5.6080E-1 6.2440E-1
5.6090E-1 6.2420E-1
5.6100E-1 6.2440E-1
5.6110E-1 6.2430E-1
5.6120E-1 6.2480E-1
5.6130E-1 6.2460E-1
5.6140E-1 6.2490E-1
5.6150E-1 6.2500E-1
5.6160E-1 6.2560E-1
5.6170E-1 6.2530E-1
5.6180E-1 6.2550E-1
5.6190E-1 6.2540E-1
5.6200E-1 6.2580E-1
5.6210E-1 6.2560E-1
5.6220E-1 6.2590E-1
5.6230E-1 6.2600E-1
5.6240E-1 6.2650E-1
5.6250E-1 6.2630E-1
5.6260E-1 6.2660E-1
5.6270E-1 6.2650E-1
5.6280E-1 6.2700E-1
5.6290E-1 6.2690E-1
5.6300E-1 6.2730E-1
5.6310E-1 6.2740E-1
5.6320E-1 6.2680E-1
5.6330E-1 6.2640E-1
5.6340E-1 6.2660E-1
5.6350E-1 6.2640E-1
5.6360E-1 6.2680E-1
5.6370E-1 6.2660E-1
5.6380E-1 6.2680E-1
5.6390E-1 6.2680E-1
5.6400E-1 6.2730E-1
5.6410E-1 6.2700E-1
5.6420E-1 6.2720E-1
5.6430E-1 6.2710E-1
5.6440E-1 6.2750E-1
5.6450E-1 6.2730E-1
5.6460E-1 6.2760E-1
5.6470E-1 6.2770E-1
5.6480E-1 6.2830E-1
5.6490E-1 6.2790E-1
5.6500E-1 6.2810E-1
5.6510E-1 6.2800E-1
5.6520E-1 6.2840E-1
5.6530E-1 6.2820E-1
5.6540E-1 6.2840E-1
5.6550E-1 6.2850E-1
5.6560E-1 6.2900E-1
5.6570E-1 6.2870E-1
5.6580E-1 6.2890E-1
5.6590E-1 6.2890E-1
5.6600E-1 6.2940E-1
5.6610E-1 6.2920E-1
5.6620E-1 6.2960E-1
5.6630E-1 6.2960E-1
5.6640E-1 6.3010E-1
5.6650E-1 6.2980E-1
5.6660E-1 6.3000E-1
5.6670E-1 6.2980E-1
5.6680E-1 6.3020E-1
5.6690E-1 6.3000E-1
5.6700E-1 6.3030E-1
5.6710E-1 6.3030E-1
5.6720E-1 6.3060E-1
5.6730E-1 6.3030E-1
5.6740E-1 6.3050E-1
5.6750E-1 6.3040E-1
5.6760E-1 6.3090E-1
5.6770E-1 6.3080E-1
5.6780E-1 6.3110E-1
5.6790E-1 6.3130E-1
5.6800E-1 6.3180E-1
5.6810E-1 6.3150E-1
5.6820E-1 6.3170E-1
5.6830E-1 6.3160E-1
5.6840E-1 6.3200E-1
5.6850E-1 6.3180E-1
5.6860E-1 6.3210E-1
5.6870E-1 6.3210E-1
5.6880E-1 6.3270E-1
5.6890E-1 6.3250E-1
5.6900E-1 6.3270E-1
5.6910E-1 6.3260E-1
5.6920E-1 6.3310E-1
5.6930E-1 6.3300E-1
5.6940E-1 6.3330E-1
5.6950E-1 6.3340E-1
5.6960E-1 6.3390E-1
5.6970E-1 6.3360E-1
5.6980E-1 6.3370E-1
5.6990E-1 6.3360E-1
5.7000E-1 6.3400E-1
5.7010E-1 6.3370E-1
5.7020E-1 6.3400E-1
5.7030E-1 6.3400E-1
5.7040E-1 6.3450E-1
5.7050E-1 6.3420E-1
5.7060E-1 6.3440E-1
5.7070E-1 6.3430E-1
5.7080E-1 6.3480E-1
5.7090E-1 6.3460E-1
5.7100E-1 6.3490E-1
5.7110E-1 6.3490E-1
5.7120E-1 6.3550E-1
5.7130E-1 6.3520E-1
5.7140E-1 6.3530E-1
5.7150E-1 6.3530E-1
5.7160E-1 6.3570E-1
5.7170E-1 6.3550E-1
5.7180E-1 6.3570E-1
5.7190E-1 6.3570E-1
5.7200E-1 6.3630E-1
5.7210E-1 6.3600E-1
5.7220E-1 6.3610E-1
5.7230E-1 6.3600E-1
5.7240E-1 6.3650E-1
5.7250E-1 6.3630E-1
5.7260E-1 6.3670E-1
5.7270E-1 6.3680E-1
5.7280E-1 6.3750E-1
5.7290E-1 6.3720E-1
5.7300E-1 6.3730E-1
5.7310E-1 6.3720E-1
5.7320E-1 6.3760E-1
5.7330E-1 6.3740E-1
5.7340E-1 6.3770E-1
5.7350E-1 6.3770E-1
5.7360E-1 6.3820E-1
5.7370E-1 6.3790E-1
5.7380E-1 6.3810E-1
5.7390E-1 6.3810E-1
5.7400E-1 6.3850E-1
5.7410E-1 6.3840E-1
5.7420E-1 6.3870E-1
5.7430E-1 6.3880E-1
5.7440E-1 6.3930E-1
5.7450E-1 6.3900E-1
5.7460E-1 6.3920E-1
5.7470E-1 6.3920E-1
5.7480E-1 6.3960E-1
5.7490E-1 6.3940E-1
5.7500E-1 6.3970E-1
5.7510E-1 6.3980E-1
5.7520E-1 6.4030E-1
5.7530E-1 6.4000E-1
5.7540E-1 6.4030E-1
5.7550E-1 6.4020E-1
5.7560E-1 6.4070E-1
5.7570E-1 6.4060E-1
5.7580E-1 6.4090E-1
5.7590E-1 6.4100E-1
5.7600E-1 6.4150E-1
5.7610E-1 6.4110E-1
5.7620E-1 6.4120E-1
5.7630E-1 6.4110E-1
5.7640E-1 6.4150E-1
5.7650E-1 6.4130E-1
5.7660E-1 6.4150E-1
5.7670E-1 6.4150E-1
5.7680E-1 6.4200E-1
5.7690E-1 6.4170E-1
5.7700E-1 6.4190E-1
5.7710E-1 6.4180E-1
5.7720E-1 6.4230E-1
5.7730E-1 6.4200E-1
5.7740E-1 6.4230E-1
5.7750E-1 6.4240E-1
5.7760E-1 6.4300E-1
5.7770E-1 6.4260E-1
5.7780E-1 6.4280E-1
5.7790E-1 6.4270E-1
5.7800E-1 6.4310E-1
5.7810E-1 6.4290E-1
5.7820E-1 6.4320E-1
5.7830E-1 6.4320E-1
5.7840E-1 6.4370E-1
5.7850E-1 6.4350E-1
5.7860E-1 6.4370E-1
5.7870E-1 6.4370E-1
5.7880E-1 6.4390E-1
5.7890E-1 6.4380E-1
5.7900E-1 6.4410E-1
5.7910E-1 6.4420E-1
5.7920E-1 6.4500E-1
5.7930E-1 6.4460E-1
5.7940E-1 6.4480E-1
5.7950E-1 6.4460E-1
5.7960E-1 6.4500E-1
5.7970E-1 6.4480E-1
5.7980E-1 6.4500E-1
