0.00000000E+0 -1.25000000E-4
1.20000005E+0 -1.25000000E-4
2.20000005E+0 -1.25000000E-4
3.20000005E+0 -1.25000000E-4
4.19999981E+0 -1.25000000E-4
5.19999981E+0 -1.25000000E-4
6.19999981E+0 -1.25000000E-4
7.19999981E+0 -1.25000000E-4
8.19999981E+0 -1.25000000E-4
9.19999981E+0 -1.25000000E-4
1.01999998E+1 -1.25000000E-4
1.11999998E+1 -1.25000000E-4
1.21999998E+1 -1.25000000E-4
1.31999998E+1 -1.25000000E-4
1.41999998E+1 -1.25000000E-4
1.51999998E+1 -1.25000000E-4
1.62000008E+1 -1.25000000E-4
1.72000008E+1 -1.25000000E-4
1.82000008E+1 -1.25000000E-4
1.92000008E+1 -1.25000000E-4
2.02000008E+1 -1.25000000E-4
2.12000008E+1 -1.25000000E-4
2.22000008E+1 -1.25000000E-4
2.32000008E+1 -1.25000000E-4
2.42000008E+1 -1.25000000E-4
2.52000008E+1 -1.25000000E-4
2.62000008E+1 -1.25000000E-4
2.72000008E+1 -1.25000000E-4
2.82000008E+1 -1.25000000E-4
2.92000008E+1 -1.25000000E-4
3.02000008E+1 -1.25000000E-4
3.12000008E+1 -1.25000000E-4
3.22000008E+1 -1.25000000E-4
3.32000008E+1 -1.25000000E-4
3.42000008E+1 -1.25000000E-4
3.52000008E+1 -1.25000000E-4
3.62000008E+1 -1.25000000E-4
3.72000008E+1 -1.25000000E-4
3.82000008E+1 -1.25000000E-4
3.92000008E+1 -1.25000000E-4
4.02000008E+1 -1.25000000E-4
4.12000008E+1 -1.25000000E-4
4.22000008E+1 -1.25000000E-4
4.32000008E+1 -1.25000000E-4
4.42000008E+1 -1.25000000E-4
4.52000008E+1 -1.25000000E-4
4.62000008E+1 -1.25000000E-4
4.72000008E+1 -1.25000000E-4
4.82000008E+1 -1.25000000E-4
4.92000008E+1 -1.25000000E-4
5.02000008E+1 -1.25000000E-4
5.12000008E+1 -1.25000000E-4
5.22000008E+1 -1.25000000E-4
5.32000008E+1 -1.25000000E-4
5.42000008E+1 -1.25000000E-4
5.52000008E+1 -1.25000000E-4
5.62000008E+1 -1.25000000E-4
5.72000008E+1 -1.25000000E-4
5.82000008E+1 -1.25000000E-4
5.92000008E+1 -1.25000000E-4
6.02000008E+1 -1.25000000E-4
6.12000008E+1 -1.25000000E-4
6.22000008E+1 -1.25000000E-4
6.32000008E+1 -1.25000000E-4
6.41999969E+1 -1.25000000E-4
6.51999969E+1 -1.25000000E-4
6.61999969E+1 -1.25000000E-4
6.71999969E+1 -1.25000000E-4
6.81999969E+1 -1.25000000E-4
6.91999969E+1 -1.25000000E-4
7.01999969E+1 -1.25000000E-4
7.11999969E+1 -1.25000000E-4
7.21999969E+1 -1.25000000E-4
7.31999969E+1 -1.25000000E-4
7.41999969E+1 -1.25000000E-4
7.51999969E+1 -1.25000000E-4
7.61999969E+1 -1.25000000E-4
7.71999969E+1 -1.25000000E-4
7.81999969E+1 -1.25000000E-4
7.91999969E+1 -1.25000000E-4
8.01999969E+1 -1.25000000E-4
8.11999969E+1 -1.25000000E-4
8.21999969E+1 -1.25000000E-4
8.31999969E+1 -1.25000000E-4
8.41999969E+1 -1.25000000E-4
8.51999969E+1 -1.25000000E-4
8.61999969E+1 -1.25000000E-4
8.71999969E+1 -1.25000000E-4
8.81999969E+1 -1.25000000E-4
8.91999969E+1 -1.25000000E-4
9.01999969E+1 -1.25000000E-4
9.11999969E+1 -1.25000000E-4
9.21999969E+1 -1.25000000E-4
9.31999969E+1 -1.25000000E-4
9.41999969E+1 -1.25000000E-4
9.51999969E+1 -1.25000000E-4
9.61999969E+1 -1.25000000E-4
9.71999969E+1 -1.25000000E-4
9.81999969E+1 -1.25000000E-4
9.91999969E+1 -1.25000000E-4
1.00199997E+2 -1.25000000E-4
1.01199997E+2 -1.25000000E-4
1.02199997E+2 -1.25000000E-4
1.03199997E+2 -1.25000000E-4
1.04199997E+2 -1.25000000E-4
1.05199997E+2 -1.25000000E-4
1.06199997E+2 -1.25000000E-4
1.07199997E+2 -1.25000000E-4
1.08199997E+2 -1.25000000E-4
1.09199997E+2 -1.25000000E-4
1.10199997E+2 -1.25000000E-4
1.11199997E+2 -1.25000000E-4
1.12199997E+2 -1.25000000E-4
1.13199997E+2 -1.25000000E-4
1.14199997E+2 -1.25000000E-4
1.15199997E+2 -1.25000000E-4
1.16199997E+2 -1.25000000E-4
1.17199997E+2 -1.25000000E-4
1.18199997E+2 -1.25000000E-4
1.19199997E+2 -1.25000000E-4
1.20199997E+2 -1.25000000E-4
1.21199997E+2 -1.25000000E-4
1.22199997E+2 -1.25000000E-4
1.23199997E+2 -1.25000000E-4
1.24199997E+2 -1.25000000E-4
1.25199997E+2 -1.25000000E-4
1.26199997E+2 -1.25000000E-4
1.27199997E+2 -1.25000000E-4
1.28199997E+2 -1.25000000E-4
1.29199997E+2 -1.25000000E-4
1.30199997E+2 -1.25000000E-4
1.31199997E+2 -1.25000000E-4
1.32199997E+2 -1.25000000E-4
1.33199997E+2 -1.25000000E-4
1.34199997E+2 -1.25000000E-4
1.35199997E+2 -1.25000000E-4
1.36199997E+2 -1.25000000E-4
1.37199997E+2 -1.25000000E-4
1.38199997E+2 -1.25000000E-4
1.39199997E+2 -1.25000000E-4
1.40199997E+2 -1.25000000E-4
1.41199997E+2 -1.25000000E-4
1.42199997E+2 -1.25000000E-4
1.43199997E+2 -1.25000000E-4
1.44199997E+2 -1.25000000E-4
1.45199997E+2 -1.25000000E-4
1.46199997E+2 -1.25000000E-4
1.47199997E+2 -1.25000000E-4
1.48199997E+2 -1.25000000E-4
1.49199997E+2 -1.25000000E-4
1.50199997E+2 -1.25000000E-4
1.51199997E+2 -1.25000000E-4
1.52199997E+2 -1.25000000E-4
1.53199997E+2 -1.25000000E-4
1.54199997E+2 -1.25000000E-4
1.55199997E+2 -1.25000000E-4
1.56199997E+2 -1.25000000E-4
1.57199997E+2 -1.25000000E-4
1.58199997E+2 -1.25000000E-4
1.59199997E+2 -1.25000000E-4
1.60199997E+2 -1.25000000E-4
1.61199997E+2 -1.25000000E-4
1.62199997E+2 -1.25000000E-4
1.63199997E+2 -1.25000000E-4
1.64199997E+2 -1.25000000E-4
1.65199997E+2 -1.25000000E-4
1.66199997E+2 -1.25000000E-4
1.67199997E+2 -1.25000000E-4
1.68199997E+2 -6.25000000E-5
1.69199997E+2 -1.25000000E-4
1.70199997E+2 -1.25000000E-4
1.71199997E+2 -1.25000000E-4
1.72199997E+2 -1.25000000E-4
1.73199997E+2 -1.25000000E-4
1.74199997E+2 -1.25000000E-4
1.75199997E+2 -1.25000000E-4
1.76199997E+2 -1.25000000E-4
1.77199997E+2 -1.25000000E-4
1.78199997E+2 -1.25000000E-4
1.79199997E+2 -1.25000000E-4
1.80199997E+2 -6.25000000E-5
1.81199997E+2 -1.25000000E-4
1.82199997E+2 -1.25000000E-4
1.83199997E+2 -1.25000000E-4
1.84199997E+2 -1.25000000E-4
1.85199997E+2 -1.25000000E-4
1.86199997E+2 -1.25000000E-4
1.87199997E+2 -1.25000000E-4
1.88199997E+2 -1.25000000E-4
1.89199997E+2 -1.25000000E-4
1.90199997E+2 -1.25000000E-4
1.91199997E+2 -1.25000000E-4
1.92199997E+2 -1.25000000E-4
1.93199997E+2 -1.25000000E-4
1.94199997E+2 -1.25000000E-4
1.95199997E+2 -1.25000000E-4
1.96199997E+2 -1.25000000E-4
1.97199997E+2 -1.25000000E-4
1.98199997E+2 -1.25000000E-4
1.99199997E+2 -1.25000000E-4
2.00199997E+2 -1.25000000E-4
2.01199997E+2 -1.25000000E-4
2.02199997E+2 -1.25000000E-4
2.03199997E+2 -1.25000000E-4
2.04199997E+2 -1.25000000E-4
2.05199997E+2 -1.25000000E-4
2.06199997E+2 -1.25000000E-4
2.07199997E+2 -1.25000000E-4
2.08199997E+2 -1.25000000E-4
2.09199997E+2 -1.25000000E-4
2.10199997E+2 -1.25000000E-4
2.11199997E+2 -1.25000000E-4
2.12199997E+2 -1.25000000E-4
2.13199997E+2 -1.25000000E-4
2.14199997E+2 -1.25000000E-4
2.15199997E+2 -1.25000000E-4
2.16199997E+2 -1.25000000E-4
2.17199997E+2 -1.25000000E-4
2.18199997E+2 -1.25000000E-4
2.19199997E+2 -1.25000000E-4
2.20199997E+2 -1.25000000E-4
2.21199997E+2 -1.25000000E-4
2.22199997E+2 -1.25000000E-4
2.23199997E+2 -1.25000000E-4
2.24199997E+2 -1.25000000E-4
2.25199997E+2 -1.25000000E-4
2.26199997E+2 -1.25000000E-4
2.27199997E+2 -1.25000000E-4
2.28199997E+2 -1.25000000E-4
2.29199997E+2 -1.25000000E-4
2.30199997E+2 -1.25000000E-4
2.31199997E+2 -1.25000000E-4
2.32199997E+2 -1.25000000E-4
2.33199997E+2 -1.25000000E-4
2.34199997E+2 -1.25000000E-4
2.35199997E+2 -1.25000000E-4
2.36199997E+2 -1.25000000E-4
2.37199997E+2 -1.25000000E-4
2.38199997E+2 -1.25000000E-4
2.39199997E+2 -1.25000000E-4
2.40199997E+2 -1.25000000E-4
2.41199997E+2 -1.25000000E-4
2.42199997E+2 -1.25000000E-4
2.43199997E+2 -1.25000000E-4
2.44199997E+2 -1.25000000E-4
2.45199997E+2 -1.25000000E-4
2.46199997E+2 -1.25000000E-4
2.47199997E+2 -1.25000000E-4
2.48199997E+2 -1.25000000E-4
2.49199997E+2 -1.25000000E-4
2.50199997E+2 -1.25000000E-4
2.51199997E+2 -1.25000000E-4
2.52199997E+2 -1.25000000E-4
2.53199997E+2 -1.25000000E-4
2.54199997E+2 -1.25000000E-4
2.55199997E+2 -1.25000000E-4
2.56200012E+2 -1.25000000E-4
2.57200012E+2 -1.25000000E-4
2.58200012E+2 -1.25000000E-4
2.59200012E+2 -1.25000000E-4
2.60200012E+2 -1.25000000E-4
2.61200012E+2 -1.25000000E-4
2.62200012E+2 -1.25000000E-4
2.63200012E+2 -1.25000000E-4
2.64200012E+2 -1.25000000E-4
2.65200012E+2 -1.25000000E-4
2.66200012E+2 -1.25000000E-4
2.67200012E+2 -1.25000000E-4
2.68200012E+2 -1.25000000E-4
2.69200012E+2 -1.25000000E-4
2.70200012E+2 -1.25000000E-4
2.71200012E+2 -1.25000000E-4
2.72200012E+2 -1.25000000E-4
2.73200012E+2 -1.25000000E-4
2.74200012E+2 -1.25000000E-4
2.75200012E+2 -1.25000000E-4
2.76200012E+2 -1.25000000E-4
2.77200012E+2 -1.25000000E-4
2.78200012E+2 -1.25000000E-4
2.79200012E+2 -1.25000000E-4
2.80200012E+2 -1.25000000E-4
2.81200012E+2 -1.25000000E-4
2.82200012E+2 -1.25000000E-4
2.83200012E+2 -1.25000000E-4
2.84200012E+2 -1.25000000E-4
2.85200012E+2 -1.25000000E-4
2.86200012E+2 -1.25000000E-4
2.87200012E+2 -1.25000000E-4
2.88200012E+2 -1.25000000E-4
2.89200012E+2 -1.25000000E-4
2.90200012E+2 -1.25000000E-4
2.91200012E+2 -1.25000000E-4
2.92200012E+2 -1.25000000E-4
2.93200012E+2 -1.25000000E-4
2.94200012E+2 -1.25000000E-4
2.95200012E+2 -1.25000000E-4
2.96200012E+2 -1.25000000E-4
2.97200012E+2 -1.25000000E-4
2.98200012E+2 -1.25000000E-4
2.99200012E+2 -1.25000000E-4
3.00200012E+2 -1.25000000E-4
3.01200012E+2 -1.25000000E-4
3.02200012E+2 -1.25000000E-4
3.03200012E+2 -1.25000000E-4
3.04200012E+2 -1.25000000E-4
3.05200012E+2 -1.25000000E-4
3.06200012E+2 -1.25000000E-4
3.07200012E+2 -1.25000000E-4
3.08200012E+2 -1.25000000E-4
3.09200012E+2 -1.25000000E-4
3.10200012E+2 -1.25000000E-4
3.11200012E+2 -1.25000000E-4
3.12200012E+2 -1.25000000E-4
3.13200012E+2 -1.25000000E-4
3.14200012E+2 -1.25000000E-4
3.15200012E+2 -1.25000000E-4
3.16200012E+2 -1.25000000E-4
3.17200012E+2 -1.25000000E-4
3.18200012E+2 -1.25000000E-4
3.19200012E+2 -1.25000000E-4
3.20200012E+2 -1.25000000E-4
3.21200012E+2 -1.25000000E-4
3.22200012E+2 -1.25000000E-4
3.23200012E+2 -1.25000000E-4
3.24200012E+2 -1.25000000E-4
3.25200012E+2 -1.25000000E-4
3.26200012E+2 -1.25000000E-4
3.27200012E+2 -6.25000000E-5
3.28200012E+2 -1.25000000E-4
3.29200012E+2 -1.25000000E-4
3.30200012E+2 -1.25000000E-4
3.31200012E+2 -1.25000000E-4
3.32200012E+2 -1.25000000E-4
3.33200012E+2 -1.25000000E-4
3.34200012E+2 -1.25000000E-4
3.35200012E+2 -1.25000000E-4
3.36200012E+2 -1.25000000E-4
3.37200012E+2 -1.25000000E-4
3.38200012E+2 -1.25000000E-4
3.39200012E+2 -1.25000000E-4
3.40200012E+2 -1.25000000E-4
3.41200012E+2 -1.25000000E-4
3.42200012E+2 -1.25000000E-4
3.43200012E+2 -1.25000000E-4
3.44200012E+2 -1.25000000E-4
3.45200012E+2 -1.25000000E-4
3.46200012E+2 -1.25000000E-4
3.47200012E+2 -1.25000000E-4
3.48200012E+2 -1.25000000E-4
3.49200012E+2 -1.25000000E-4
3.50200012E+2 -1.25000000E-4
3.51200012E+2 -1.25000000E-4
3.52200012E+2 -1.25000000E-4
3.53200012E+2 -1.25000000E-4
3.54200012E+2 -1.25000000E-4
3.55200012E+2 -1.25000000E-4
3.56200012E+2 -1.25000000E-4
3.57200012E+2 -1.25000000E-4
3.58200012E+2 -1.25000000E-4
3.59200012E+2 -1.25000000E-4
3.60200012E+2 -1.25000000E-4
3.61200012E+2 -1.25000000E-4
3.62200012E+2 -1.25000000E-4
3.63200012E+2 -1.25000000E-4
3.64200012E+2 -1.25000000E-4
3.65200012E+2 -1.25000000E-4
3.66200012E+2 -1.25000000E-4
3.67200012E+2 -1.25000000E-4
3.68200012E+2 -1.25000000E-4
3.69200012E+2 -1.25000000E-4
3.70200012E+2 -1.25000000E-4
3.71200012E+2 -1.25000000E-4
3.72200012E+2 -1.25000000E-4
3.73200012E+2 -1.25000000E-4
3.74200012E+2 -1.25000000E-4
3.75200012E+2 -1.25000000E-4
3.76200012E+2 -1.25000000E-4
3.77200012E+2 -1.25000000E-4
3.78200012E+2 -1.25000000E-4
3.79200012E+2 -1.25000000E-4
3.80200012E+2 -1.25000000E-4
3.81200012E+2 -1.25000000E-4
3.82200012E+2 -1.25000000E-4
3.83200012E+2 -1.25000000E-4
3.84200012E+2 -1.25000000E-4
3.85200012E+2 -1.25000000E-4
3.86200012E+2 -1.25000000E-4
3.87200012E+2 -1.25000000E-4
3.88200012E+2 -1.25000000E-4
3.89200012E+2 -1.25000000E-4
3.90200012E+2 -1.25000000E-4
3.91200012E+2 -1.25000000E-4
3.92200012E+2 -1.25000000E-4
3.93200012E+2 -1.25000000E-4
3.94200012E+2 -1.25000000E-4
3.95200012E+2 -1.25000000E-4
3.96200012E+2 -1.25000000E-4
3.97200012E+2 -1.25000000E-4
3.98200012E+2 -1.25000000E-4
3.99200012E+2 -1.25000000E-4
4.00200012E+2 -1.25000000E-4
4.01200012E+2 -1.25000000E-4
4.02200012E+2 -1.25000000E-4
4.03200012E+2 -1.25000000E-4
4.04200012E+2 -1.25000000E-4
4.05200012E+2 -1.25000000E-4
4.06200012E+2 -1.25000000E-4
4.07399994E+2 -1.25000000E-4
4.08200012E+2 -1.25000000E-4
4.09500000E+2 -1.25000000E-4
4.10299988E+2 -1.25000000E-4
4.11299988E+2 -1.25000000E-4
4.12299988E+2 -1.25000000E-4
4.13299988E+2 -1.25000000E-4
4.14299988E+2 -1.25000000E-4
4.15299988E+2 -1.25000000E-4
4.16299988E+2 -1.25000000E-4
4.17299988E+2 -1.25000000E-4
4.18299988E+2 -1.25000000E-4
4.19299988E+2 -1.25000000E-4
4.20299988E+2 -1.25000000E-4
4.21299988E+2 -1.25000000E-4
4.22299988E+2 -1.25000000E-4
4.23299988E+2 -1.25000000E-4
4.24299988E+2 -1.25000000E-4
4.25299988E+2 -1.25000000E-4
4.26299988E+2 -1.25000000E-4
4.27299988E+2 -1.25000000E-4
4.28299988E+2 -1.25000000E-4
4.29299988E+2 -1.25000000E-4
4.30299988E+2 -1.25000000E-4
4.31299988E+2 -1.25000000E-4
4.32299988E+2 -1.25000000E-4
4.33299988E+2 -1.25000000E-4
4.34299988E+2 -1.25000000E-4
4.35299988E+2 -1.25000000E-4
4.36299988E+2 -1.25000000E-4
4.37299988E+2 -1.25000000E-4
4.38299988E+2 -1.25000000E-4
4.39299988E+2 -1.25000000E-4
4.40299988E+2 -1.25000000E-4
4.41299988E+2 -1.25000000E-4
4.42299988E+2 -1.25000000E-4
4.43299988E+2 -1.25000000E-4
4.44299988E+2 -1.25000000E-4
4.45299988E+2 -1.25000000E-4
4.46299988E+2 -1.25000000E-4
4.47299988E+2 -1.25000000E-4
4.48299988E+2 -1.25000000E-4
4.49299988E+2 -1.25000000E-4
4.50299988E+2 -1.25000000E-4
4.51299988E+2 -1.25000000E-4
4.52299988E+2 -1.25000000E-4
4.53399994E+2 -1.25000000E-4
4.54399994E+2 -1.25000000E-4
4.55399994E+2 -1.25000000E-4
4.56399994E+2 -1.25000000E-4
4.57399994E+2 -1.25000000E-4
4.58399994E+2 -1.25000000E-4
4.59399994E+2 -1.25000000E-4
4.60399994E+2 -1.25000000E-4
4.61399994E+2 -1.25000000E-4
4.62399994E+2 -1.25000000E-4
4.63500000E+2 -1.25000000E-4
4.64500000E+2 -1.25000000E-4
4.65500000E+2 -1.25000000E-4
4.66500000E+2 -1.25000000E-4
4.67500000E+2 -1.25000000E-4
4.68500000E+2 -1.25000000E-4
4.69500000E+2 -1.25000000E-4
4.70500000E+2 -1.25000000E-4
4.71500000E+2 -1.25000000E-4
4.72500000E+2 -1.25000000E-4
4.73500000E+2 -1.25000000E-4
4.74500000E+2 -1.25000000E-4
4.75500000E+2 -1.25000000E-4
4.76500000E+2 -1.25000000E-4
4.77500000E+2 -1.25000000E-4
4.78500000E+2 -1.25000000E-4
4.79500000E+2 -1.25000000E-4
4.80500000E+2 -1.25000000E-4
4.81500000E+2 -1.25000000E-4
4.82500000E+2 -1.25000000E-4
4.83500000E+2 -1.25000000E-4
4.84500000E+2 -1.25000000E-4
4.85500000E+2 -1.25000000E-4
4.86500000E+2 -1.25000000E-4
4.87500000E+2 -1.25000000E-4
4.88500000E+2 -1.25000000E-4
4.89500000E+2 -1.25000000E-4
4.90500000E+2 -1.25000000E-4
4.91500000E+2 -1.25000000E-4
4.92500000E+2 -1.25000000E-4
4.93500000E+2 -1.25000000E-4
4.94500000E+2 -1.25000000E-4
4.95500000E+2 -1.25000000E-4
4.96500000E+2 -1.25000000E-4
4.97500000E+2 -1.25000000E-4
4.98500000E+2 -1.25000000E-4
4.99500000E+2 -1.25000000E-4
5.00500000E+2 -1.25000000E-4
5.01500000E+2 -1.25000000E-4
5.02500000E+2 -1.25000000E-4
5.03500000E+2 -1.25000000E-4
5.04500000E+2 -1.25000000E-4
5.05500000E+2 -1.25000000E-4
5.06500000E+2 -1.25000000E-4
5.07500000E+2 -1.25000000E-4
5.08500000E+2 -1.25000000E-4
5.09500000E+2 -1.25000000E-4
5.10500000E+2 -1.25000000E-4
5.11500000E+2 -1.25000000E-4
5.12500000E+2 -1.25000000E-4
5.13500000E+2 -1.25000000E-4
5.14500000E+2 -1.25000000E-4
5.15500000E+2 -1.25000000E-4
5.16500000E+2 -1.25000000E-4
5.17500000E+2 -1.25000000E-4
5.18500000E+2 -1.25000000E-4
5.19500000E+2 -1.25000000E-4
5.20500000E+2 -1.25000000E-4
5.21500000E+2 -1.25000000E-4
5.22500000E+2 -1.25000000E-4
5.23500000E+2 -1.25000000E-4
5.24500000E+2 -1.25000000E-4
5.25500000E+2 -1.25000000E-4
5.26500000E+2 -1.25000000E-4
5.27500000E+2 -1.25000000E-4
5.28500000E+2 -1.25000000E-4
5.29500000E+2 -1.25000000E-4
5.30500000E+2 -1.25000000E-4
5.31500000E+2 -1.25000000E-4
5.32500000E+2 -1.25000000E-4
5.33500000E+2 -1.25000000E-4
5.34500000E+2 -1.25000000E-4
5.35500000E+2 -1.25000000E-4
5.36500000E+2 -1.25000000E-4
5.37500000E+2 -1.25000000E-4
5.38500000E+2 -1.25000000E-4
5.39500000E+2 -1.25000000E-4
5.40500000E+2 -1.25000000E-4
5.41500000E+2 -1.25000000E-4
5.42500000E+2 -1.25000000E-4
5.43500000E+2 -1.25000000E-4
5.44500000E+2 -1.25000000E-4
5.45500000E+2 -1.25000000E-4
5.46500000E+2 -1.25000000E-4
5.47500000E+2 -1.25000000E-4
5.48500000E+2 -1.25000000E-4
5.49500000E+2 -1.25000000E-4
5.50500000E+2 -1.25000000E-4
5.51500000E+2 -1.25000000E-4
5.52500000E+2 -1.25000000E-4
5.53500000E+2 -1.25000000E-4
5.54500000E+2 -1.25000000E-4
5.55500000E+2 -1.25000000E-4
5.56500000E+2 -1.25000000E-4
5.57500000E+2 -1.25000000E-4
5.58500000E+2 -1.25000000E-4
5.59500000E+2 -1.25000000E-4
5.60500000E+2 -1.25000000E-4
5.61500000E+2 -1.25000000E-4
5.62500000E+2 -1.25000000E-4
5.63500000E+2 -1.25000000E-4
5.64500000E+2 -1.25000000E-4
5.65500000E+2 -1.25000000E-4
5.66500000E+2 -1.25000000E-4
5.67500000E+2 -1.25000000E-4
5.68500000E+2 -1.25000000E-4
5.69500000E+2 -1.25000000E-4
5.70500000E+2 -1.25000000E-4
5.71500000E+2 -1.25000000E-4
5.72500000E+2 -1.25000000E-4
5.73500000E+2 -1.25000000E-4
5.74500000E+2 -1.25000000E-4
5.75500000E+2 -1.25000000E-4
5.76500000E+2 -1.25000000E-4
5.77500000E+2 -1.25000000E-4
5.78500000E+2 -1.25000000E-4
5.79500000E+2 -1.25000000E-4
5.80500000E+2 -1.25000000E-4
5.81500000E+2 -1.25000000E-4
5.82500000E+2 -1.25000000E-4
5.83500000E+2 -1.25000000E-4
5.84500000E+2 -1.25000000E-4
5.85500000E+2 -1.25000000E-4
5.86500000E+2 -1.25000000E-4
5.87500000E+2 -1.25000000E-4
5.88500000E+2 -1.25000000E-4
5.89500000E+2 -1.25000000E-4
5.90500000E+2 -1.25000000E-4
5.91500000E+2 -1.25000000E-4
5.92500000E+2 -1.25000000E-4
5.93500000E+2 -1.25000000E-4
5.94500000E+2 -1.25000000E-4
5.95500000E+2 -1.25000000E-4
5.96500000E+2 -1.25000000E-4
5.97500000E+2 -1.25000000E-4
5.98500000E+2 -1.25000000E-4
5.99500000E+2 -1.25000000E-4
6.00500000E+2 -1.25000000E-4
6.01500000E+2 -1.25000000E-4
6.02500000E+2 -1.25000000E-4
6.03500000E+2 -1.25000000E-4
6.04500000E+2 -1.25000000E-4
6.05500000E+2 -1.25000000E-4
6.06500000E+2 -1.25000000E-4
6.07500000E+2 -1.25000000E-4
6.08500000E+2 -1.25000000E-4
6.09500000E+2 -1.25000000E-4
6.10500000E+2 -1.25000000E-4
6.11500000E+2 -1.25000000E-4
6.12500000E+2 -1.25000000E-4
6.13500000E+2 -1.25000000E-4
6.14500000E+2 -1.25000000E-4
6.15500000E+2 -1.25000000E-4
6.16500000E+2 -1.25000000E-4
6.17500000E+2 -1.25000000E-4
6.18500000E+2 -1.25000000E-4
6.19500000E+2 -1.25000000E-4
6.20500000E+2 -1.25000000E-4
6.21500000E+2 -1.25000000E-4
6.22500000E+2 -1.25000000E-4
6.23500000E+2 -1.25000000E-4
6.24500000E+2 -1.25000000E-4
6.25500000E+2 -1.25000000E-4
6.26500000E+2 -1.25000000E-4
6.27500000E+2 -1.25000000E-4
6.28500000E+2 -1.25000000E-4
6.29500000E+2 -1.25000000E-4
6.30500000E+2 -1.25000000E-4
6.31500000E+2 -1.25000000E-4
6.32500000E+2 -1.25000000E-4
6.33500000E+2 -1.25000000E-4
6.34500000E+2 -1.25000000E-4
6.35500000E+2 -1.25000000E-4
6.36500000E+2 -1.25000000E-4
6.37500000E+2 -1.25000000E-4
6.38500000E+2 -1.25000000E-4
6.39500000E+2 -1.25000000E-4
6.40500000E+2 -1.25000000E-4
6.41500000E+2 -1.25000000E-4
6.42500000E+2 -1.25000000E-4
6.43500000E+2 -1.25000000E-4
6.44500000E+2 -1.25000000E-4
6.45500000E+2 -1.25000000E-4
6.46500000E+2 -1.25000000E-4
6.47500000E+2 -1.25000000E-4
6.48500000E+2 -1.25000000E-4
6.49500000E+2 -1.25000000E-4
6.50500000E+2 -1.25000000E-4
6.51500000E+2 -1.25000000E-4
6.52500000E+2 -1.25000000E-4
6.53500000E+2 -1.25000000E-4
6.54500000E+2 -1.25000000E-4
6.55500000E+2 -1.25000000E-4
6.56500000E+2 -1.25000000E-4
6.57500000E+2 -1.25000000E-4
6.58500000E+2 -1.25000000E-4
6.59500000E+2 -1.25000000E-4
6.60500000E+2 -1.25000000E-4
6.61500000E+2 -1.25000000E-4
6.62500000E+2 -1.25000000E-4
6.63500000E+2 -1.25000000E-4
6.64500000E+2 -1.25000000E-4
6.65500000E+2 -1.25000000E-4
6.66500000E+2 -1.25000000E-4
6.67500000E+2 -1.25000000E-4
6.68500000E+2 -1.25000000E-4
6.69500000E+2 -1.25000000E-4
6.70500000E+2 -1.25000000E-4
6.71500000E+2 -1.25000000E-4
6.72500000E+2 -1.25000000E-4
6.73500000E+2 -1.25000000E-4
6.74500000E+2 -1.25000000E-4
6.75500000E+2 -1.25000000E-4
6.76500000E+2 -1.25000000E-4
6.77500000E+2 -1.25000000E-4
6.78500000E+2 -1.25000000E-4
6.79500000E+2 -1.25000000E-4
6.80500000E+2 -1.25000000E-4
6.81500000E+2 -1.25000000E-4
6.82500000E+2 -1.25000000E-4
6.83500000E+2 -1.25000000E-4
6.84500000E+2 -1.25000000E-4
6.85500000E+2 -1.25000000E-4
6.86500000E+2 -1.25000000E-4
6.87500000E+2 -1.25000000E-4
6.88500000E+2 -1.25000000E-4
6.89500000E+2 -1.25000000E-4
6.90500000E+2 -1.25000000E-4
6.91500000E+2 -1.25000000E-4
6.92500000E+2 -1.25000000E-4
6.93500000E+2 -1.25000000E-4
6.94500000E+2 -1.25000000E-4
6.95500000E+2 -1.25000000E-4
6.96500000E+2 -1.25000000E-4
6.97500000E+2 -1.25000000E-4
6.98500000E+2 -1.25000000E-4
6.99500000E+2 -1.25000000E-4
7.00500000E+2 -1.25000000E-4
7.01500000E+2 -1.25000000E-4
7.02500000E+2 -1.25000000E-4
7.03500000E+2 -1.25000000E-4
7.04500000E+2 -1.25000000E-4
7.05500000E+2 -1.25000000E-4
7.06500000E+2 -1.25000000E-4
7.07500000E+2 -1.25000000E-4
7.08500000E+2 -1.25000000E-4
7.09500000E+2 -1.25000000E-4
7.10500000E+2 -1.25000000E-4
7.11500000E+2 -1.25000000E-4
7.12500000E+2 -1.25000000E-4
7.13500000E+2 -1.25000000E-4
7.14500000E+2 -1.25000000E-4
7.15500000E+2 -1.25000000E-4
7.16500000E+2 -1.25000000E-4
7.17500000E+2 -1.25000000E-4
7.18500000E+2 -1.25000000E-4
7.19500000E+2 -1.25000000E-4
7.20500000E+2 -1.25000000E-4
7.21500000E+2 -1.25000000E-4
7.22500000E+2 -1.25000000E-4
7.23500000E+2 -1.25000000E-4
7.24500000E+2 -1.25000000E-4
7.25500000E+2 -1.25000000E-4
7.26500000E+2 -1.25000000E-4
7.27500000E+2 -1.25000000E-4
7.28500000E+2 -1.25000000E-4
7.29500000E+2 -1.25000000E-4
7.30500000E+2 -1.25000000E-4
7.31500000E+2 -1.25000000E-4
7.32500000E+2 -1.25000000E-4
7.33500000E+2 -1.25000000E-4
7.34500000E+2 -1.25000000E-4
7.35500000E+2 -1.25000000E-4
7.36500000E+2 -1.25000000E-4
7.37500000E+2 -1.25000000E-4
7.38500000E+2 -1.25000000E-4
7.39500000E+2 -1.25000000E-4
7.40500000E+2 -1.25000000E-4
7.41500000E+2 -1.25000000E-4
7.42500000E+2 -1.25000000E-4
7.43500000E+2 -1.25000000E-4
7.44500000E+2 -1.25000000E-4
7.45500000E+2 -1.25000000E-4
7.46500000E+2 -1.25000000E-4
7.47500000E+2 -1.25000000E-4
7.48500000E+2 -1.25000000E-4
7.49500000E+2 -1.25000000E-4
7.50500000E+2 -1.25000000E-4
7.51500000E+2 -1.25000000E-4
7.52500000E+2 -1.25000000E-4
7.53500000E+2 -1.25000000E-4
7.54500000E+2 -1.25000000E-4
7.55500000E+2 -1.25000000E-4
7.56500000E+2 -1.25000000E-4
7.57500000E+2 -1.25000000E-4
7.58500000E+2 -1.25000000E-4
7.59500000E+2 -1.25000000E-4
7.60500000E+2 -1.25000000E-4
7.61500000E+2 -1.25000000E-4
7.62500000E+2 -1.25000000E-4
7.63500000E+2 -1.25000000E-4
7.64500000E+2 -1.25000000E-4
7.65500000E+2 -1.25000000E-4
7.66500000E+2 -1.25000000E-4
7.67500000E+2 -1.25000000E-4
7.68500000E+2 -1.25000000E-4
7.69500000E+2 -1.25000000E-4
7.70500000E+2 -1.25000000E-4
7.71500000E+2 -1.25000000E-4
7.72500000E+2 -1.25000000E-4
7.73500000E+2 -1.25000000E-4
7.74500000E+2 -1.25000000E-4
7.75500000E+2 -1.25000000E-4
7.76500000E+2 -1.25000000E-4
7.77500000E+2 -1.25000000E-4
7.78500000E+2 -1.25000000E-4
7.79500000E+2 -1.25000000E-4
7.80500000E+2 -1.25000000E-4
7.81500000E+2 -1.25000000E-4
7.82500000E+2 -1.25000000E-4
7.83500000E+2 -1.25000000E-4
7.84500000E+2 -1.25000000E-4
7.85500000E+2 -1.25000000E-4
7.86500000E+2 -1.25000000E-4
7.87500000E+2 -1.25000000E-4
7.88500000E+2 -1.25000000E-4
7.89500000E+2 -1.25000000E-4
7.90500000E+2 -1.25000000E-4
7.91500000E+2 -1.25000000E-4
7.92500000E+2 -1.25000000E-4
7.93500000E+2 -1.25000000E-4
7.94500000E+2 -1.25000000E-4
7.95500000E+2 -1.25000000E-4
7.96500000E+2 -1.25000000E-4
7.97500000E+2 -1.25000000E-4
7.98500000E+2 -1.25000000E-4
7.99500000E+2 -1.25000000E-4
8.00500000E+2 -1.25000000E-4
8.01500000E+2 -1.25000000E-4
8.02500000E+2 -1.25000000E-4
8.03500000E+2 -1.25000000E-4
8.04500000E+2 -1.25000000E-4
8.05500000E+2 -1.25000000E-4
8.06500000E+2 -1.25000000E-4
8.07500000E+2 -1.25000000E-4
8.08500000E+2 -1.25000000E-4
8.09500000E+2 -1.25000000E-4
8.10500000E+2 -1.25000000E-4
8.11500000E+2 -1.25000000E-4
8.12500000E+2 -1.25000000E-4
8.13500000E+2 -1.25000000E-4
8.14500000E+2 -1.25000000E-4
8.15500000E+2 -1.25000000E-4
8.16500000E+2 -1.25000000E-4
8.17500000E+2 -1.25000000E-4
8.18500000E+2 -1.25000000E-4
8.19500000E+2 -1.25000000E-4
8.20500000E+2 -1.25000000E-4
8.21500000E+2 -1.25000000E-4
8.22500000E+2 -1.25000000E-4
8.23500000E+2 -1.25000000E-4
8.24500000E+2 -1.25000000E-4
8.25500000E+2 -1.25000000E-4
8.26500000E+2 -1.25000000E-4
8.27500000E+2 -1.25000000E-4
8.28500000E+2 -1.25000000E-4
8.29500000E+2 -1.25000000E-4
8.30500000E+2 -1.25000000E-4
8.31500000E+2 -1.25000000E-4
8.32500000E+2 -1.25000000E-4
8.33500000E+2 -1.25000000E-4
8.34500000E+2 -1.25000000E-4
8.35500000E+2 -1.25000000E-4
8.36500000E+2 -1.25000000E-4
8.37500000E+2 -1.25000000E-4
8.38500000E+2 -1.25000000E-4
8.39500000E+2 -1.25000000E-4
8.40500000E+2 -1.25000000E-4
8.41500000E+2 -1.25000000E-4
8.42500000E+2 -1.25000000E-4
8.43500000E+2 -1.25000000E-4
8.44500000E+2 -1.25000000E-4
8.45500000E+2 -1.25000000E-4
8.46500000E+2 -1.25000000E-4
8.47500000E+2 -1.25000000E-4
8.48500000E+2 -1.25000000E-4
8.49500000E+2 -1.25000000E-4
8.50500000E+2 -1.25000000E-4
8.51500000E+2 -1.25000000E-4
8.52500000E+2 -1.25000000E-4
8.53500000E+2 -1.25000000E-4
8.54500000E+2 -1.25000000E-4
8.55500000E+2 -1.25000000E-4
8.56500000E+2 -1.25000000E-4
8.57500000E+2 -1.25000000E-4
8.58500000E+2 -1.25000000E-4
8.59500000E+2 -1.25000000E-4
8.60500000E+2 -1.25000000E-4
8.61500000E+2 -1.25000000E-4
8.62500000E+2 -1.25000000E-4
8.63500000E+2 -1.25000000E-4
8.64500000E+2 -1.25000000E-4
8.65500000E+2 -1.25000000E-4
8.66500000E+2 -1.25000000E-4
8.67500000E+2 -1.25000000E-4
8.68500000E+2 -6.25000000E-5
8.69500000E+2 -1.25000000E-4
8.70599976E+2 -1.25000000E-4
8.71599976E+2 -1.25000000E-4
8.72599976E+2 -1.25000000E-4
8.73599976E+2 -1.25000000E-4
8.74599976E+2 -1.25000000E-4
8.75599976E+2 -1.25000000E-4
8.76599976E+2 -1.25000000E-4
8.77599976E+2 -1.25000000E-4
8.78599976E+2 -1.25000000E-4
8.79599976E+2 -1.25000000E-4
8.80599976E+2 -1.25000000E-4
8.81599976E+2 -1.25000000E-4
8.82599976E+2 -1.25000000E-4
8.83599976E+2 -1.25000000E-4
8.84599976E+2 -1.25000000E-4
8.85599976E+2 -1.25000000E-4
8.86599976E+2 -1.25000000E-4
8.87599976E+2 -1.25000000E-4
8.88599976E+2 -1.25000000E-4
8.89599976E+2 -1.25000000E-4
8.90599976E+2 -1.25000000E-4
8.91599976E+2 -1.25000000E-4
8.92599976E+2 -1.25000000E-4
8.93599976E+2 -1.25000000E-4
8.94599976E+2 -1.25000000E-4
8.95599976E+2 -1.25000000E-4
8.96599976E+2 -1.25000000E-4
8.97599976E+2 -1.25000000E-4
8.98599976E+2 -1.25000000E-4
8.99599976E+2 -1.25000000E-4
9.00599976E+2 -1.25000000E-4
9.01599976E+2 -1.25000000E-4
9.02599976E+2 -1.25000000E-4
9.03599976E+2 -1.25000000E-4
9.04599976E+2 -1.25000000E-4
9.05599976E+2 -1.25000000E-4
9.06599976E+2 -1.25000000E-4
9.07599976E+2 -1.25000000E-4
9.08599976E+2 -1.25000000E-4
9.09599976E+2 -1.25000000E-4
9.10599976E+2 -1.25000000E-4
9.11599976E+2 -1.25000000E-4
9.12599976E+2 -1.25000000E-4
9.13599976E+2 -1.25000000E-4
9.14599976E+2 -1.25000000E-4
9.15599976E+2 -1.25000000E-4
9.16599976E+2 -1.25000000E-4
9.17599976E+2 -1.25000000E-4
9.18599976E+2 -1.25000000E-4
9.19599976E+2 -1.25000000E-4
9.20599976E+2 -1.25000000E-4
9.21599976E+2 -1.25000000E-4
9.22599976E+2 -1.25000000E-4
9.23599976E+2 -1.25000000E-4
9.24599976E+2 -1.25000000E-4
9.25599976E+2 -1.25000000E-4
9.26599976E+2 -1.25000000E-4
9.27599976E+2 -1.25000000E-4
9.28599976E+2 -1.25000000E-4
9.29599976E+2 -1.25000000E-4
9.30599976E+2 -1.25000000E-4
9.31599976E+2 -1.25000000E-4
9.32599976E+2 -1.25000000E-4
9.33599976E+2 -1.25000000E-4
9.34599976E+2 -1.25000000E-4
9.35599976E+2 -1.25000000E-4
9.36599976E+2 -1.25000000E-4
9.37599976E+2 -1.25000000E-4
9.38599976E+2 -1.25000000E-4
9.39599976E+2 -1.25000000E-4
9.40599976E+2 -1.25000000E-4
9.41599976E+2 -1.25000000E-4
9.42599976E+2 -1.25000000E-4
9.43599976E+2 -1.25000000E-4
9.44599976E+2 -1.25000000E-4
9.45599976E+2 -1.25000000E-4
9.46599976E+2 -1.25000000E-4
9.47599976E+2 -1.25000000E-4
9.48599976E+2 -1.25000000E-4
9.49599976E+2 -1.25000000E-4
9.50599976E+2 -1.25000000E-4
9.51599976E+2 -1.25000000E-4
9.52599976E+2 -1.25000000E-4
9.53599976E+2 -1.25000000E-4
9.54599976E+2 -1.25000000E-4
9.55599976E+2 -1.25000000E-4
9.56599976E+2 -1.25000000E-4
9.57599976E+2 -1.25000000E-4
9.58599976E+2 -1.25000000E-4
9.59599976E+2 -1.25000000E-4
9.60599976E+2 -1.25000000E-4
9.61599976E+2 -1.25000000E-4
9.62599976E+2 -1.25000000E-4
9.63599976E+2 -1.25000000E-4
9.64599976E+2 -1.25000000E-4
9.65599976E+2 -1.25000000E-4
9.66599976E+2 -1.25000000E-4
9.67599976E+2 -1.25000000E-4
9.68599976E+2 -1.25000000E-4
9.69599976E+2 -1.25000000E-4
9.70599976E+2 -1.25000000E-4
9.71599976E+2 -1.25000000E-4
9.72599976E+2 -1.25000000E-4
9.73599976E+2 -1.25000000E-4
9.74599976E+2 -1.25000000E-4
9.75599976E+2 -1.25000000E-4
9.76599976E+2 -1.25000000E-4
9.77599976E+2 -1.25000000E-4
9.78599976E+2 -1.25000000E-4
9.79599976E+2 -1.25000000E-4
9.80599976E+2 -1.25000000E-4
9.81599976E+2 -1.25000000E-4
9.82700012E+2 -1.25000000E-4
9.83700012E+2 -1.25000000E-4
9.84700012E+2 -1.25000000E-4
9.85700012E+2 -1.25000000E-4
9.86700012E+2 -1.25000000E-4
9.87700012E+2 -1.25000000E-4
9.88700012E+2 -1.25000000E-4
9.89700012E+2 -1.25000000E-4
9.90700012E+2 -1.25000000E-4
9.91700012E+2 -1.25000000E-4
9.92700012E+2 -1.25000000E-4
9.93700012E+2 -1.25000000E-4
9.94700012E+2 -1.25000000E-4
9.95700012E+2 -1.25000000E-4
9.96700012E+2 -1.25000000E-4
9.97700012E+2 -1.25000000E-4
9.98700012E+2 -1.25000000E-4
9.99700012E+2 -1.25000000E-4
1.00070001E+3 -1.25000000E-4
1.00170001E+3 -1.25000000E-4
1.00270001E+3 -1.25000000E-4
1.00370001E+3 -1.25000000E-4
1.00470001E+3 -1.25000000E-4
1.00570001E+3 -1.25000000E-4
1.00670001E+3 -1.25000000E-4
1.00770001E+3 -1.25000000E-4
1.00870001E+3 -1.25000000E-4
1.00970001E+3 -1.25000000E-4
1.01070001E+3 -1.25000000E-4
1.01170001E+3 -1.25000000E-4
1.01270001E+3 -1.25000000E-4
1.01370001E+3 -1.25000000E-4
1.01470001E+3 -1.25000000E-4
1.01570001E+3 -1.25000000E-4
1.01670001E+3 -1.25000000E-4
1.01770001E+3 -1.25000000E-4
1.01870001E+3 -1.25000000E-4
1.01970001E+3 -1.25000000E-4
1.02070001E+3 -1.25000000E-4
1.02170001E+3 -1.25000000E-4
1.02270001E+3 -1.25000000E-4
1.02370001E+3 -1.25000000E-4
1.02469995E+3 -1.25000000E-4
1.02569995E+3 -1.25000000E-4
1.02669995E+3 -1.25000000E-4
1.02769995E+3 -1.25000000E-4
1.02869995E+3 -1.25000000E-4
1.02969995E+3 -1.25000000E-4
1.03069995E+3 -1.25000000E-4
1.03169995E+3 -1.25000000E-4
1.03269995E+3 -1.25000000E-4
1.03369995E+3 -1.25000000E-4
1.03469995E+3 -1.25000000E-4
1.03569995E+3 -1.25000000E-4
1.03669995E+3 -1.25000000E-4
1.03769995E+3 -1.25000000E-4
1.03869995E+3 -1.25000000E-4
1.03969995E+3 -1.25000000E-4
1.04069995E+3 -1.25000000E-4
1.04169995E+3 -1.25000000E-4
1.04269995E+3 -1.25000000E-4
1.04369995E+3 -1.25000000E-4
1.04469995E+3 -1.25000000E-4
1.04569995E+3 -1.25000000E-4
1.04669995E+3 -1.25000000E-4
1.04769995E+3 -1.25000000E-4
1.04869995E+3 -1.25000000E-4
1.04969995E+3 -1.25000000E-4
1.05069995E+3 -1.25000000E-4
1.05169995E+3 -1.25000000E-4
1.05269995E+3 -1.25000000E-4
1.05369995E+3 -1.25000000E-4
1.05469995E+3 -1.25000000E-4
1.05569995E+3 -1.25000000E-4
1.05669995E+3 -1.25000000E-4
1.05769995E+3 -1.25000000E-4
1.05869995E+3 -1.25000000E-4
1.05969995E+3 -1.25000000E-4
1.06069995E+3 -1.25000000E-4
1.06169995E+3 -1.25000000E-4
1.06269995E+3 -1.25000000E-4
1.06369995E+3 -1.25000000E-4
1.06469995E+3 -1.25000000E-4
1.06569995E+3 -1.25000000E-4
1.06669995E+3 -1.25000000E-4
1.06769995E+3 -1.25000000E-4
1.06869995E+3 -1.25000000E-4
1.06969995E+3 -1.25000000E-4
1.07069995E+3 -1.25000000E-4
1.07169995E+3 -1.25000000E-4
1.07269995E+3 -1.25000000E-4
1.07369995E+3 -1.25000000E-4
1.07469995E+3 -1.25000000E-4
1.07569995E+3 -1.25000000E-4
1.07669995E+3 -1.25000000E-4
1.07769995E+3 -1.25000000E-4
1.07869995E+3 -1.25000000E-4
1.07969995E+3 -1.25000000E-4
1.08069995E+3 -1.25000000E-4
1.08169995E+3 -1.25000000E-4
1.08269995E+3 -1.25000000E-4
1.08369995E+3 -1.25000000E-4
1.08469995E+3 -1.25000000E-4
1.08569995E+3 -1.25000000E-4
1.08669995E+3 -1.25000000E-4
1.08769995E+3 -1.25000000E-4
1.08869995E+3 -1.25000000E-4
1.08969995E+3 -1.25000000E-4
1.09069995E+3 -1.25000000E-4
1.09169995E+3 -1.25000000E-4
1.09269995E+3 -1.25000000E-4
1.09369995E+3 -1.25000000E-4
1.09469995E+3 -1.25000000E-4
1.09569995E+3 -1.25000000E-4
1.09669995E+3 -1.25000000E-4
1.09769995E+3 -1.25000000E-4
1.09869995E+3 -1.25000000E-4
1.09969995E+3 -1.25000000E-4
1.10069995E+3 -1.25000000E-4
1.10169995E+3 -1.25000000E-4
1.10269995E+3 -1.25000000E-4
1.10369995E+3 -1.25000000E-4
1.10469995E+3 -1.25000000E-4
1.10569995E+3 -1.25000000E-4
1.10669995E+3 -1.25000000E-4
1.10769995E+3 -1.25000000E-4
1.10869995E+3 -1.25000000E-4
1.10969995E+3 -1.25000000E-4
1.11069995E+3 -1.25000000E-4
1.11169995E+3 -1.25000000E-4
1.11269995E+3 -1.25000000E-4
1.11369995E+3 -1.25000000E-4
1.11469995E+3 -1.25000000E-4
1.11569995E+3 -1.25000000E-4
1.11669995E+3 -1.25000000E-4
1.11769995E+3 -1.25000000E-4
1.11869995E+3 -1.25000000E-4
1.11980005E+3 -1.25000000E-4
