0.00000000E+0 -1.25000000E-4
1.20000005E+0 -1.25000000E-4
2.29999995E+0 -1.25000000E-4
3.20000005E+0 -1.25000000E-4
4.30000019E+0 -1.25000000E-4
5.30000019E+0 -1.25000000E-4
6.30000019E+0 -1.25000000E-4
7.30000019E+0 -1.25000000E-4
8.30000019E+0 -1.25000000E-4
9.30000019E+0 -1.25000000E-4
1.03000002E+1 -1.25000000E-4
1.13000002E+1 -1.25000000E-4
1.23000002E+1 -1.25000000E-4
1.33000002E+1 -1.25000000E-4
1.43000002E+1 -1.25000000E-4
1.53000002E+1 -1.25000000E-4
1.62999992E+1 -1.25000000E-4
1.72999992E+1 -1.25000000E-4
1.82999992E+1 -1.25000000E-4
1.92999992E+1 -1.25000000E-4
2.02999992E+1 -1.25000000E-4
2.12999992E+1 -1.25000000E-4
2.22999992E+1 -1.25000000E-4
2.32999992E+1 -1.25000000E-4
2.42999992E+1 -1.25000000E-4
2.52999992E+1 -1.25000000E-4
2.62999992E+1 -1.25000000E-4
2.72999992E+1 -1.25000000E-4
2.82999992E+1 -1.25000000E-4
2.92999992E+1 -1.25000000E-4
3.02999992E+1 -1.25000000E-4
3.12999992E+1 -1.25000000E-4
3.22999992E+1 -1.25000000E-4
3.32999992E+1 -1.25000000E-4
3.42999992E+1 -1.25000000E-4
3.52999992E+1 -1.25000000E-4
3.62999992E+1 -1.25000000E-4
3.72999992E+1 -1.25000000E-4
3.82999992E+1 -1.25000000E-4
3.92999992E+1 -1.25000000E-4
4.02999992E+1 -1.25000000E-4
4.12999992E+1 -1.25000000E-4
4.22999992E+1 -1.25000000E-4
4.32999992E+1 -1.25000000E-4
4.42999992E+1 -1.25000000E-4
4.52999992E+1 -1.25000000E-4
4.62999992E+1 -1.25000000E-4
4.72999992E+1 -1.25000000E-4
4.82999992E+1 -1.25000000E-4
4.92999992E+1 -1.25000000E-4
5.02999992E+1 -1.25000000E-4
5.12999992E+1 -1.25000000E-4
5.22999992E+1 -1.25000000E-4
5.32999992E+1 -1.25000000E-4
5.42999992E+1 -1.25000000E-4
5.52999992E+1 -1.25000000E-4
5.62999992E+1 -1.25000000E-4
5.72999992E+1 -1.25000000E-4
5.82999992E+1 -1.25000000E-4
5.92999992E+1 -1.25000000E-4
6.02999992E+1 -1.25000000E-4
6.12999992E+1 -1.25000000E-4
6.22999992E+1 -1.25000000E-4
6.32999992E+1 -1.25000000E-4
6.43000031E+1 -1.25000000E-4
6.53000031E+1 -1.25000000E-4
6.63000031E+1 -1.25000000E-4
6.73000031E+1 -1.25000000E-4
6.83000031E+1 -1.25000000E-4
6.93000031E+1 -1.25000000E-4
7.03000031E+1 -1.25000000E-4
7.13000031E+1 -1.25000000E-4
7.23000031E+1 -1.25000000E-4
7.33000031E+1 -1.25000000E-4
7.43000031E+1 -1.25000000E-4
7.53000031E+1 -1.25000000E-4
7.63000031E+1 -1.25000000E-4
7.73000031E+1 -1.25000000E-4
7.83000031E+1 -1.25000000E-4
7.93000031E+1 -1.25000000E-4
8.03000031E+1 -1.25000000E-4
8.13000031E+1 -1.25000000E-4
8.23000031E+1 -1.25000000E-4
8.33000031E+1 -1.25000000E-4
8.43000031E+1 -1.25000000E-4
8.53000031E+1 -1.25000000E-4
8.63000031E+1 -1.25000000E-4
8.73000031E+1 -1.25000000E-4
8.83000031E+1 -1.25000000E-4
8.94000015E+1 -1.25000000E-4
9.04000015E+1 -1.25000000E-4
9.14000015E+1 -1.25000000E-4
9.24000015E+1 -1.25000000E-4
9.34000015E+1 -1.25000000E-4
9.44000015E+1 -1.25000000E-4
9.54000015E+1 -1.25000000E-4
9.64000015E+1 -1.25000000E-4
9.74000015E+1 -1.25000000E-4
9.84000015E+1 -1.25000000E-4
9.94000015E+1 -1.25000000E-4
1.00400002E+2 -1.25000000E-4
1.01400002E+2 -1.25000000E-4
1.02400002E+2 -1.25000000E-4
1.03400002E+2 -1.25000000E-4
1.04400002E+2 -1.25000000E-4
1.05400002E+2 -1.25000000E-4
1.06400002E+2 -1.25000000E-4
1.07400002E+2 -1.25000000E-4
1.08400002E+2 -1.25000000E-4
1.09400002E+2 -1.25000000E-4
1.10400002E+2 -1.25000000E-4
1.11400002E+2 -1.25000000E-4
1.12400002E+2 -1.25000000E-4
1.13400002E+2 -1.25000000E-4
1.14400002E+2 -1.25000000E-4
1.15400002E+2 -1.25000000E-4
1.16400002E+2 -1.25000000E-4
1.17400002E+2 -1.25000000E-4
1.18400002E+2 -1.25000000E-4
1.19400002E+2 -1.25000000E-4
1.20400002E+2 -1.25000000E-4
1.21400002E+2 -1.25000000E-4
1.22400002E+2 -1.25000000E-4
1.23400002E+2 -1.25000000E-4
1.24400002E+2 -1.25000000E-4
1.25400002E+2 -1.25000000E-4
1.26400002E+2 -1.25000000E-4
1.27400002E+2 -1.25000000E-4
1.28399994E+2 -1.25000000E-4
1.29399994E+2 -1.25000000E-4
1.30399994E+2 -1.25000000E-4
1.31399994E+2 -1.25000000E-4
1.32399994E+2 -1.25000000E-4
1.33399994E+2 -1.25000000E-4
1.34399994E+2 -1.25000000E-4
1.35399994E+2 -1.25000000E-4
1.36399994E+2 -1.25000000E-4
1.37399994E+2 -1.25000000E-4
1.38399994E+2 -1.25000000E-4
1.39399994E+2 -1.25000000E-4
1.40399994E+2 -1.25000000E-4
1.41399994E+2 -1.25000000E-4
1.42399994E+2 -1.25000000E-4
1.43399994E+2 -1.25000000E-4
1.44399994E+2 -1.25000000E-4
1.45399994E+2 -1.25000000E-4
1.46399994E+2 -1.25000000E-4
1.47399994E+2 -1.25000000E-4
1.48399994E+2 -1.25000000E-4
1.49399994E+2 -1.25000000E-4
1.50399994E+2 -1.25000000E-4
1.51399994E+2 -1.25000000E-4
1.52399994E+2 -1.25000000E-4
1.53399994E+2 -1.25000000E-4
1.54399994E+2 -1.25000000E-4
1.55399994E+2 -1.25000000E-4
1.56399994E+2 -1.25000000E-4
1.57399994E+2 -1.25000000E-4
1.58399994E+2 -1.25000000E-4
1.59399994E+2 -1.25000000E-4
1.60399994E+2 -1.25000000E-4
1.61399994E+2 -1.25000000E-4
1.62399994E+2 -1.25000000E-4
1.63399994E+2 -1.25000000E-4
1.64399994E+2 -1.25000000E-4
1.65399994E+2 -1.25000000E-4
1.66399994E+2 -1.25000000E-4
1.67399994E+2 -1.25000000E-4
1.68399994E+2 -1.25000000E-4
1.69399994E+2 -1.25000000E-4
1.70399994E+2 -1.25000000E-4
1.71399994E+2 -1.25000000E-4
1.72399994E+2 -1.25000000E-4
1.73399994E+2 -1.25000000E-4
1.74399994E+2 -1.25000000E-4
1.75399994E+2 -1.25000000E-4
1.76399994E+2 -1.25000000E-4
1.77399994E+2 -1.25000000E-4
1.78399994E+2 -1.25000000E-4
1.79399994E+2 -1.25000000E-4
1.80399994E+2 -1.25000000E-4
1.81399994E+2 -1.25000000E-4
1.82399994E+2 -1.25000000E-4
1.83399994E+2 -1.25000000E-4
1.84399994E+2 -1.25000000E-4
1.85399994E+2 -1.25000000E-4
1.86399994E+2 -1.25000000E-4
1.87399994E+2 -1.25000000E-4
1.88399994E+2 -1.25000000E-4
1.89399994E+2 -1.25000000E-4
1.90399994E+2 -1.25000000E-4
1.91399994E+2 -1.25000000E-4
1.92399994E+2 -1.25000000E-4
1.93399994E+2 -1.25000000E-4
1.94399994E+2 -1.25000000E-4
1.95399994E+2 -1.25000000E-4
1.96399994E+2 -1.25000000E-4
1.97399994E+2 -1.25000000E-4
1.98399994E+2 -1.25000000E-4
1.99399994E+2 -1.25000000E-4
2.00399994E+2 -1.25000000E-4
2.01399994E+2 -1.25000000E-4
2.02399994E+2 -1.25000000E-4
2.03399994E+2 -1.25000000E-4
2.04399994E+2 -1.25000000E-4
2.05399994E+2 -1.25000000E-4
2.06399994E+2 -1.25000000E-4
2.07399994E+2 -1.25000000E-4
2.08399994E+2 -1.25000000E-4
2.09399994E+2 -1.25000000E-4
2.10399994E+2 -1.25000000E-4
2.11399994E+2 -1.25000000E-4
2.12399994E+2 -1.25000000E-4
2.13399994E+2 -1.25000000E-4
2.14399994E+2 -1.25000000E-4
2.15399994E+2 -1.25000000E-4
2.16399994E+2 -1.25000000E-4
2.17399994E+2 -1.25000000E-4
2.18399994E+2 -1.25000000E-4
2.19399994E+2 -1.25000000E-4
2.20399994E+2 -1.25000000E-4
2.21399994E+2 -1.25000000E-4
2.22399994E+2 -1.25000000E-4
2.23399994E+2 -1.25000000E-4
2.24399994E+2 -1.25000000E-4
2.25399994E+2 -1.25000000E-4
2.26399994E+2 -1.25000000E-4
2.27399994E+2 -1.25000000E-4
2.28399994E+2 -1.25000000E-4
2.29399994E+2 -1.25000000E-4
2.30399994E+2 -1.25000000E-4
2.31399994E+2 -1.25000000E-4
2.32399994E+2 -1.25000000E-4
2.33399994E+2 -1.25000000E-4
2.34399994E+2 -1.25000000E-4
2.35399994E+2 -1.25000000E-4
2.36399994E+2 -1.25000000E-4
2.37399994E+2 -1.25000000E-4
2.38399994E+2 -1.25000000E-4
2.39399994E+2 -1.25000000E-4
2.40399994E+2 -1.25000000E-4
2.41399994E+2 -1.25000000E-4
2.42399994E+2 -1.25000000E-4
2.43399994E+2 -1.25000000E-4
2.44399994E+2 -1.25000000E-4
2.45399994E+2 -1.25000000E-4
2.46399994E+2 -1.25000000E-4
2.47399994E+2 -1.25000000E-4
2.48399994E+2 -1.25000000E-4
2.49399994E+2 -1.25000000E-4
2.50399994E+2 -1.25000000E-4
2.51399994E+2 -1.25000000E-4
2.52399994E+2 -1.25000000E-4
2.53399994E+2 -1.25000000E-4
2.54399994E+2 -1.25000000E-4
2.55399994E+2 -1.25000000E-4
2.56399994E+2 -1.25000000E-4
2.57399994E+2 -1.25000000E-4
2.58399994E+2 -1.25000000E-4
2.59399994E+2 -1.25000000E-4
2.60399994E+2 -1.25000000E-4
2.61399994E+2 -1.25000000E-4
2.62399994E+2 -1.25000000E-4
2.63399994E+2 -1.25000000E-4
2.64399994E+2 -1.25000000E-4
2.65399994E+2 -1.25000000E-4
2.66399994E+2 -1.25000000E-4
2.67399994E+2 -1.25000000E-4
2.68399994E+2 -1.25000000E-4
2.69399994E+2 -1.25000000E-4
2.70399994E+2 -1.25000000E-4
2.71399994E+2 -1.25000000E-4
2.72399994E+2 -1.25000000E-4
2.73399994E+2 -1.25000000E-4
2.74399994E+2 -1.25000000E-4
2.75399994E+2 -1.25000000E-4
2.76399994E+2 -1.25000000E-4
2.77399994E+2 -1.25000000E-4
2.78399994E+2 -1.25000000E-4
2.79399994E+2 -1.25000000E-4
2.80399994E+2 -1.25000000E-4
2.81399994E+2 -1.25000000E-4
2.82399994E+2 -1.25000000E-4
2.83399994E+2 -1.25000000E-4
2.84399994E+2 -1.25000000E-4
2.85399994E+2 -1.25000000E-4
2.86399994E+2 -1.25000000E-4
2.87399994E+2 -1.25000000E-4
2.88399994E+2 -1.25000000E-4
2.89399994E+2 -1.25000000E-4
2.90399994E+2 -1.25000000E-4
2.91399994E+2 -1.25000000E-4
2.92399994E+2 -1.25000000E-4
2.93399994E+2 -1.25000000E-4
2.94399994E+2 -1.25000000E-4
2.95399994E+2 -1.25000000E-4
2.96399994E+2 -1.25000000E-4
2.97399994E+2 -1.25000000E-4
2.98399994E+2 -1.25000000E-4
2.99399994E+2 -1.25000000E-4
3.00399994E+2 -1.25000000E-4
3.01399994E+2 -1.25000000E-4
3.02399994E+2 -1.25000000E-4
3.03399994E+2 -1.25000000E-4
3.04399994E+2 -1.25000000E-4
3.05399994E+2 -1.25000000E-4
3.06399994E+2 -1.25000000E-4
3.07399994E+2 -1.25000000E-4
3.08399994E+2 -1.25000000E-4
3.09399994E+2 -1.25000000E-4
3.10399994E+2 -1.25000000E-4
3.11399994E+2 -1.25000000E-4
3.12399994E+2 -1.25000000E-4
3.13399994E+2 -1.25000000E-4
3.14399994E+2 -1.25000000E-4
3.15399994E+2 -1.25000000E-4
3.16399994E+2 -1.25000000E-4
3.17399994E+2 -1.25000000E-4
3.18399994E+2 -1.25000000E-4
3.19399994E+2 -1.25000000E-4
3.20399994E+2 -1.25000000E-4
3.21399994E+2 -1.25000000E-4
3.22399994E+2 -1.25000000E-4
3.23399994E+2 -1.25000000E-4
3.24399994E+2 -1.25000000E-4
3.25399994E+2 -1.25000000E-4
3.26399994E+2 -1.25000000E-4
3.27399994E+2 -1.25000000E-4
3.28399994E+2 -1.25000000E-4
3.29399994E+2 -1.25000000E-4
3.30399994E+2 -1.25000000E-4
3.31399994E+2 -1.25000000E-4
3.32399994E+2 -1.25000000E-4
3.33399994E+2 -1.25000000E-4
3.34399994E+2 -1.25000000E-4
3.35399994E+2 -1.25000000E-4
3.36399994E+2 -1.25000000E-4
3.37399994E+2 -1.25000000E-4
3.38399994E+2 -1.25000000E-4
3.39399994E+2 -1.25000000E-4
3.40399994E+2 -1.25000000E-4
3.41399994E+2 -1.25000000E-4
3.42399994E+2 -1.25000000E-4
3.43399994E+2 -1.25000000E-4
3.44399994E+2 -1.25000000E-4
3.45399994E+2 -1.25000000E-4
3.46399994E+2 -1.25000000E-4
3.47399994E+2 -1.25000000E-4
3.48399994E+2 -1.25000000E-4
3.49399994E+2 -1.25000000E-4
3.50399994E+2 -1.25000000E-4
3.51399994E+2 -1.25000000E-4
3.52399994E+2 -1.25000000E-4
3.53399994E+2 -1.25000000E-4
3.54399994E+2 -1.25000000E-4
3.55399994E+2 -1.25000000E-4
3.56399994E+2 -1.25000000E-4
3.57399994E+2 -1.25000000E-4
3.58399994E+2 -1.25000000E-4
3.59399994E+2 -1.25000000E-4
3.60399994E+2 -1.25000000E-4
3.61399994E+2 -1.25000000E-4
3.62399994E+2 -1.25000000E-4
3.63399994E+2 -1.25000000E-4
3.64399994E+2 -1.25000000E-4
3.65399994E+2 -1.25000000E-4
3.66399994E+2 -1.25000000E-4
3.67399994E+2 -1.25000000E-4
3.68399994E+2 -1.25000000E-4
3.69399994E+2 -1.25000000E-4
3.70399994E+2 -1.25000000E-4
3.71399994E+2 -1.25000000E-4
3.72399994E+2 -1.25000000E-4
3.73399994E+2 -1.25000000E-4
3.74399994E+2 -1.25000000E-4
3.75399994E+2 -1.25000000E-4
3.76399994E+2 -1.25000000E-4
3.77399994E+2 -1.25000000E-4
3.78399994E+2 -1.25000000E-4
3.79399994E+2 -1.25000000E-4
3.80399994E+2 -1.25000000E-4
3.81399994E+2 -1.25000000E-4
3.82399994E+2 -1.25000000E-4
3.83399994E+2 -1.25000000E-4
3.84399994E+2 -1.25000000E-4
3.85399994E+2 -1.25000000E-4
3.86399994E+2 -1.25000000E-4
3.87399994E+2 -1.25000000E-4
3.88399994E+2 -1.25000000E-4
3.89399994E+2 -1.25000000E-4
3.90399994E+2 -1.25000000E-4
3.91399994E+2 -1.25000000E-4
3.92399994E+2 -1.25000000E-4
3.93399994E+2 -1.25000000E-4
3.94399994E+2 -1.25000000E-4
3.95399994E+2 -1.25000000E-4
3.96399994E+2 -1.25000000E-4
3.97399994E+2 -1.25000000E-4
3.98399994E+2 -1.25000000E-4
3.99399994E+2 -1.25000000E-4
4.00399994E+2 -1.25000000E-4
4.01399994E+2 -1.25000000E-4
4.02399994E+2 -1.25000000E-4
4.03399994E+2 -1.25000000E-4
4.04399994E+2 -1.25000000E-4
4.05399994E+2 -1.25000000E-4
4.06399994E+2 -1.25000000E-4
4.07399994E+2 -1.25000000E-4
4.08399994E+2 -1.25000000E-4
4.09399994E+2 -1.25000000E-4
4.10399994E+2 -1.25000000E-4
4.11399994E+2 -1.25000000E-4
4.12399994E+2 -1.25000000E-4
4.13399994E+2 -1.25000000E-4
4.14399994E+2 -1.25000000E-4
4.15399994E+2 -1.25000000E-4
4.16399994E+2 -1.25000000E-4
4.17399994E+2 -1.25000000E-4
4.18399994E+2 -1.25000000E-4
4.19399994E+2 -1.25000000E-4
4.20399994E+2 -1.25000000E-4
4.21399994E+2 -1.25000000E-4
4.22399994E+2 -1.25000000E-4
4.23399994E+2 -1.25000000E-4
4.24399994E+2 -1.25000000E-4
4.25399994E+2 -1.25000000E-4
4.26399994E+2 -1.25000000E-4
4.27399994E+2 -1.25000000E-4
4.28399994E+2 -1.25000000E-4
4.29399994E+2 -1.25000000E-4
4.30399994E+2 -1.25000000E-4
4.31399994E+2 -1.25000000E-4
4.32399994E+2 -1.25000000E-4
4.33399994E+2 -1.25000000E-4
4.34399994E+2 -1.25000000E-4
4.35399994E+2 -1.25000000E-4
4.36399994E+2 -1.25000000E-4
4.37399994E+2 -1.25000000E-4
4.38399994E+2 -1.25000000E-4
4.39399994E+2 -1.25000000E-4
4.40399994E+2 -1.25000000E-4
4.41399994E+2 -1.25000000E-4
4.42399994E+2 -1.25000000E-4
4.43399994E+2 -1.25000000E-4
4.44399994E+2 -1.25000000E-4
4.45399994E+2 -1.25000000E-4
4.46399994E+2 -1.25000000E-4
4.47399994E+2 -1.25000000E-4
4.48399994E+2 -1.25000000E-4
4.49399994E+2 -1.25000000E-4
4.50399994E+2 -1.25000000E-4
4.51399994E+2 -1.25000000E-4
4.52399994E+2 -1.25000000E-4
4.53399994E+2 -1.25000000E-4
4.54399994E+2 -1.25000000E-4
4.55399994E+2 -1.25000000E-4
4.56399994E+2 -1.25000000E-4
4.57399994E+2 -1.25000000E-4
4.58399994E+2 -1.25000000E-4
4.59399994E+2 -1.25000000E-4
4.60399994E+2 -1.25000000E-4
4.61399994E+2 -1.25000000E-4
4.62399994E+2 -1.25000000E-4
4.63399994E+2 -1.25000000E-4
4.64399994E+2 -1.25000000E-4
4.65399994E+2 -1.25000000E-4
4.66399994E+2 -1.25000000E-4
4.67399994E+2 -1.25000000E-4
4.68399994E+2 -1.25000000E-4
4.69399994E+2 -1.25000000E-4
4.70399994E+2 -1.25000000E-4
4.71399994E+2 -1.25000000E-4
4.72399994E+2 -1.25000000E-4
4.73399994E+2 -1.25000000E-4
4.74399994E+2 -1.25000000E-4
4.75399994E+2 -1.25000000E-4
4.76399994E+2 -1.25000000E-4
4.77399994E+2 -1.25000000E-4
4.78399994E+2 -1.25000000E-4
4.79399994E+2 -1.25000000E-4
4.80399994E+2 -1.25000000E-4
4.81399994E+2 -1.25000000E-4
4.82399994E+2 -1.25000000E-4
4.83399994E+2 -1.25000000E-4
4.84399994E+2 -1.25000000E-4
4.85399994E+2 -1.25000000E-4
4.86399994E+2 -1.25000000E-4
4.87399994E+2 -1.25000000E-4
4.88399994E+2 -1.25000000E-4
4.89399994E+2 -1.25000000E-4
4.90399994E+2 -1.25000000E-4
4.91399994E+2 -1.25000000E-4
4.92399994E+2 -1.25000000E-4
4.93399994E+2 -1.25000000E-4
4.94399994E+2 -1.25000000E-4
4.95399994E+2 -1.25000000E-4
4.96399994E+2 -1.25000000E-4
4.97399994E+2 -1.25000000E-4
4.98399994E+2 -1.25000000E-4
4.99399994E+2 -1.25000000E-4
5.00399994E+2 -1.25000000E-4
5.01399994E+2 -1.25000000E-4
5.02399994E+2 -1.25000000E-4
5.03399994E+2 -1.25000000E-4
5.04399994E+2 -1.25000000E-4
5.05399994E+2 -1.25000000E-4
5.06399994E+2 -1.25000000E-4
5.07399994E+2 -1.25000000E-4
5.08399994E+2 -1.25000000E-4
5.09399994E+2 -1.25000000E-4
5.10399994E+2 -1.25000000E-4
5.11399994E+2 -1.25000000E-4
5.12400024E+2 -1.25000000E-4
5.13400024E+2 -1.25000000E-4
5.14400024E+2 -1.25000000E-4
5.15400024E+2 -1.25000000E-4
5.16400024E+2 -1.25000000E-4
5.17400024E+2 -1.25000000E-4
5.18400024E+2 -1.25000000E-4
5.19400024E+2 -1.25000000E-4
5.20400024E+2 -1.25000000E-4
5.21400024E+2 -1.25000000E-4
5.22400024E+2 -1.25000000E-4
5.23400024E+2 -1.25000000E-4
5.24400024E+2 -1.25000000E-4
5.25400024E+2 -1.25000000E-4
5.26400024E+2 -1.25000000E-4
5.27400024E+2 -1.25000000E-4
5.28400024E+2 -1.25000000E-4
5.29400024E+2 -1.25000000E-4
5.30400024E+2 -1.25000000E-4
5.31400024E+2 -1.25000000E-4
5.32400024E+2 -1.25000000E-4
5.33400024E+2 -1.25000000E-4
5.34400024E+2 -1.25000000E-4
5.35400024E+2 -1.25000000E-4
5.36400024E+2 -1.25000000E-4
5.37400024E+2 -1.25000000E-4
5.38400024E+2 -1.25000000E-4
5.39400024E+2 -1.25000000E-4
5.40400024E+2 -1.25000000E-4
5.41400024E+2 -1.25000000E-4
5.42400024E+2 -1.25000000E-4
5.43400024E+2 -1.25000000E-4
5.44400024E+2 -1.25000000E-4
5.45400024E+2 -1.25000000E-4
5.46400024E+2 -1.25000000E-4
5.47400024E+2 -1.25000000E-4
5.48400024E+2 -1.25000000E-4
5.49400024E+2 -1.25000000E-4
5.50400024E+2 -1.25000000E-4
5.51400024E+2 -1.25000000E-4
5.52400024E+2 -1.25000000E-4
5.53400024E+2 -1.25000000E-4
5.54400024E+2 -1.25000000E-4
5.55400024E+2 -1.25000000E-4
5.56400024E+2 -1.25000000E-4
5.57400024E+2 -1.25000000E-4
5.58400024E+2 -1.25000000E-4
5.59400024E+2 -1.25000000E-4
5.60400024E+2 -1.25000000E-4
5.61400024E+2 -1.25000000E-4
5.62400024E+2 -1.25000000E-4
5.63400024E+2 -1.25000000E-4
5.64400024E+2 -1.25000000E-4
5.65400024E+2 -1.25000000E-4
5.66400024E+2 -1.25000000E-4
5.67400024E+2 -1.25000000E-4
5.68400024E+2 -1.25000000E-4
5.69400024E+2 -1.25000000E-4
5.70400024E+2 -1.25000000E-4
5.71400024E+2 -1.25000000E-4
5.72400024E+2 -1.25000000E-4
5.73400024E+2 -1.25000000E-4
5.74400024E+2 -1.25000000E-4
5.75400024E+2 -1.25000000E-4
5.76400024E+2 -1.25000000E-4
5.77400024E+2 -1.25000000E-4
5.78400024E+2 -1.25000000E-4
5.79400024E+2 -1.25000000E-4
5.80400024E+2 -1.25000000E-4
5.81400024E+2 -1.25000000E-4
5.82400024E+2 -1.25000000E-4
5.83400024E+2 -1.25000000E-4
5.84400024E+2 -1.25000000E-4
5.85400024E+2 -1.25000000E-4
5.86400024E+2 -1.25000000E-4
5.87400024E+2 -1.25000000E-4
5.88400024E+2 -1.25000000E-4
5.89400024E+2 -1.25000000E-4
5.90400024E+2 -1.25000000E-4
5.91400024E+2 -1.25000000E-4
5.92400024E+2 -1.25000000E-4
5.93400024E+2 -1.25000000E-4
5.94400024E+2 -1.25000000E-4
5.95400024E+2 -1.25000000E-4
5.96400024E+2 -1.25000000E-4
5.97400024E+2 -1.25000000E-4
5.98400024E+2 -1.25000000E-4
5.99400024E+2 -1.25000000E-4
6.00400024E+2 -1.25000000E-4
6.01400024E+2 -1.25000000E-4
6.02400024E+2 -1.25000000E-4
6.03400024E+2 -1.25000000E-4
6.04400024E+2 -1.25000000E-4
6.05400024E+2 -1.25000000E-4
6.06400024E+2 -1.25000000E-4
6.07400024E+2 -1.25000000E-4
6.08400024E+2 -1.25000000E-4
6.09400024E+2 -1.25000000E-4
6.10400024E+2 -1.25000000E-4
6.11400024E+2 -1.25000000E-4
6.12400024E+2 -1.25000000E-4
6.13400024E+2 -1.25000000E-4
6.14400024E+2 -1.25000000E-4
6.15400024E+2 -1.25000000E-4
6.16400024E+2 -1.25000000E-4
6.17400024E+2 -1.25000000E-4
6.18400024E+2 -1.25000000E-4
6.19400024E+2 -1.25000000E-4
6.20400024E+2 -1.25000000E-4
6.21400024E+2 -1.25000000E-4
6.22400024E+2 -1.25000000E-4
6.23400024E+2 -1.25000000E-4
6.24400024E+2 -1.25000000E-4
6.25400024E+2 -1.25000000E-4
6.26400024E+2 -1.25000000E-4
6.27400024E+2 -1.25000000E-4
6.28400024E+2 -1.25000000E-4
6.29400024E+2 -1.25000000E-4
6.30400024E+2 -1.25000000E-4
6.31400024E+2 -1.25000000E-4
6.32400024E+2 -1.25000000E-4
6.33400024E+2 -1.25000000E-4
6.34400024E+2 -1.25000000E-4
6.35400024E+2 -1.25000000E-4
6.36400024E+2 -1.25000000E-4
6.37400024E+2 -1.25000000E-4
6.38400024E+2 -1.25000000E-4
6.39400024E+2 -1.25000000E-4
6.40400024E+2 -1.25000000E-4
6.41400024E+2 -1.25000000E-4
6.42400024E+2 -1.25000000E-4
6.43400024E+2 -1.25000000E-4
6.44400024E+2 -1.25000000E-4
6.45400024E+2 -1.25000000E-4
6.46400024E+2 -1.25000000E-4
6.47400024E+2 -1.25000000E-4
6.48400024E+2 -1.25000000E-4
6.49400024E+2 -1.25000000E-4
6.50400024E+2 -1.25000000E-4
6.51400024E+2 -1.25000000E-4
6.52400024E+2 -1.25000000E-4
6.53400024E+2 -1.25000000E-4
6.54400024E+2 -1.25000000E-4
6.55400024E+2 -1.25000000E-4
6.56400024E+2 -1.25000000E-4
6.57400024E+2 -1.25000000E-4
6.58400024E+2 -1.25000000E-4
6.59400024E+2 -1.25000000E-4
6.60400024E+2 -1.25000000E-4
6.61400024E+2 -1.25000000E-4
6.62400024E+2 -1.25000000E-4
6.63400024E+2 -1.25000000E-4
6.64400024E+2 -1.25000000E-4
6.65400024E+2 -1.25000000E-4
6.66400024E+2 -1.25000000E-4
6.67400024E+2 -1.25000000E-4
6.68400024E+2 -1.25000000E-4
6.69400024E+2 -1.25000000E-4
6.70400024E+2 -1.25000000E-4
6.71400024E+2 -1.25000000E-4
6.72400024E+2 -1.25000000E-4
6.73400024E+2 -1.25000000E-4
6.74400024E+2 -1.25000000E-4
6.75400024E+2 -1.25000000E-4
6.76400024E+2 -1.25000000E-4
6.77400024E+2 -1.25000000E-4
6.78400024E+2 -1.25000000E-4
6.79400024E+2 -1.25000000E-4
6.80400024E+2 -1.25000000E-4
6.81400024E+2 -1.25000000E-4
6.82400024E+2 -1.25000000E-4
6.83400024E+2 -1.25000000E-4
6.84400024E+2 -1.25000000E-4
6.85400024E+2 -1.25000000E-4
6.86400024E+2 -1.25000000E-4
6.87400024E+2 -1.25000000E-4
6.88400024E+2 -1.25000000E-4
6.89400024E+2 -1.25000000E-4
6.90400024E+2 -1.25000000E-4
6.91400024E+2 -1.25000000E-4
6.92400024E+2 -1.25000000E-4
6.93400024E+2 -1.25000000E-4
6.94400024E+2 -1.25000000E-4
6.95400024E+2 -1.25000000E-4
6.96400024E+2 -1.25000000E-4
6.97400024E+2 -1.25000000E-4
6.98400024E+2 -1.25000000E-4
6.99400024E+2 -1.25000000E-4
7.00400024E+2 -1.25000000E-4
7.01400024E+2 -1.25000000E-4
7.02400024E+2 -1.25000000E-4
7.03400024E+2 -1.25000000E-4
7.04400024E+2 -1.25000000E-4
7.05400024E+2 -1.25000000E-4
7.06400024E+2 -1.25000000E-4
7.07400024E+2 -1.25000000E-4
7.08400024E+2 -1.25000000E-4
7.09400024E+2 -1.25000000E-4
7.10400024E+2 -1.25000000E-4
7.11400024E+2 -1.25000000E-4
7.12400024E+2 -1.25000000E-4
7.13400024E+2 -1.25000000E-4
7.14400024E+2 -1.25000000E-4
7.15400024E+2 -1.25000000E-4
7.16400024E+2 -1.25000000E-4
7.17400024E+2 -1.25000000E-4
7.18400024E+2 -1.25000000E-4
7.19400024E+2 -1.25000000E-4
7.20400024E+2 -1.25000000E-4
7.21400024E+2 -1.25000000E-4
7.22400024E+2 -1.25000000E-4
7.23400024E+2 -1.25000000E-4
7.24400024E+2 -1.25000000E-4
7.25400024E+2 -1.25000000E-4
7.26400024E+2 -1.25000000E-4
7.27400024E+2 -1.25000000E-4
7.28400024E+2 -1.25000000E-4
7.29400024E+2 -1.25000000E-4
7.30400024E+2 -1.25000000E-4
7.31400024E+2 -1.25000000E-4
7.32400024E+2 -1.25000000E-4
7.33400024E+2 -1.25000000E-4
7.34400024E+2 -1.25000000E-4
7.35400024E+2 -1.25000000E-4
7.36400024E+2 -1.25000000E-4
7.37400024E+2 -1.25000000E-4
7.38400024E+2 -1.25000000E-4
7.39400024E+2 -1.25000000E-4
7.40400024E+2 -1.25000000E-4
7.41400024E+2 -1.25000000E-4
7.42400024E+2 -1.25000000E-4
7.43400024E+2 -1.25000000E-4
7.44400024E+2 -1.25000000E-4
7.45400024E+2 -1.25000000E-4
7.46400024E+2 -1.25000000E-4
7.47400024E+2 -1.25000000E-4
7.48400024E+2 -1.25000000E-4
7.49400024E+2 -1.25000000E-4
7.50400024E+2 -1.25000000E-4
7.51400024E+2 -1.25000000E-4
7.52400024E+2 -1.25000000E-4
7.53400024E+2 -1.25000000E-4
