0.00000000E+0 -7.81250000E-5
1.10000002E+0 -1.09375000E-4
2.09999990E+0 -1.56250000E-4
3.09999990E+0 -1.25000000E-4
4.09999990E+0 -6.25000000E-5
5.09999990E+0 -6.25000000E-5
6.09999990E+0 -6.25000000E-5
7.09999990E+0 -6.25000000E-5
8.10000038E+0 -6.25000000E-5
9.10000038E+0 -9.37500000E-5
1.01000004E+1 -7.81250000E-5
1.11000004E+1 -6.25000000E-5
1.21000004E+1 -7.81250000E-5
1.31000004E+1 -7.81250000E-5
1.41000004E+1 -7.81250000E-5
1.51000004E+1 -6.25000000E-5
1.61000004E+1 -9.37500000E-5
1.71000004E+1 -9.37500000E-5
1.81000004E+1 -1.09375000E-4
1.91000004E+1 -1.09375000E-4
2.01000004E+1 -1.25000000E-4
2.11000004E+1 -6.25000000E-5
2.21000004E+1 -1.25000000E-4
2.31000004E+1 -1.40625000E-4
2.41000004E+1 -9.37500000E-5
2.51000004E+1 -1.40625000E-4
2.61000004E+1 -1.56250000E-4
2.71000004E+1 -9.37500000E-5
2.81000004E+1 -1.56250000E-4
2.91000004E+1 -1.56250000E-4
3.01000004E+1 -1.09375000E-4
3.11000004E+1 -1.25000000E-4
3.20999985E+1 -1.56250000E-4
3.30999985E+1 -1.56250000E-4
3.40999985E+1 -1.56250000E-4
3.50999985E+1 -1.56250000E-4
3.60999985E+1 -1.56250000E-4
3.70999985E+1 -1.40625000E-4
3.80999985E+1 -1.56250000E-4
3.90999985E+1 -1.40625000E-4
4.00999985E+1 -1.40625000E-4
4.10999985E+1 -1.56250000E-4
4.20999985E+1 -1.25000000E-4
4.30999985E+1 -1.56250000E-4
4.40999985E+1 -1.25000000E-4
4.50999985E+1 -1.09375000E-4
4.60999985E+1 -1.09375000E-4
4.70999985E+1 -1.09375000E-4
4.80999985E+1 -1.09375000E-4
4.90999985E+1 -1.56250000E-4
5.00999985E+1 -9.37500000E-5
5.10999985E+1 -9.37500000E-5
5.20999985E+1 -1.40625000E-4
5.30999985E+1 -7.81250000E-5
5.40999985E+1 -7.81250000E-5
5.50999985E+1 -1.25000000E-4
5.60999985E+1 -7.81250000E-5
5.70999985E+1 -6.25000000E-5
5.80999985E+1 -1.25000000E-4
5.90999985E+1 -6.25000000E-5
6.00999985E+1 -6.25000000E-5
6.10999985E+1 -1.25000000E-4
6.20999985E+1 -6.25000000E-5
6.30999985E+1 -6.25000000E-5
6.40999985E+1 -1.09375000E-4
6.50999985E+1 -6.25000000E-5
6.60999985E+1 -6.25000000E-5
6.70999985E+1 -1.09375000E-4
6.80999985E+1 -6.25000000E-5
6.90999985E+1 -6.25000000E-5
7.00999985E+1 -1.09375000E-4
7.10999985E+1 -6.25000000E-5
7.20999985E+1 -6.25000000E-5
7.30999985E+1 -1.09375000E-4
7.40999985E+1 -6.25000000E-5
7.50999985E+1 -6.25000000E-5
7.60999985E+1 -1.09375000E-4
7.70999985E+1 -6.25000000E-5
7.80999985E+1 -6.25000000E-5
7.90999985E+1 -9.37500000E-5
8.00999985E+1 -6.25000000E-5
8.10999985E+1 -6.25000000E-5
8.20999985E+1 -1.09375000E-4
8.30999985E+1 -6.25000000E-5
8.40999985E+1 -6.25000000E-5
8.50999985E+1 -1.09375000E-4
8.60999985E+1 -6.25000000E-5
8.70999985E+1 -6.25000000E-5
8.80999985E+1 -6.25000000E-5
8.90999985E+1 -6.25000000E-5
9.00999985E+1 -6.25000000E-5
9.10999985E+1 -6.25000000E-5
9.20999985E+1 -6.25000000E-5
9.30999985E+1 -6.25000000E-5
9.40999985E+1 -6.25000000E-5
9.50999985E+1 -6.25000000E-5
9.60999985E+1 -6.25000000E-5
9.70999985E+1 -6.25000000E-5
9.80999985E+1 -6.25000000E-5
9.90999985E+1 -6.25000000E-5
1.00099998E+2 -6.25000000E-5
1.01099998E+2 -6.25000000E-5
1.02099998E+2 -6.25000000E-5
1.03099998E+2 -6.25000000E-5
1.04099998E+2 -6.25000000E-5
1.05099998E+2 -6.25000000E-5
1.06099998E+2 -6.25000000E-5
1.07099998E+2 -6.25000000E-5
1.08099998E+2 -6.25000000E-5
1.09099998E+2 -6.25000000E-5
1.10099998E+2 -6.25000000E-5
1.11099998E+2 -6.25000000E-5
1.12099998E+2 -6.25000000E-5
1.13099998E+2 -6.25000000E-5
1.14099998E+2 -6.25000000E-5
1.15099998E+2 -6.25000000E-5
1.16099998E+2 -6.25000000E-5
1.17099998E+2 -6.25000000E-5
1.18099998E+2 -6.25000000E-5
1.19099998E+2 -6.25000000E-5
1.20099998E+2 -6.25000000E-5
1.21099998E+2 -6.25000000E-5
1.22099998E+2 -6.25000000E-5
1.23099998E+2 -6.25000000E-5
1.24099998E+2 -6.25000000E-5
1.25099998E+2 -6.25000000E-5
1.26099998E+2 -7.81250000E-5
1.27099998E+2 -6.25000000E-5
1.28100006E+2 -7.81250000E-5
1.29100006E+2 -7.81250000E-5
1.30100006E+2 -6.25000000E-5
1.31100006E+2 -6.25000000E-5
1.32100006E+2 -6.25000000E-5
1.33100006E+2 -6.25000000E-5
1.34100006E+2 -6.25000000E-5
1.35100006E+2 -6.25000000E-5
1.36100006E+2 -6.25000000E-5
1.37100006E+2 -6.25000000E-5
1.38100006E+2 -6.25000000E-5
1.39100006E+2 -6.25000000E-5
1.40100006E+2 -6.25000000E-5
1.41100006E+2 -6.25000000E-5
1.42100006E+2 -6.25000000E-5
1.43100006E+2 -6.25000000E-5
1.44100006E+2 -6.25000000E-5
1.45100006E+2 -6.25000000E-5
1.46100006E+2 -6.25000000E-5
1.47100006E+2 -6.25000000E-5
1.48100006E+2 -6.25000000E-5
1.49100006E+2 -6.25000000E-5
1.50100006E+2 -6.25000000E-5
1.51100006E+2 -6.25000000E-5
1.52100006E+2 -6.25000000E-5
1.53100006E+2 -6.25000000E-5
1.54100006E+2 -6.25000000E-5
1.55100006E+2 -6.25000000E-5
1.56100006E+2 -7.81250000E-5
1.57100006E+2 -7.81250000E-5
1.58100006E+2 -7.81250000E-5
1.59100006E+2 -7.81250000E-5
1.60100006E+2 -7.81250000E-5
1.61100006E+2 -7.81250000E-5
1.62100006E+2 -7.81250000E-5
1.63100006E+2 -7.81250000E-5
1.64100006E+2 -7.81250000E-5
1.65100006E+2 -7.81250000E-5
1.66100006E+2 -7.81250000E-5
1.67100006E+2 -7.81250000E-5
1.68100006E+2 -7.81250000E-5
1.69100006E+2 -7.81250000E-5
1.70100006E+2 -7.81250000E-5
1.71100006E+2 -7.81250000E-5
1.72100006E+2 -6.25000000E-5
1.73100006E+2 -1.25000000E-4
1.74100006E+2 -7.81250000E-5
1.75100006E+2 -1.56250000E-4
1.76100006E+2 -6.25000000E-5
1.77100006E+2 -1.56250000E-4
1.78100006E+2 -6.25000000E-5
1.79100006E+2 -6.25000000E-5
1.80100006E+2 -6.25000000E-5
1.81100006E+2 -6.25000000E-5
1.82100006E+2 -6.25000000E-5
1.83100006E+2 -9.37500000E-5
1.84100006E+2 -9.37500000E-5
1.85100006E+2 -1.40625000E-4
1.86100006E+2 -1.40625000E-4
1.87100006E+2 -1.40625000E-4
1.88100006E+2 -1.09375000E-4
1.89100006E+2 -1.56250000E-4
1.90100006E+2 -1.56250000E-4
1.91199997E+2 -7.81250000E-5
1.92199997E+2 -1.56250000E-4
1.93199997E+2 -1.09375000E-4
1.94199997E+2 -6.25000000E-5
1.95199997E+2 -7.81250000E-5
1.96199997E+2 -6.25000000E-5
1.97199997E+2 -1.56250000E-4
1.98199997E+2 -7.81250000E-5
1.99199997E+2 -1.56250000E-4
2.00199997E+2 -7.81250000E-5
2.01199997E+2 -1.09375000E-4
2.02199997E+2 -7.81250000E-5
2.03199997E+2 -6.25000000E-5
2.04199997E+2 -1.40625000E-4
2.05300003E+2 -1.56250000E-4
2.06300003E+2 -7.81250000E-5
2.07300003E+2 -1.56250000E-4
2.08300003E+2 -6.25000000E-5
2.09300003E+2 -1.56250000E-4
2.10300003E+2 -1.25000000E-4
2.11300003E+2 -1.56250000E-4
2.12300003E+2 -9.37500000E-5
2.13300003E+2 -1.40625000E-4
2.14300003E+2 -1.56250000E-4
2.15300003E+2 -6.25000000E-5
2.16300003E+2 -9.37500000E-5
2.17300003E+2 -1.56250000E-4
2.18300003E+2 -1.56250000E-4
2.19300003E+2 -1.56250000E-4
2.20300003E+2 -1.56250000E-4
2.21300003E+2 -1.56250000E-4
2.22300003E+2 -1.56250000E-4
2.23300003E+2 -1.56250000E-4
2.24300003E+2 -1.56250000E-4
2.25300003E+2 -1.56250000E-4
2.26300003E+2 -1.56250000E-4
2.27300003E+2 -1.56250000E-4
2.28300003E+2 -1.56250000E-4
2.29300003E+2 -1.56250000E-4
2.30300003E+2 -1.56250000E-4
2.31300003E+2 -1.56250000E-4
2.32300003E+2 -1.56250000E-4
2.33300003E+2 -1.56250000E-4
2.34300003E+2 -1.56250000E-4
2.35300003E+2 -1.56250000E-4
2.36300003E+2 -1.56250000E-4
2.37300003E+2 -1.25000000E-4
2.38300003E+2 -1.25000000E-4
2.39300003E+2 -6.25000000E-5
2.40300003E+2 -6.25000000E-5
2.41300003E+2 -9.37500000E-5
2.42300003E+2 -1.40625000E-4
2.43300003E+2 -1.25000000E-4
2.44300003E+2 -1.56250000E-4
2.45300003E+2 -6.25000000E-5
2.46300003E+2 -1.40625000E-4
2.47300003E+2 -9.37500000E-5
2.48300003E+2 -7.81250000E-5
2.49300003E+2 -1.09375000E-4
2.50300003E+2 -6.25000000E-5
2.51300003E+2 -1.56250000E-4
2.52300003E+2 -1.56250000E-4
2.53300003E+2 -7.81250000E-5
2.54300003E+2 -1.56250000E-4
2.55300003E+2 -1.56250000E-4
2.56299988E+2 -1.56250000E-4
2.57299988E+2 -6.25000000E-5
2.58299988E+2 -1.25000000E-4
2.59299988E+2 -1.40625000E-4
2.60299988E+2 -6.25000000E-5
2.61299988E+2 -7.81250000E-5
2.62299988E+2 -7.81250000E-5
2.63299988E+2 -6.25000000E-5
2.64299988E+2 -6.25000000E-5
2.65299988E+2 -9.37500000E-5
2.66299988E+2 -1.56250000E-4
2.67299988E+2 -1.56250000E-4
2.68299988E+2 -7.81250000E-5
2.69299988E+2 -7.81250000E-5
2.70299988E+2 -1.40625000E-4
2.71299988E+2 -1.56250000E-4
2.72299988E+2 -1.56250000E-4
2.73299988E+2 -6.25000000E-5
2.74299988E+2 -6.25000000E-5
2.75299988E+2 -1.56250000E-4
2.76299988E+2 -7.81250000E-5
2.77299988E+2 -7.81250000E-5
2.78299988E+2 -6.25000000E-5
2.79299988E+2 -6.25000000E-5
2.80299988E+2 -7.81250000E-5
2.81299988E+2 -6.25000000E-5
2.82299988E+2 -1.09375000E-4
2.83299988E+2 -9.37500000E-5
2.84299988E+2 -1.56250000E-4
2.85299988E+2 -7.81250000E-5
2.86299988E+2 -1.25000000E-4
2.87299988E+2 -7.81250000E-5
2.88299988E+2 -1.56250000E-4
2.89299988E+2 -1.56250000E-4
2.90299988E+2 -1.09375000E-4
2.91299988E+2 -9.37500000E-5
2.92299988E+2 -9.37500000E-5
2.93299988E+2 -7.81250000E-5
2.94299988E+2 -1.25000000E-4
2.95299988E+2 -7.81250000E-5
2.96299988E+2 -6.25000000E-5
2.97299988E+2 -6.25000000E-5
2.98299988E+2 -9.37500000E-5
2.99299988E+2 -1.25000000E-4
3.00299988E+2 -9.37500000E-5
3.01299988E+2 -1.09375000E-4
3.02299988E+2 -9.37500000E-5
3.03299988E+2 -6.25000000E-5
3.04299988E+2 -1.25000000E-4
3.05299988E+2 -1.40625000E-4
3.06299988E+2 -1.25000000E-4
3.07299988E+2 -7.81250000E-5
3.08299988E+2 -9.37500000E-5
3.09299988E+2 -9.37500000E-5
3.10299988E+2 -1.56250000E-4
3.11299988E+2 -1.56250000E-4
3.12299988E+2 -1.40625000E-4
3.13299988E+2 -1.09375000E-4
3.14299988E+2 -1.25000000E-4
3.15299988E+2 -1.40625000E-4
3.16299988E+2 -1.40625000E-4
3.17299988E+2 -9.37500000E-5
3.18299988E+2 -6.25000000E-5
3.19299988E+2 -1.40625000E-4
3.20299988E+2 -1.56250000E-4
3.21299988E+2 -1.56250000E-4
3.22299988E+2 -1.56250000E-4
3.23299988E+2 -7.81250000E-5
3.24299988E+2 -1.09375000E-4
3.25299988E+2 -6.25000000E-5
3.26299988E+2 -7.81250000E-5
3.27299988E+2 -1.56250000E-4
3.28299988E+2 -1.40625000E-4
3.29299988E+2 -9.37500000E-5
3.30299988E+2 -1.40625000E-4
3.31299988E+2 -1.40625000E-4
3.32299988E+2 -7.81250000E-5
3.33299988E+2 -1.56250000E-4
3.34299988E+2 -1.40625000E-4
3.35299988E+2 -1.40625000E-4
3.36299988E+2 -1.40625000E-4
3.37299988E+2 -1.25000000E-4
3.38299988E+2 -1.25000000E-4
3.39299988E+2 -6.25000000E-5
3.40299988E+2 -1.56250000E-4
3.41299988E+2 -1.40625000E-4
3.42299988E+2 -1.25000000E-4
3.43299988E+2 -1.40625000E-4
3.44299988E+2 -1.25000000E-4
3.45299988E+2 -1.56250000E-4
3.46299988E+2 -1.40625000E-4
3.47299988E+2 -1.40625000E-4
3.48299988E+2 -1.40625000E-4
3.49299988E+2 -1.40625000E-4
3.50299988E+2 -1.40625000E-4
3.51299988E+2 -1.40625000E-4
3.52299988E+2 -1.40625000E-4
3.53299988E+2 -1.56250000E-4
3.54299988E+2 -1.56250000E-4
3.55299988E+2 -1.56250000E-4
3.56299988E+2 -1.09375000E-4
3.57299988E+2 -1.56250000E-4
3.58299988E+2 -1.56250000E-4
3.59299988E+2 -6.25000000E-5
3.60299988E+2 -1.56250000E-4
3.61299988E+2 -1.56250000E-4
3.62299988E+2 -1.56250000E-4
3.63299988E+2 -1.56250000E-4
3.64299988E+2 -9.37500000E-5
3.65299988E+2 -9.37500000E-5
3.66299988E+2 -7.81250000E-5
3.67299988E+2 -7.81250000E-5
3.68299988E+2 -1.25000000E-4
3.69299988E+2 -1.56250000E-4
3.70299988E+2 -1.40625000E-4
3.71299988E+2 -9.37500000E-5
3.72299988E+2 -1.40625000E-4
3.73299988E+2 -1.25000000E-4
3.74299988E+2 -1.40625000E-4
3.75299988E+2 -1.25000000E-4
3.76299988E+2 -1.25000000E-4
3.77299988E+2 -1.25000000E-4
3.78299988E+2 -1.09375000E-4
3.79299988E+2 -1.09375000E-4
3.80299988E+2 -9.37500000E-5
3.81299988E+2 -9.37500000E-5
3.82299988E+2 -7.81250000E-5
3.83299988E+2 -9.37500000E-5
3.84299988E+2 -6.25000000E-5
3.85299988E+2 -7.81250000E-5
3.86299988E+2 -1.25000000E-4
3.87299988E+2 -1.40625000E-4
3.88299988E+2 -6.25000000E-5
3.89299988E+2 -1.40625000E-4
3.90299988E+2 -6.25000000E-5
3.91299988E+2 -6.25000000E-5
3.92299988E+2 -6.25000000E-5
3.93299988E+2 -6.25000000E-5
3.94299988E+2 -6.25000000E-5
3.95299988E+2 -6.25000000E-5
3.96299988E+2 -6.25000000E-5
3.97299988E+2 -6.25000000E-5
3.98299988E+2 -1.09375000E-4
3.99299988E+2 -6.25000000E-5
4.00299988E+2 -6.25000000E-5
4.01299988E+2 -6.25000000E-5
4.02299988E+2 -1.25000000E-4
4.03299988E+2 -6.25000000E-5
4.04299988E+2 -1.25000000E-4
4.05299988E+2 -6.25000000E-5
4.06299988E+2 -6.25000000E-5
4.07299988E+2 -1.09375000E-4
4.08299988E+2 -1.40625000E-4
4.09299988E+2 -6.25000000E-5
4.10299988E+2 -6.25000000E-5
4.11299988E+2 -1.56250000E-4
4.12299988E+2 -6.25000000E-5
4.13299988E+2 -6.25000000E-5
4.14299988E+2 -1.09375000E-4
4.15299988E+2 -6.25000000E-5
4.16299988E+2 -6.25000000E-5
4.17299988E+2 -7.81250000E-5
4.18299988E+2 -7.81250000E-5
4.19299988E+2 -7.81250000E-5
4.20299988E+2 -7.81250000E-5
4.21299988E+2 -7.81250000E-5
4.22299988E+2 -7.81250000E-5
4.23299988E+2 -9.37500000E-5
4.24299988E+2 -9.37500000E-5
4.25299988E+2 -9.37500000E-5
4.26299988E+2 -9.37500000E-5
4.27299988E+2 -1.09375000E-4
4.28299988E+2 -9.37500000E-5
4.29299988E+2 -1.09375000E-4
4.30299988E+2 -1.09375000E-4
4.31299988E+2 -1.25000000E-4
4.32299988E+2 -1.25000000E-4
4.33299988E+2 -1.09375000E-4
4.34299988E+2 -6.25000000E-5
4.35299988E+2 -1.09375000E-4
4.36299988E+2 -1.25000000E-4
4.37299988E+2 -1.40625000E-4
4.38299988E+2 -1.40625000E-4
4.39299988E+2 -1.25000000E-4
4.40299988E+2 -1.40625000E-4
4.41299988E+2 -1.40625000E-4
4.42299988E+2 -1.56250000E-4
4.43299988E+2 -1.56250000E-4
4.44299988E+2 -7.81250000E-5
4.45299988E+2 -1.56250000E-4
4.46299988E+2 -1.56250000E-4
4.47299988E+2 -7.81250000E-5
4.48299988E+2 -1.25000000E-4
4.49299988E+2 -1.56250000E-4
4.50299988E+2 -1.56250000E-4
4.51299988E+2 -1.56250000E-4
4.52299988E+2 -1.56250000E-4
4.53299988E+2 -1.56250000E-4
4.54299988E+2 -1.56250000E-4
4.55299988E+2 -1.56250000E-4
4.56299988E+2 -1.40625000E-4
4.57299988E+2 -1.40625000E-4
4.58299988E+2 -1.40625000E-4
4.59299988E+2 -1.40625000E-4
4.60299988E+2 -1.40625000E-4
4.61299988E+2 -1.40625000E-4
4.62299988E+2 -1.40625000E-4
4.63299988E+2 -1.25000000E-4
4.64299988E+2 -1.25000000E-4
4.65299988E+2 -1.25000000E-4
4.66299988E+2 -1.25000000E-4
4.67299988E+2 -1.25000000E-4
4.68299988E+2 -1.25000000E-4
4.69299988E+2 -1.25000000E-4
4.70299988E+2 -1.25000000E-4
4.71299988E+2 -6.25000000E-5
4.72299988E+2 -1.09375000E-4
