0.00000000E+0 -6.25000000E-5
1.10000002E+0 -2.65625000E-4
2.09999990E+0 -1.56250000E-4
3.09999990E+0 3.12500000E-5
4.09999990E+0 1.56250000E-5
5.09999990E+0 -1.87500000E-4
6.09999990E+0 1.56250000E-5
7.09999990E+0 1.56250000E-5
8.19999981E+0 -1.40625000E-4
9.19999981E+0 -1.25000000E-4
1.01999998E+1 -1.56250000E-4
1.11999998E+1 -1.56250000E-4
1.21999998E+1 1.56250000E-5
1.31999998E+1 1.56250000E-5
1.41999998E+1 -1.87500000E-4
1.51999998E+1 1.56250000E-5
1.62000008E+1 0.00000000E+0
1.72000008E+1 -1.56250000E-5
1.82000008E+1 -1.56250000E-5
1.92000008E+1 -3.12500000E-5
2.02000008E+1 -4.68750000E-5
2.12000008E+1 -4.68750000E-5
2.22000008E+1 -7.81250000E-5
2.32000008E+1 -9.37500000E-5
2.42000008E+1 -1.09375000E-4
2.52000008E+1 -1.25000000E-4
2.62000008E+1 -1.40625000E-4
2.72000008E+1 -1.40625000E-4
2.82000008E+1 -1.71875000E-4
2.92000008E+1 -1.71875000E-4
3.02000008E+1 -1.87500000E-4
3.12000008E+1 -2.03125000E-4
3.22000008E+1 -2.50000000E-4
3.32000008E+1 -2.18750000E-4
3.42000008E+1 -2.18750000E-4
3.52000008E+1 -2.50000000E-4
3.62000008E+1 -2.50000000E-4
3.72000008E+1 -2.65625000E-4
3.82000008E+1 -2.65625000E-4
3.92000008E+1 -2.65625000E-4
4.02000008E+1 -2.65625000E-4
4.12000008E+1 -2.65625000E-4
4.22000008E+1 -2.65625000E-4
4.32000008E+1 -2.81250000E-4
4.42000008E+1 -2.65625000E-4
4.52000008E+1 -2.50000000E-4
4.62000008E+1 -2.50000000E-4
4.72000008E+1 -2.34375000E-4
4.82000008E+1 -2.18750000E-4
4.92000008E+1 -2.18750000E-4
5.02000008E+1 -1.56250000E-5
5.12000008E+1 0.00000000E+0
5.22000008E+1 1.56250000E-5
5.32000008E+1 1.56250000E-5
5.42000008E+1 -1.40625000E-4
5.52000008E+1 -1.40625000E-4
5.67000008E+1 -4.68750000E-5
5.77999992E+1 -1.71875000E-4
5.87999992E+1 3.12500000E-5
5.97999992E+1 -1.71875000E-4
6.07999992E+1 -1.56250000E-4
6.17999992E+1 -2.65625000E-4
6.27999992E+1 -2.18750000E-4
6.37999992E+1 1.56250000E-5
6.48000031E+1 -4.68750000E-5
6.59000015E+1 -7.81250000E-5
6.69000015E+1 -6.25000000E-5
6.79000015E+1 3.12500000E-5
6.89000015E+1 -7.81250000E-5
6.99000015E+1 3.12500000E-5
7.09000015E+1 0.00000000E+0
7.20000000E+1 -2.34375000E-4
7.30000000E+1 -2.34375000E-4
7.40000000E+1 -2.50000000E-4
7.50000000E+1 -2.50000000E-4
7.60000000E+1 -2.50000000E-4
7.70000000E+1 -2.50000000E-4
7.80000000E+1 -2.65625000E-4
7.90000000E+1 -1.71875000E-4
8.00000000E+1 -2.65625000E-4
8.10000000E+1 -2.65625000E-4
8.20000000E+1 -2.65625000E-4
8.30000000E+1 -2.65625000E-4
8.40000000E+1 -2.65625000E-4
8.50000000E+1 -2.81250000E-4
8.60000000E+1 -2.65625000E-4
8.70000000E+1 -1.25000000E-4
8.80000000E+1 -1.25000000E-4
8.90000000E+1 -1.25000000E-4
9.00000000E+1 -2.65625000E-4
9.10000000E+1 -2.65625000E-4
9.20000000E+1 -2.50000000E-4
9.30000000E+1 -2.65625000E-4
9.40000000E+1 -6.25000000E-5
9.50000000E+1 -2.50000000E-4
9.60000000E+1 -6.25000000E-5
9.70000000E+1 -4.68750000E-5
9.80000000E+1 -2.34375000E-4
9.90000000E+1 -2.18750000E-4
1.00000000E+2 -2.03125000E-4
1.01000000E+2 -2.03125000E-4
1.02000000E+2 -1.87500000E-4
1.03000000E+2 -1.87500000E-4
1.04000000E+2 -1.71875000E-4
1.05000000E+2 1.56250000E-5
1.06000000E+2 1.56250000E-5
1.07000000E+2 -7.81250000E-5
1.08000000E+2 -1.40625000E-4
1.09000000E+2 -1.25000000E-4
1.10000000E+2 -1.09375000E-4
1.11000000E+2 -1.09375000E-4
1.12000000E+2 4.68750000E-5
1.13000000E+2 -9.37500000E-5
1.14000000E+2 4.68750000E-5
1.15000000E+2 -7.81250000E-5
1.16000000E+2 -7.81250000E-5
1.17000000E+2 -7.81250000E-5
1.18000000E+2 -7.81250000E-5
1.19000000E+2 -7.81250000E-5
1.20000000E+2 -9.37500000E-5
1.21000000E+2 -7.81250000E-5
1.22000000E+2 -7.81250000E-5
1.23000000E+2 -7.81250000E-5
1.24000000E+2 4.68750000E-5
1.25000000E+2 4.68750000E-5
1.26000000E+2 4.68750000E-5
1.27000000E+2 -7.81250000E-5
1.28000000E+2 -7.81250000E-5
1.29000000E+2 -7.81250000E-5
1.30000000E+2 4.68750000E-5
1.31000000E+2 -7.81250000E-5
1.32000000E+2 4.68750000E-5
1.33000000E+2 -7.81250000E-5
1.34000000E+2 -7.81250000E-5
1.35000000E+2 -1.40625000E-4
1.36000000E+2 -9.37500000E-5
1.37000000E+2 -9.37500000E-5
1.38000000E+2 -9.37500000E-5
1.39000000E+2 -9.37500000E-5
1.40000000E+2 3.12500000E-5
1.41000000E+2 4.68750000E-5
1.42000000E+2 3.12500000E-5
1.43000000E+2 -9.37500000E-5
1.44000000E+2 -9.37500000E-5
1.45000000E+2 1.56250000E-5
1.46000000E+2 -7.81250000E-5
1.47000000E+2 -9.37500000E-5
1.48000000E+2 -9.37500000E-5
1.49000000E+2 -7.81250000E-5
1.50000000E+2 4.68750000E-5
1.51000000E+2 4.68750000E-5
1.52000000E+2 4.68750000E-5
1.53000000E+2 -6.25000000E-5
1.54000000E+2 -7.81250000E-5
1.55000000E+2 3.12500000E-5
1.56000000E+2 -7.81250000E-5
1.57000000E+2 -6.25000000E-5
1.58000000E+2 3.12500000E-5
1.59000000E+2 3.12500000E-5
1.60000000E+2 -6.25000000E-5
1.61000000E+2 -6.25000000E-5
1.62000000E+2 -6.25000000E-5
1.63000000E+2 -6.25000000E-5
1.64000000E+2 -6.25000000E-5
1.65000000E+2 -4.68750000E-5
1.66000000E+2 -4.68750000E-5
1.67000000E+2 -6.25000000E-5
1.68000000E+2 -6.25000000E-5
1.69000000E+2 3.12500000E-5
1.70000000E+2 -4.68750000E-5
1.71000000E+2 -4.68750000E-5
1.72000000E+2 -4.68750000E-5
1.73000000E+2 -4.68750000E-5
1.74000000E+2 -4.68750000E-5
1.75000000E+2 -6.25000000E-5
1.76000000E+2 -6.25000000E-5
1.77000000E+2 3.12500000E-5
1.78000000E+2 3.12500000E-5
1.79000000E+2 4.68750000E-5
1.80000000E+2 -6.25000000E-5
1.81000000E+2 -6.25000000E-5
1.82000000E+2 -6.25000000E-5
1.83000000E+2 -6.25000000E-5
1.84000000E+2 -6.25000000E-5
1.85000000E+2 -6.25000000E-5
1.86000000E+2 -7.81250000E-5
1.87000000E+2 3.12500000E-5
1.88000000E+2 -7.81250000E-5
1.89000000E+2 -6.25000000E-5
1.90000000E+2 -6.25000000E-5
1.91000000E+2 -4.68750000E-5
1.92000000E+2 -4.68750000E-5
1.93000000E+2 -4.68750000E-5
1.94000000E+2 4.68750000E-5
1.95000000E+2 4.68750000E-5
1.96000000E+2 3.12500000E-5
1.97000000E+2 3.12500000E-5
1.98000000E+2 -3.12500000E-5
1.99000000E+2 0.00000000E+0
2.00000000E+2 -3.12500000E-5
2.01000000E+2 -3.12500000E-5
2.02000000E+2 -3.12500000E-5
2.03000000E+2 -3.12500000E-5
2.04000000E+2 3.12500000E-5
2.05000000E+2 -4.68750000E-5
2.06000000E+2 -3.12500000E-5
2.07000000E+2 -4.68750000E-5
2.08000000E+2 -4.68750000E-5
2.09000000E+2 -4.68750000E-5
2.10000000E+2 -4.68750000E-5
2.11000000E+2 -6.25000000E-5
2.12000000E+2 -6.25000000E-5
2.13000000E+2 -6.25000000E-5
2.14000000E+2 4.68750000E-5
2.15000000E+2 -6.25000000E-5
2.16000000E+2 -6.25000000E-5
2.17000000E+2 -7.81250000E-5
2.18000000E+2 -7.81250000E-5
2.19000000E+2 -7.81250000E-5
2.20000000E+2 -7.81250000E-5
2.21000000E+2 -9.37500000E-5
2.22000000E+2 4.68750000E-5
2.23000000E+2 4.68750000E-5
2.24000000E+2 4.68750000E-5
2.25000000E+2 -9.37500000E-5
2.26000000E+2 -9.37500000E-5
2.27000000E+2 -7.81250000E-5
2.28000000E+2 -7.81250000E-5
2.29000000E+2 -7.81250000E-5
2.30000000E+2 -1.56250000E-5
2.31000000E+2 -6.25000000E-5
2.32000000E+2 3.12500000E-5
2.33000000E+2 -4.68750000E-5
2.34000000E+2 -3.12500000E-5
2.35000000E+2 -3.12500000E-5
2.36000000E+2 0.00000000E+0
2.37000000E+2 1.56250000E-5
2.38000000E+2 0.00000000E+0
2.39000000E+2 1.56250000E-5
2.40000000E+2 -3.12500000E-5
2.41000000E+2 -4.68750000E-5
2.42000000E+2 -4.68750000E-5
2.43000000E+2 3.12500000E-5
2.44000000E+2 4.68750000E-5
2.45000000E+2 4.68750000E-5
2.46000000E+2 3.12500000E-5
2.47000000E+2 3.12500000E-5
2.48000000E+2 4.68750000E-5
2.49000000E+2 -1.40625000E-4
2.50000000E+2 -1.56250000E-4
2.51000000E+2 3.12500000E-5
2.52000000E+2 1.56250000E-5
2.53000000E+2 -2.34375000E-4
2.54000000E+2 1.56250000E-5
2.55000000E+2 0.00000000E+0
2.56000000E+2 -1.56250000E-5
2.57000000E+2 -3.12500000E-5
2.58000000E+2 -2.18750000E-4
2.59000000E+2 -2.34375000E-4
2.60000000E+2 -6.25000000E-5
2.61000000E+2 -7.81250000E-5
2.62000000E+2 -7.81250000E-5
2.63000000E+2 -1.09375000E-4
2.64000000E+2 -1.25000000E-4
2.65000000E+2 -1.56250000E-4
2.66000000E+2 -1.71875000E-4
2.67000000E+2 -2.65625000E-4
2.68000000E+2 -1.87500000E-4
2.69000000E+2 -2.03125000E-4
2.70000000E+2 -2.18750000E-4
2.71000000E+2 -1.71875000E-4
2.72000000E+2 -2.50000000E-4
2.73000000E+2 -2.50000000E-4
2.74000000E+2 -2.50000000E-4
2.75000000E+2 -2.65625000E-4
2.76000000E+2 -2.65625000E-4
2.77000000E+2 -1.25000000E-4
2.78000000E+2 -1.25000000E-4
2.79000000E+2 -1.09375000E-4
2.80000000E+2 -2.65625000E-4
2.81000000E+2 -2.50000000E-4
2.82000000E+2 -2.50000000E-4
2.83000000E+2 -2.34375000E-4
2.84000000E+2 -2.34375000E-4
2.85000000E+2 -4.68750000E-5
2.86000000E+2 -2.18750000E-4
2.87000000E+2 -2.03125000E-4
2.88000000E+2 -2.03125000E-4
2.89000000E+2 3.12500000E-5
2.90000000E+2 -1.87500000E-4
2.91000000E+2 -1.87500000E-4
2.92000000E+2 -1.87500000E-4
2.93000000E+2 -1.71875000E-4
2.94000000E+2 -1.71875000E-4
2.95000000E+2 1.56250000E-5
2.96000000E+2 -1.71875000E-4
2.97000000E+2 -1.56250000E-4
2.98000000E+2 -1.56250000E-4
2.99000000E+2 -1.40625000E-4
3.00000000E+2 -1.40625000E-4
3.01000000E+2 -1.25000000E-4
3.02000000E+2 -1.25000000E-4
3.03000000E+2 3.12500000E-5
3.04000000E+2 4.68750000E-5
3.05000000E+2 -1.56250000E-4
3.06000000E+2 -9.37500000E-5
3.07000000E+2 3.12500000E-5
3.08000000E+2 -6.25000000E-5
3.09000000E+2 -6.25000000E-5
3.10000000E+2 -4.68750000E-5
3.11000000E+2 -3.12500000E-5
3.12000000E+2 3.12500000E-5
3.13000000E+2 -1.56250000E-5
3.14000000E+2 0.00000000E+0
3.15000000E+2 0.00000000E+0
3.16000000E+2 1.56250000E-5
3.17000000E+2 1.56250000E-5
3.18000000E+2 3.12500000E-5
3.19000000E+2 4.68750000E-5
3.20000000E+2 3.12500000E-5
3.21000000E+2 4.68750000E-5
3.22000000E+2 -9.37500000E-5
3.23000000E+2 4.68750000E-5
3.24000000E+2 4.68750000E-5
3.25000000E+2 3.12500000E-5
3.26000000E+2 3.12500000E-5
3.27000000E+2 1.56250000E-5
3.28000000E+2 1.56250000E-5
3.29000000E+2 0.00000000E+0
3.30000000E+2 -2.03125000E-4
3.31000000E+2 -2.18750000E-4
3.32000000E+2 -2.34375000E-4
3.33000000E+2 -4.68750000E-5
3.34000000E+2 -6.25000000E-5
3.35000000E+2 -7.81250000E-5
3.36000000E+2 -9.37500000E-5
3.37000000E+2 -1.09375000E-4
3.38000000E+2 -1.25000000E-4
3.39000000E+2 -1.25000000E-4
3.40000000E+2 -2.65625000E-4
3.41000000E+2 -1.56250000E-4
3.42000000E+2 -1.71875000E-4
3.43000000E+2 -2.34375000E-4
3.44000000E+2 -1.87500000E-4
3.45000000E+2 -2.03125000E-4
3.46000000E+2 -2.03125000E-4
3.47000000E+2 -2.18750000E-4
3.48000000E+2 -2.34375000E-4
3.49000000E+2 -2.34375000E-4
3.50000000E+2 -2.18750000E-4
3.51000000E+2 -2.50000000E-4
3.52000000E+2 -2.34375000E-4
3.53000000E+2 -2.34375000E-4
3.54000000E+2 -2.50000000E-4
3.55000000E+2 -2.50000000E-4
3.56000000E+2 -2.03125000E-4
3.57000000E+2 -1.87500000E-4
