0.00000000E+0 2.74725755E-3
1.10000002E+0 1.52625640E-3
2.09999990E+0 2.84900268E-3
3.09999990E+0 1.72974666E-3
4.09999990E+0 3.15425793E-3
5.09999990E+0 3.15425793E-3
6.09999990E+0 1.11925602E-3
7.09999990E+0 1.52625640E-3
8.10000038E+0 2.95074781E-3
9.10000038E+0 1.42451127E-3
1.01000004E+1 3.15425793E-3
1.11000004E+1 1.52625640E-3
1.21000004E+1 2.95074781E-3
1.31000004E+1 2.13674704E-3
1.41000004E+1 3.15425793E-3
1.51000004E+1 1.72974666E-3
1.61000004E+1 1.52625640E-3
1.71000004E+1 1.52625640E-3
1.81000004E+1 3.05251280E-3
1.91000004E+1 1.52625640E-3
2.01000004E+1 3.05251280E-3
2.11000004E+1 1.72974666E-3
2.21000004E+1 1.62800153E-3
2.31000004E+1 1.62800153E-3
2.41000004E+1 2.34025717E-3
2.51000004E+1 1.72974666E-3
2.61000004E+1 1.72974666E-3
2.71000004E+1 1.52625640E-3
2.81000004E+1 3.05251280E-3
2.91000004E+1 2.13674704E-3
3.01000004E+1 2.74725755E-3
3.11000004E+1 1.52625640E-3
3.20999985E+1 1.52625640E-3
3.30999985E+1 1.52625640E-3
3.40999985E+1 2.34025717E-3
3.50999985E+1 3.05251280E-3
3.60999985E+1 1.72974666E-3
3.70999985E+1 1.62800153E-3
3.80999985E+1 3.15425793E-3
3.90999985E+1 1.52625640E-3
4.00999985E+1 1.93325679E-3
4.10999985E+1 2.34025717E-3
4.20999985E+1 2.74725755E-3
4.30999985E+1 1.52625640E-3
4.40999985E+1 3.15425793E-3
4.50999985E+1 3.15425793E-3
4.60999985E+1 2.34025717E-3
4.70999985E+1 3.15425793E-3
4.80999985E+1 3.15425793E-3
4.90999985E+1 3.15425793E-3
5.00999985E+1 1.52625640E-3
5.10999985E+1 1.52625640E-3
5.20999985E+1 1.42451127E-3
5.30999985E+1 2.95074781E-3
5.40999985E+1 3.15425793E-3
5.50999985E+1 3.15425793E-3
5.60999985E+1 1.72974666E-3
5.70999985E+1 2.95074781E-3
5.80999985E+1 1.52625640E-3
5.90999985E+1 3.15425793E-3
6.00999985E+1 1.72974666E-3
6.10999985E+1 2.84900268E-3
6.20999985E+1 2.64551242E-3
6.30999985E+1 1.52625640E-3
6.40999985E+1 1.83151166E-3
6.50999985E+1 2.03500191E-3
6.60999985E+1 3.05251280E-3
6.70999985E+1 1.52625640E-3
6.80999985E+1 2.34025717E-3
6.90999985E+1 3.15425793E-3
7.00999985E+1 3.15425793E-3
7.10999985E+1 3.15425793E-3
7.20999985E+1 1.72974666E-3
7.30999985E+1 1.52625640E-3
7.40999985E+1 1.52625640E-3
7.50999985E+1 1.52625640E-3
7.60999985E+1 3.15425793E-3
7.70999985E+1 1.72974666E-3
7.80999985E+1 1.52625640E-3
7.90999985E+1 1.62800153E-3
8.00999985E+1 2.64551242E-3
8.10999985E+1 3.15425793E-3
8.20999985E+1 1.52625640E-3
8.30999985E+1 1.52625640E-3
8.40999985E+1 1.52625640E-3
8.50999985E+1 1.93325679E-3
8.60999985E+1 1.52625640E-3
8.70999985E+1 1.72974666E-3
8.80999985E+1 3.15425793E-3
8.90999985E+1 1.72974666E-3
9.00999985E+1 3.15425793E-3
9.10999985E+1 3.15425793E-3
9.20999985E+1 1.52625640E-3
9.30999985E+1 3.15425793E-3
9.40999985E+1 3.15425793E-3
9.50999985E+1 1.52625640E-3
9.60999985E+1 1.93325679E-3
9.70999985E+1 1.93325679E-3
9.80999985E+1 1.62800153E-3
9.90999985E+1 1.32274628E-3
1.00099998E+2 1.52625640E-3
1.01099998E+2 1.72974666E-3
1.02099998E+2 2.34025717E-3
1.03099998E+2 1.93325679E-3
1.04099998E+2 1.52625640E-3
1.05099998E+2 1.72974666E-3
1.06099998E+2 3.15425793E-3
1.07099998E+2 1.83151166E-3
1.08099998E+2 1.93325679E-3
1.09099998E+2 1.42451127E-3
1.10099998E+2 1.52625640E-3
1.11099998E+2 2.74725755E-3
1.12099998E+2 2.84900268E-3
1.13099998E+2 3.15425793E-3
1.14099998E+2 1.83151166E-3
1.15099998E+2 3.15425793E-3
1.16099998E+2 1.93325679E-3
1.17099998E+2 1.72974666E-3
1.18099998E+2 2.95074781E-3
1.19099998E+2 1.93325679E-3
1.20099998E+2 1.42451127E-3
1.21099998E+2 1.83151166E-3
1.22099998E+2 1.52625640E-3
1.23099998E+2 1.83151166E-3
1.24099998E+2 1.52625640E-3
1.25099998E+2 1.72974666E-3
1.26099998E+2 1.93325679E-3
1.27099998E+2 1.62800153E-3
1.28100006E+2 1.52625640E-3
1.29100006E+2 1.93325679E-3
1.30100006E+2 1.72974666E-3
1.31100006E+2 2.74725755E-3
1.32100006E+2 1.72974666E-3
1.33100006E+2 3.15425793E-3
1.34100006E+2 1.32274628E-3
1.35100006E+2 1.72974666E-3
1.36100006E+2 1.62800153E-3
1.37100006E+2 1.93325679E-3
1.38100006E+2 1.52625640E-3
1.39100006E+2 1.62800153E-3
1.40100006E+2 1.83151166E-3
1.41100006E+2 3.15425793E-3
1.42100006E+2 2.74725755E-3
1.43100006E+2 1.83151166E-3
1.44100006E+2 1.42451127E-3
1.45100006E+2 3.15425793E-3
1.46100006E+2 2.95074781E-3
1.47100006E+2 2.84900268E-3
1.48100006E+2 1.52625640E-3
1.49100006E+2 2.74725755E-3
1.50100006E+2 1.72974666E-3
1.51100006E+2 1.62800153E-3
1.52100006E+2 1.93325679E-3
1.53100006E+2 3.15425793E-3
1.54100006E+2 2.95074781E-3
1.55100006E+2 1.72974666E-3
1.56100006E+2 1.72974666E-3
1.57100006E+2 1.52625640E-3
1.58100006E+2 1.72974666E-3
1.59100006E+2 1.72974666E-3
1.60100006E+2 3.15425793E-3
1.61100006E+2 1.52625640E-3
1.62100006E+2 1.52625640E-3
1.63100006E+2 1.93325679E-3
1.64100006E+2 1.42451127E-3
1.65100006E+2 3.15425793E-3
1.66100006E+2 1.93325679E-3
1.67100006E+2 3.15425793E-3
1.68100006E+2 1.32274628E-3
1.69100006E+2 1.93325679E-3
1.70100006E+2 1.83151166E-3
1.71100006E+2 2.23851204E-3
1.72100006E+2 1.52625640E-3
1.73100006E+2 1.62800153E-3
1.74100006E+2 1.62800153E-3
1.75100006E+2 1.42451127E-3
1.76100006E+2 2.95074781E-3
1.77100006E+2 1.83151166E-3
1.78100006E+2 1.72974666E-3
1.79100006E+2 1.72974666E-3
1.80100006E+2 1.52625640E-3
1.81100006E+2 3.15425793E-3
1.82100006E+2 3.15425793E-3
1.83100006E+2 1.32274628E-3
1.84100006E+2 1.72974666E-3
1.85100006E+2 3.05251280E-3
1.86100006E+2 3.05251280E-3
1.87100006E+2 1.93325679E-3
1.88100006E+2 2.64551242E-3
1.89100006E+2 2.95074781E-3
1.90100006E+2 1.93325679E-3
1.91100006E+2 1.83151166E-3
1.92100006E+2 3.15425793E-3
1.93100006E+2 1.93325679E-3
1.94100006E+2 1.62800153E-3
1.95100006E+2 1.52625640E-3
1.96100006E+2 1.52625640E-3
1.97100006E+2 1.83151166E-3
1.98100006E+2 1.72974666E-3
1.99100006E+2 1.93325679E-3
2.00100006E+2 1.32274628E-3
2.01100006E+2 1.52625640E-3
2.02100006E+2 1.52625640E-3
2.03100006E+2 1.52625640E-3
2.04100006E+2 1.72974666E-3
2.05100006E+2 3.15425793E-3
2.06100006E+2 1.52625640E-3
2.07100006E+2 1.52625640E-3
2.08100006E+2 1.93325679E-3
2.09100006E+2 3.15425793E-3
2.10100006E+2 1.72974666E-3
2.11100006E+2 3.15425793E-3
2.12100006E+2 1.62800153E-3
2.13100006E+2 2.64551242E-3
2.14100006E+2 1.72974666E-3
2.15100006E+2 2.03500191E-3
2.16100006E+2 1.52625640E-3
2.17100006E+2 2.44200230E-3
2.18100006E+2 1.72974666E-3
2.19100006E+2 1.93325679E-3
2.20100006E+2 1.52625640E-3
2.21100006E+2 2.13674704E-3
2.22100006E+2 3.15425793E-3
2.23100006E+2 1.52625640E-3
2.24100006E+2 3.15425793E-3
2.25100006E+2 3.05251280E-3
2.26100006E+2 2.64551242E-3
2.27100006E+2 1.62800153E-3
2.28100006E+2 3.05251280E-3
2.29100006E+2 1.72974666E-3
2.30100006E+2 1.52625640E-3
2.31100006E+2 2.34025717E-3
2.32100006E+2 1.93325679E-3
2.33100006E+2 3.15425793E-3
2.34100006E+2 1.32274628E-3
2.35100006E+2 2.95074781E-3
2.36100006E+2 3.15425793E-3
2.37100006E+2 3.15425793E-3
2.38100006E+2 2.13674704E-3
2.39100006E+2 1.72974666E-3
2.40100006E+2 1.42451127E-3
2.41100006E+2 1.52625640E-3
2.42100006E+2 1.42451127E-3
2.43100006E+2 1.52625640E-3
2.44100006E+2 3.15425793E-3
2.45100006E+2 1.52625640E-3
2.46100006E+2 1.52625640E-3
2.47100006E+2 2.74725755E-3
2.48100006E+2 1.52625640E-3
2.49100006E+2 3.15425793E-3
2.50100006E+2 2.95074781E-3
2.51100006E+2 1.83151166E-3
2.52100006E+2 3.05251280E-3
2.53100006E+2 1.52625640E-3
2.54100006E+2 1.42451127E-3
2.55100006E+2 1.72974666E-3
2.56100006E+2 1.72974666E-3
2.57100006E+2 3.15425793E-3
2.58100006E+2 1.52625640E-3
2.59100006E+2 1.93325679E-3
2.60100006E+2 2.64551242E-3
2.61100006E+2 1.93325679E-3
2.62100006E+2 1.52625640E-3
2.63100006E+2 1.52625640E-3
2.64100006E+2 3.15425793E-3
2.65100006E+2 1.62800153E-3
2.66100006E+2 1.52625640E-3
2.67100006E+2 1.83151166E-3
2.68100006E+2 3.15425793E-3
2.69100006E+2 1.52625640E-3
2.70100006E+2 3.15425793E-3
2.71100006E+2 3.15425793E-3
2.72100006E+2 1.93325679E-3
2.73100006E+2 1.72974666E-3
2.74100006E+2 3.15425793E-3
2.75100006E+2 6.10510508E-4
2.76100006E+2 3.15425793E-3
2.77100006E+2 3.15425793E-3
2.78100006E+2 3.15425793E-3
2.79100006E+2 1.52625640E-3
2.80100006E+2 1.52625640E-3
2.81100006E+2 3.15425793E-3
2.82100006E+2 3.05251280E-3
2.83100006E+2 1.52625640E-3
2.84100006E+2 3.15425793E-3
2.85100006E+2 3.15425793E-3
2.86100006E+2 1.32274628E-3
2.87100006E+2 3.15425793E-3
2.88100006E+2 1.52625640E-3
2.89100006E+2 3.05251280E-3
2.90100006E+2 1.22100115E-3
2.91100006E+2 1.93325679E-3
2.92100006E+2 1.62800153E-3
2.93100006E+2 1.32274628E-3
2.94100006E+2 3.15425793E-3
2.95100006E+2 2.54374743E-3
2.96100006E+2 1.62800153E-3
2.97100006E+2 2.34025717E-3
2.98100006E+2 1.52625640E-3
2.99100006E+2 1.72974666E-3
3.00100006E+2 3.15425793E-3
3.01100006E+2 3.05251280E-3
3.02100006E+2 3.15425793E-3
3.03100006E+2 1.52625640E-3
3.04100006E+2 2.95074781E-3
3.05100006E+2 3.15425793E-3
3.06100006E+2 3.15425793E-3
3.07100006E+2 1.93325679E-3
3.08100006E+2 1.62800153E-3
3.09100006E+2 1.42451127E-3
3.10100006E+2 1.52625640E-3
3.11100006E+2 1.52625640E-3
3.12100006E+2 1.52625640E-3
3.13100006E+2 3.15425793E-3
3.14100006E+2 3.15425793E-3
3.15100006E+2 1.52625640E-3
3.16100006E+2 1.72974666E-3
3.17100006E+2 1.52625640E-3
3.18100006E+2 1.52625640E-3
3.19100006E+2 1.52625640E-3
3.20100006E+2 1.93325679E-3
3.21100006E+2 1.52625640E-3
3.22100006E+2 2.84900268E-3
3.23100006E+2 1.62800153E-3
3.24100006E+2 1.42451127E-3
3.25100006E+2 1.52625640E-3
3.26100006E+2 2.95074781E-3
3.27100006E+2 1.52625640E-3
3.28100006E+2 3.05251280E-3
3.29100006E+2 3.15425793E-3
3.30100006E+2 2.95074781E-3
3.31100006E+2 3.15425793E-3
3.32100006E+2 1.72974666E-3
3.33100006E+2 1.72974666E-3
3.34100006E+2 1.62800153E-3
3.35100006E+2 2.95074781E-3
3.36100006E+2 3.15425793E-3
3.37100006E+2 3.15425793E-3
3.38100006E+2 1.32274628E-3
3.39100006E+2 1.72974666E-3
3.40100006E+2 3.15425793E-3
3.41100006E+2 3.15425793E-3
3.42100006E+2 3.15425793E-3
3.43100006E+2 1.42451127E-3
3.44100006E+2 1.93325679E-3
3.45100006E+2 1.93325679E-3
3.46100006E+2 1.52625640E-3
3.47100006E+2 3.15425793E-3
3.48100006E+2 1.42451127E-3
3.49100006E+2 1.93325679E-3
3.50100006E+2 1.32274628E-3
3.51100006E+2 1.52625640E-3
3.52100006E+2 3.15425793E-3
3.53100006E+2 3.15425793E-3
3.54100006E+2 1.52625640E-3
3.55100006E+2 3.05251280E-3
3.56100006E+2 3.05251280E-3
3.57100006E+2 1.72974666E-3
3.58100006E+2 1.52625640E-3
3.59100006E+2 3.15425793E-3
3.60100006E+2 1.52625640E-3
3.61100006E+2 1.93325679E-3
3.62100006E+2 3.15425793E-3
3.63100006E+2 3.15425793E-3
3.64100006E+2 1.72974666E-3
3.65100006E+2 1.62800153E-3
3.66100006E+2 1.93325679E-3
3.67100006E+2 3.05251280E-3
3.68100006E+2 1.52625640E-3
3.69100006E+2 1.52625640E-3
3.70100006E+2 1.42451127E-3
3.71100006E+2 1.52625640E-3
3.72100006E+2 1.93325679E-3
3.73100006E+2 1.52625640E-3
3.74100006E+2 3.15425793E-3
3.75100006E+2 1.52625640E-3
3.76100006E+2 3.15425793E-3
3.77100006E+2 3.05251280E-3
3.78100006E+2 1.52625640E-3
3.79100006E+2 1.52625640E-3
3.80100006E+2 3.15425793E-3
3.81100006E+2 1.83151166E-3
3.82100006E+2 1.72974666E-3
3.83100006E+2 1.93325679E-3
3.84100006E+2 3.15425793E-3
3.85100006E+2 1.62800153E-3
3.86100006E+2 1.72974666E-3
3.87100006E+2 1.62800153E-3
3.88100006E+2 1.93325679E-3
3.89100006E+2 3.15425793E-3
3.90100006E+2 1.52625640E-3
3.91100006E+2 3.15425793E-3
3.92100006E+2 3.15425793E-3
3.93100006E+2 3.05251280E-3
3.94100006E+2 3.15425793E-3
3.95100006E+2 1.72974666E-3
3.96100006E+2 1.62800153E-3
3.97100006E+2 1.72974666E-3
3.98100006E+2 3.15425793E-3
3.99100006E+2 1.83151166E-3
4.00100006E+2 1.52625640E-3
4.01100006E+2 1.62800153E-3
4.02100006E+2 1.62800153E-3
4.03100006E+2 1.93325679E-3
4.04100006E+2 1.72974666E-3
4.05100006E+2 1.72974666E-3
4.06100006E+2 3.15425793E-3
4.07100006E+2 3.15425793E-3
4.08100006E+2 1.93325679E-3
4.09100006E+2 1.72974666E-3
4.10100006E+2 1.42451127E-3
4.11100006E+2 1.52625640E-3
4.12100006E+2 1.93325679E-3
4.13100006E+2 1.72974666E-3
4.14100006E+2 1.62800153E-3
4.15100006E+2 1.93325679E-3
4.16100006E+2 1.72974666E-3
4.17100006E+2 1.62800153E-3
4.18100006E+2 3.15425793E-3
4.19100006E+2 1.83151166E-3
4.20100006E+2 3.05251280E-3
4.21100006E+2 1.52625640E-3
4.22100006E+2 1.52625640E-3
4.23100006E+2 3.15425793E-3
4.24100006E+2 3.15425793E-3
4.25100006E+2 3.15425793E-3
4.26100006E+2 1.72974666E-3
4.27100006E+2 1.72974666E-3
4.28100006E+2 1.42451127E-3
4.29100006E+2 1.52625640E-3
4.30100006E+2 1.52625640E-3
4.31100006E+2 1.62800153E-3
4.32100006E+2 1.52625640E-3
4.33100006E+2 1.52625640E-3
4.34100006E+2 3.15425793E-3
4.35100006E+2 1.72974666E-3
