0.00000000E+0 1.15736652E-3
1.10000002E+0 1.14980983E-3
2.09999990E+0 1.14876484E-3
3.09999990E+0 1.16829090E-3
4.09999990E+0 1.19504675E-3
5.19999981E+0 1.13856533E-3
6.19999981E+0 1.14824310E-3
7.19999981E+0 1.16212853E-3
8.19999981E+0 1.14994134E-3
9.19999981E+0 1.16921210E-3
1.01999998E+1 1.15023106E-3
1.11999998E+1 1.20491900E-3
1.21999998E+1 1.16374607E-3
1.31999998E+1 1.19885695E-3
1.41999998E+1 1.16983309E-3
1.51999998E+1 1.16428296E-3
1.62000008E+1 1.18379558E-3
1.72000008E+1 1.16596190E-3
1.82000008E+1 1.14877585E-3
1.92000008E+1 1.15247167E-3
2.02000008E+1 1.15015397E-3
2.12000008E+1 1.14996975E-3
2.22000008E+1 1.14185263E-3
2.32000008E+1 1.12100510E-3
2.42000008E+1 1.14479233E-3
2.52000008E+1 1.18034956E-3
2.62000008E+1 1.18177571E-3
2.72000008E+1 1.13922488E-3
2.82000008E+1 1.19319154E-3
2.92000008E+1 1.20890252E-3
3.02000008E+1 1.20516563E-3
3.12000008E+1 1.20749004E-3
3.22000008E+1 1.21243546E-3
3.32000008E+1 1.13534658E-3
3.42000008E+1 1.18327056E-3
3.52000008E+1 1.15060553E-3
3.62000008E+1 1.09398887E-3
3.72000008E+1 1.15338529E-3
3.82000008E+1 1.10892502E-3
3.92000008E+1 1.13546373E-3
4.02000008E+1 1.15213804E-3
4.12000008E+1 1.14596695E-3
4.22000008E+1 1.16625798E-3
4.32000008E+1 1.14201405E-3
4.42000008E+1 1.15979811E-3
4.52000008E+1 1.14582086E-3
4.62000008E+1 1.18159321E-3
4.72000008E+1 1.17390964E-3
4.82000008E+1 1.16794557E-3
4.92000008E+1 1.16354730E-3
5.02000008E+1 1.15131120E-3
5.12000008E+1 1.20491909E-3
5.22000008E+1 1.16539577E-3
5.32000008E+1 1.20715790E-3
5.42000008E+1 1.16655157E-3
5.52000008E+1 1.19521020E-3
5.62000008E+1 1.12042910E-3
5.72000008E+1 1.15468585E-3
5.82000008E+1 1.15908784E-3
5.92000008E+1 1.17577014E-3
6.02000008E+1 1.12583266E-3
6.12000008E+1 1.16425387E-3
6.22000008E+1 1.13588810E-3
6.32000008E+1 1.18954786E-3
6.41999969E+1 1.17417657E-3
6.51999969E+1 1.17464536E-3
6.61999969E+1 1.20138437E-3
6.71999969E+1 1.14275743E-3
6.81999969E+1 1.20142908E-3
6.91999969E+1 1.21367811E-3
7.01999969E+1 1.19001671E-3
7.11999969E+1 1.19046806E-3
7.21999969E+1 1.18668538E-3
7.31999969E+1 1.16212232E-3
7.41999969E+1 1.21253531E-3
7.51999969E+1 1.17406355E-3
7.61999969E+1 1.18376139E-3
7.71999969E+1 1.19362487E-3
7.81999969E+1 1.17376142E-3
7.91999969E+1 1.17381488E-3
8.01999969E+1 1.18657260E-3
8.11999969E+1 1.16130037E-3
8.21999969E+1 1.18297345E-3
8.31999969E+1 1.17617936E-3
8.41999969E+1 1.16518142E-3
8.51999969E+1 1.20063016E-3
8.61999969E+1 1.17779552E-3
8.71999969E+1 1.16271351E-3
8.81999969E+1 1.21187532E-3
8.91999969E+1 1.16370456E-3
9.01999969E+1 1.16097972E-3
9.11999969E+1 1.15314261E-3
9.21999969E+1 1.15454080E-3
9.31999969E+1 1.16042126E-3
9.41999969E+1 1.15300012E-3
9.51999969E+1 1.12333402E-3
9.61999969E+1 1.17153537E-3
9.71999969E+1 1.18172646E-3
9.81999969E+1 1.16499453E-3
9.91999969E+1 1.12939368E-3
1.00199997E+2 1.20481655E-3
1.01199997E+2 1.16906471E-3
1.02199997E+2 1.18998758E-3
1.03199997E+2 1.21750675E-3
1.04199997E+2 1.17291711E-3
1.05199997E+2 1.16148321E-3
1.06199997E+2 1.13396067E-3
1.07199997E+2 1.19564129E-3
1.08199997E+2 1.14206306E-3
1.09199997E+2 1.16589803E-3
1.10199997E+2 1.11395770E-3
1.11199997E+2 1.17440203E-3
1.12199997E+2 1.11011124E-3
1.13199997E+2 1.13608690E-3
1.14199997E+2 1.17368086E-3
1.15199997E+2 1.15195040E-3
1.16199997E+2 1.16013012E-3
1.17199997E+2 1.16446481E-3
1.18199997E+2 1.16728900E-3
1.19199997E+2 1.16237553E-3
1.20199997E+2 1.12354198E-3
1.21199997E+2 1.16698986E-3
1.22199997E+2 1.16880592E-3
1.23199997E+2 1.17962196E-3
1.24199997E+2 1.19689716E-3
1.25199997E+2 1.16911650E-3
1.26199997E+2 1.14682875E-3
1.27199997E+2 1.20916649E-3
1.28199997E+2 1.15370928E-3
1.29199997E+2 1.18214401E-3
1.30199997E+2 1.12043206E-3
1.31199997E+2 1.16987713E-3
1.32199997E+2 1.12344321E-3
1.33199997E+2 1.12351738E-3
1.34199997E+2 1.13367071E-3
1.35199997E+2 1.14235823E-3
1.36199997E+2 1.17849909E-3
1.37199997E+2 1.12057358E-3
1.38199997E+2 1.18121660E-3
1.39199997E+2 1.12779478E-3
1.40199997E+2 1.18520786E-3
1.41199997E+2 1.14173180E-3
1.42199997E+2 1.15997562E-3
1.43199997E+2 1.16379119E-3
1.44199997E+2 1.14120292E-3
1.45199997E+2 1.18374461E-3
1.46199997E+2 1.16052301E-3
1.47199997E+2 1.18630877E-3
1.48199997E+2 1.16522293E-3
1.49199997E+2 1.15731867E-3
1.50199997E+2 1.19673432E-3
1.51199997E+2 1.15328153E-3
1.52199997E+2 1.16353698E-3
1.53199997E+2 1.18744363E-3
1.54199997E+2 1.17172092E-3
1.55199997E+2 1.16803894E-3
1.56199997E+2 1.16609261E-3
1.57199997E+2 1.15988358E-3
1.58199997E+2 1.12231067E-3
1.59199997E+2 1.14726843E-3
1.60199997E+2 1.17671950E-3
1.61199997E+2 1.15576433E-3
1.62199997E+2 1.16151052E-3
1.63199997E+2 1.15783875E-3
1.64199997E+2 1.16784597E-3
1.65199997E+2 1.16101440E-3
1.66199997E+2 1.14392568E-3
1.67199997E+2 1.17477930E-3
1.68199997E+2 1.13978302E-3
1.69199997E+2 1.14393979E-3
1.70199997E+2 1.18920298E-3
1.71199997E+2 1.15236888E-3
1.72199997E+2 1.15768565E-3
1.73199997E+2 1.17888191E-3
1.74199997E+2 1.16750403E-3
1.75199997E+2 1.14048556E-3
1.76199997E+2 1.14341163E-3
1.77199997E+2 1.12563629E-3
1.78199997E+2 1.16170073E-3
1.79199997E+2 1.14746878E-3
1.80199997E+2 1.17722550E-3
1.81199997E+2 1.13583090E-3
1.82199997E+2 1.15865638E-3
1.83199997E+2 1.12516036E-3
1.84199997E+2 1.17411162E-3
1.85199997E+2 1.14390958E-3
1.86199997E+2 1.15494572E-3
1.87199997E+2 1.16274679E-3
1.88199997E+2 1.12407979E-3
1.89199997E+2 1.15980479E-3
1.90199997E+2 1.19074119E-3
1.91199997E+2 1.19450830E-3
1.92199997E+2 1.17766770E-3
1.93199997E+2 1.17676575E-3
1.94199997E+2 1.16551241E-3
1.95199997E+2 1.16015288E-3
1.96199997E+2 1.12556717E-3
1.97199997E+2 1.16524243E-3
1.98199997E+2 1.17030668E-3
1.99199997E+2 1.15923285E-3
2.00199997E+2 1.16619445E-3
2.01199997E+2 1.16416265E-3
2.02199997E+2 1.16894783E-3
2.03199997E+2 1.18542441E-3
2.04199997E+2 1.18640994E-3
2.05199997E+2 1.20492870E-3
2.06199997E+2 1.20164832E-3
2.07199997E+2 1.16588011E-3
2.08199997E+2 1.15028373E-3
2.09199997E+2 1.11971260E-3
2.10199997E+2 1.11679229E-3
2.11199997E+2 1.18717726E-3
2.12199997E+2 1.13932693E-3
2.13199997E+2 1.11593725E-3
2.14199997E+2 1.19732449E-3
2.15199997E+2 1.14006530E-3
2.16199997E+2 1.14095814E-3
2.17199997E+2 1.19349269E-3
2.18199997E+2 1.16951223E-3
2.19199997E+2 1.14413700E-3
2.20199997E+2 1.20665374E-3
2.21199997E+2 1.13585421E-3
2.22199997E+2 1.16934676E-3
2.23199997E+2 1.17067577E-3
2.24199997E+2 1.17557424E-3
2.25199997E+2 1.15512072E-3
2.26199997E+2 1.16962463E-3
2.27199997E+2 1.16937552E-3
2.28199997E+2 1.14921160E-3
2.29199997E+2 1.18199270E-3
2.30199997E+2 1.15989958E-3
2.31199997E+2 1.13280490E-3
2.32199997E+2 1.15195327E-3
2.33199997E+2 1.16525283E-3
2.34199997E+2 1.14809988E-3
2.35199997E+2 1.16175180E-3
2.36199997E+2 1.13935510E-3
2.37199997E+2 1.14637455E-3
2.38199997E+2 1.13703626E-3
2.39199997E+2 1.14615074E-3
2.40199997E+2 1.16789261E-3
2.41199997E+2 1.15803693E-3
2.42199997E+2 1.14235847E-3
2.43199997E+2 1.14323577E-3
2.44199997E+2 1.15636205E-3
2.45199997E+2 1.14482561E-3
2.46199997E+2 1.16748920E-3
2.47199997E+2 1.16358533E-3
2.48199997E+2 1.15453688E-3
2.49199997E+2 1.14937958E-3
2.50199997E+2 1.12779452E-3
2.51199997E+2 1.15999342E-3
2.52199997E+2 1.16269651E-3
2.53199997E+2 1.14099667E-3
2.54199997E+2 1.15946010E-3
2.55199997E+2 1.19494700E-3
2.56200012E+2 1.17788995E-3
2.57200012E+2 1.12432919E-3
2.58200012E+2 1.18385713E-3
2.59200012E+2 1.15327859E-3
2.60200012E+2 1.12523000E-3
2.61200012E+2 1.15232086E-3
2.62200012E+2 1.14953511E-3
2.63200012E+2 1.15245818E-3
2.64200012E+2 1.16139804E-3
2.65200012E+2 1.16864721E-3
2.66200012E+2 1.16784705E-3
2.67200012E+2 1.17668342E-3
2.68200012E+2 1.16738857E-3
2.69200012E+2 1.16451650E-3
2.70200012E+2 1.15025142E-3
2.71200012E+2 1.19443406E-3
2.72200012E+2 1.16912014E-3
2.73200012E+2 1.11925960E-3
2.74200012E+2 1.17511990E-3
2.75200012E+2 1.15199099E-3
2.76200012E+2 1.15254317E-3
2.77200012E+2 1.20240250E-3
2.78200012E+2 1.15223770E-3
2.79200012E+2 1.21570409E-3
2.80200012E+2 1.17432797E-3
2.81200012E+2 1.21670553E-3
2.82200012E+2 1.13895298E-3
2.83200012E+2 1.14316118E-3
2.84200012E+2 1.14270805E-3
2.85200012E+2 1.21450219E-3
2.86200012E+2 1.15674061E-3
2.87200012E+2 1.16089789E-3
2.88200012E+2 1.15383242E-3
2.89200012E+2 1.20248308E-3
2.90200012E+2 1.14364202E-3
2.91200012E+2 1.13982260E-3
2.92200012E+2 1.18068979E-3
2.93200012E+2 1.17424176E-3
2.94200012E+2 1.12715255E-3
2.95200012E+2 1.19214023E-3
2.96200012E+2 1.13115647E-3
2.97200012E+2 1.13229220E-3
2.98200012E+2 1.12531655E-3
2.99200012E+2 1.17539484E-3
3.00200012E+2 1.15382056E-3
3.01200012E+2 1.15169381E-3
3.02200012E+2 1.19378825E-3
3.03200012E+2 1.22217938E-3
3.04200012E+2 1.20445672E-3
3.05200012E+2 1.18791730E-3
3.06200012E+2 1.19865799E-3
3.07200012E+2 1.17835279E-3
