0.00000000E+0 4.71863908E-4
1.00000000E+0 4.45923059E-4
2.00000000E+0 5.08628420E-4
3.00000000E+0 4.22441919E-4
4.00000000E+0 4.25163691E-4
5.00000000E+0 4.41521256E-4
6.00000000E+0 4.87479101E-4
7.00000000E+0 4.28743723E-4
8.00000000E+0 4.53006826E-4
9.00000000E+0 4.39214171E-4
1.00000000E+1 4.40987649E-4
1.10000000E+1 4.65817933E-4
1.20000000E+1 4.68522994E-4
1.30000000E+1 4.89403103E-4
1.40000000E+1 4.47005850E-4
1.50000000E+1 4.83816747E-4
1.60000000E+1 4.39934379E-4
1.70000000E+1 4.90813527E-4
1.80000000E+1 4.39791420E-4
1.90000000E+1 4.62846267E-4
2.00000000E+1 5.33765294E-4
2.10000000E+1 4.91449208E-4
2.20000000E+1 4.52823766E-4
2.30000000E+1 4.43164803E-4
2.40000000E+1 4.81805072E-4
2.50000000E+1 4.98513306E-4
2.60000000E+1 4.65067558E-4
2.70000000E+1 4.74150438E-4
2.80000000E+1 4.93614633E-4
2.90000000E+1 4.18390323E-4
3.00000000E+1 4.39527943E-4
3.10000000E+1 4.84874305E-4
3.20000000E+1 4.31344860E-4
3.30000000E+1 4.78573151E-4
3.40000000E+1 4.58513918E-4
3.50000000E+1 4.77385227E-4
3.60000000E+1 5.02917859E-4
3.70000000E+1 4.94044771E-4
3.80000000E+1 4.94218282E-4
3.90000000E+1 4.42481983E-4
4.00000000E+1 4.64468659E-4
4.10000000E+1 5.06565572E-4
4.20000000E+1 4.78136704E-4
4.30000000E+1 4.81022559E-4
4.40000000E+1 4.89405282E-4
4.50000000E+1 4.23796871E-4
4.60000000E+1 4.52137166E-4
4.70000000E+1 4.40046220E-4
4.80000000E+1 4.44553850E-4
4.90000000E+1 4.18688146E-4
5.00000000E+1 4.46772597E-4
5.10000000E+1 4.73574230E-4
5.20000000E+1 4.60373233E-4
5.30000000E+1 4.36512525E-4
5.40000000E+1 4.87645161E-4
5.50000000E+1 4.98207832E-4
5.60000000E+1 4.75670791E-4
5.70000000E+1 4.61704860E-4
5.80000000E+1 4.53188589E-4
5.90000000E+1 5.00177699E-4
6.00000000E+1 4.89154099E-4
6.10000000E+1 4.83733935E-4
6.20000000E+1 4.80767987E-4
6.30000000E+1 4.76720130E-4
6.40000000E+1 5.02679791E-4
6.50000000E+1 5.29569896E-4
6.60000000E+1 4.45770437E-4
6.70000000E+1 4.76950668E-4
6.80000000E+1 5.40130008E-4
6.90000000E+1 4.86985879E-4
7.00000000E+1 4.83067451E-4
7.10000000E+1 5.16782832E-4
7.20000000E+1 5.01113469E-4
7.30000000E+1 4.98588537E-4
7.40000000E+1 4.53970091E-4
7.50000000E+1 4.78691784E-4
7.60000000E+1 4.75874854E-4
7.70000000E+1 4.63819971E-4
7.80000000E+1 4.56595022E-4
7.90000000E+1 4.37309543E-4
8.00000000E+1 4.97230747E-4
8.10000000E+1 4.68475769E-4
8.20000000E+1 4.67886854E-4
8.30000000E+1 4.60610595E-4
8.40000000E+1 4.59229456E-4
8.50000000E+1 4.74603163E-4
8.60000000E+1 4.99617704E-4
8.70000000E+1 5.14450766E-4
8.80000000E+1 4.90947260E-4
8.90000000E+1 4.92914794E-4
9.00000000E+1 4.74630022E-4
9.10000000E+1 5.26831599E-4
9.20000000E+1 4.85957552E-4
9.30000000E+1 4.44670569E-4
9.40000000E+1 4.83931015E-4
9.50000000E+1 4.57439694E-4
9.60000000E+1 4.68360288E-4
9.70000000E+1 4.62961586E-4
9.80000000E+1 4.75029483E-4
9.90000000E+1 4.84825054E-4
1.00000000E+2 4.64078969E-4
1.01000000E+2 4.66264875E-4
1.02000000E+2 4.68457271E-4
1.03000000E+2 4.85445956E-4
1.04000000E+2 4.69186805E-4
1.05000000E+2 4.50544061E-4
1.06000000E+2 4.45872049E-4
1.07000000E+2 4.42752276E-4
1.08000000E+2 4.98775026E-4
1.09000000E+2 4.99731897E-4
1.10000000E+2 4.15422121E-4
1.11000000E+2 4.89229798E-4
1.12000000E+2 4.72408813E-4
1.13000000E+2 4.42757513E-4
1.14000000E+2 4.51703023E-4
1.15000000E+2 4.64637008E-4
1.16000000E+2 4.86461616E-4
1.17000000E+2 4.54202952E-4
1.18000000E+2 4.72667346E-4
1.19000000E+2 4.62598744E-4
1.20000000E+2 4.11037252E-4
1.21000000E+2 4.68234205E-4
1.22000000E+2 4.93720587E-4
1.23000000E+2 4.61750886E-4
1.24000000E+2 4.86344886E-4
1.25000000E+2 4.67428356E-4
1.26000000E+2 4.54941514E-4
1.27000000E+2 5.11452229E-4
1.28000000E+2 5.12063825E-4
1.29000000E+2 5.07431345E-4
1.30000000E+2 4.75726835E-4
1.31000000E+2 4.85536423E-4
1.32000000E+2 4.60291217E-4
1.33000000E+2 4.79018327E-4
1.34000000E+2 4.44275933E-4
1.35000000E+2 5.22837355E-4
1.36000000E+2 4.37932339E-4
1.37000000E+2 4.98338033E-4
1.38000000E+2 4.27942694E-4
1.39000000E+2 4.63282502E-4
1.40000000E+2 4.50256742E-4
1.41000000E+2 4.50041905E-4
1.42000000E+2 5.21075175E-4
1.43000000E+2 4.84640013E-4
1.44000000E+2 4.71473766E-4
1.45000000E+2 4.81562737E-4
1.46000000E+2 4.90442347E-4
1.47000000E+2 4.68553933E-4
1.48000000E+2 4.56906050E-4
1.49000000E+2 4.37483337E-4
1.50000000E+2 4.64901702E-4
1.51000000E+2 4.69008327E-4
1.52000000E+2 4.77565240E-4
1.53000000E+2 4.63289757E-4
1.54000000E+2 4.79267887E-4
1.55000000E+2 4.58855651E-4
1.56000000E+2 4.95317324E-4
1.57000000E+2 5.15473158E-4
1.58000000E+2 4.43483095E-4
1.59000000E+2 4.60010168E-4
1.60000000E+2 5.09032087E-4
1.61000000E+2 4.56587975E-4
1.62000000E+2 4.74169047E-4
1.63000000E+2 4.66510381E-4
1.64000000E+2 4.84810197E-4
1.65000000E+2 4.69363358E-4
1.66000000E+2 4.67108721E-4
1.67000000E+2 4.61566958E-4
1.68000000E+2 4.89909118E-4
1.69000000E+2 5.38865591E-4
1.70000000E+2 4.64638078E-4
1.71000000E+2 4.62188726E-4
1.72000000E+2 4.33356721E-4
1.73000000E+2 5.01863828E-4
1.74000000E+2 5.01956365E-4
1.75000000E+2 5.04019093E-4
1.76000000E+2 4.79224970E-4
1.77000000E+2 4.95819852E-4
1.78000000E+2 4.59246478E-4
1.79000000E+2 4.84722888E-4
1.80000000E+2 5.32285325E-4
1.81000000E+2 5.10368762E-4
1.82000000E+2 4.88322045E-4
1.83000000E+2 5.43198363E-4
1.84000000E+2 4.70893795E-4
1.85000000E+2 4.35370502E-4
1.86000000E+2 4.94148455E-4
1.87000000E+2 4.83890251E-4
1.88000000E+2 4.14605039E-4
1.89000000E+2 4.43435468E-4
1.90000000E+2 4.91268773E-4
1.91000000E+2 4.40258978E-4
1.92000000E+2 4.88322801E-4
1.93000000E+2 4.59805914E-4
1.94000000E+2 4.82891731E-4
1.95000000E+2 4.45026038E-4
1.96000000E+2 4.77172338E-4
1.97000000E+2 4.78306843E-4
1.98000000E+2 4.84333817E-4
1.99000000E+2 4.67312291E-4
2.00000000E+2 4.30631065E-4
2.01000000E+2 4.67332565E-4
2.02000000E+2 4.61416502E-4
2.03000000E+2 4.65314549E-4
2.04000000E+2 4.73240236E-4
2.05000000E+2 4.82206830E-4
2.06000000E+2 4.92233666E-4
2.07000000E+2 5.21612801E-4
2.08000000E+2 4.90497706E-4
2.09000000E+2 5.06138883E-4
2.10000000E+2 4.33846463E-4
2.11000000E+2 4.77748981E-4
2.12000000E+2 4.46853030E-4
2.13000000E+2 4.48975323E-4
2.14000000E+2 4.72841830E-4
2.15000000E+2 4.72137998E-4
2.16000000E+2 4.53852308E-4
2.17000000E+2 4.27591597E-4
2.18000000E+2 5.03399618E-4
2.19100006E+2 4.56435567E-4
2.20100006E+2 4.34578013E-4
2.21100006E+2 4.45587442E-4
2.22100006E+2 4.99196730E-4
2.23100006E+2 4.73524693E-4
2.24100006E+2 4.98005353E-4
2.25100006E+2 4.77983534E-4
2.26100006E+2 4.49505510E-4
2.27100006E+2 4.44277149E-4
2.28100006E+2 4.41085075E-4
2.29100006E+2 4.84048676E-4
2.30100006E+2 4.75739609E-4
2.31100006E+2 4.58795196E-4
2.32100006E+2 4.82153092E-4
2.33100006E+2 4.61265608E-4
2.34100006E+2 5.02039514E-4
2.35100006E+2 4.95891415E-4
2.36100006E+2 4.92770249E-4
2.37100006E+2 4.71859793E-4
2.38100006E+2 4.87505843E-4
2.39100006E+2 4.79742757E-4
2.40100006E+2 4.49260000E-4
2.41100006E+2 4.44765235E-4
2.42100006E+2 4.80394795E-4
2.43100006E+2 4.62147802E-4
2.44100006E+2 4.49707589E-4
2.45100006E+2 5.14412122E-4
2.46100006E+2 4.96427785E-4
2.47100006E+2 4.88881753E-4
2.48100006E+2 4.56058232E-4
2.49100006E+2 5.08360456E-4
2.50100006E+2 4.52914823E-4
2.51100006E+2 4.69666868E-4
2.52100006E+2 4.35799135E-4
2.53100006E+2 4.50957821E-4
2.54100006E+2 4.62121703E-4
2.55100006E+2 4.60150925E-4
2.56100006E+2 4.31211438E-4
2.57100006E+2 4.41100732E-4
2.58100006E+2 4.54150316E-4
2.59100006E+2 4.92744853E-4
2.60100006E+2 4.55859013E-4
2.61100006E+2 4.53307530E-4
2.62100006E+2 4.57459153E-4
2.63100006E+2 4.64545011E-4
2.64100006E+2 4.67828322E-4
2.65100006E+2 4.29972969E-4
2.66100006E+2 5.07871785E-4
2.67100006E+2 5.01214869E-4
2.68100006E+2 4.64870613E-4
2.69100006E+2 4.61316770E-4
2.70100006E+2 4.81713142E-4
2.71100006E+2 5.30168912E-4
2.72100006E+2 4.53604711E-4
2.73100006E+2 4.80346473E-4
2.74100006E+2 4.44745565E-4
2.75100006E+2 5.22005034E-4
2.76100006E+2 5.09466379E-4
2.77100006E+2 4.65947461E-4
2.78100006E+2 5.02377623E-4
2.79100006E+2 4.57914682E-4
2.80100006E+2 4.93443220E-4
2.81100006E+2 4.58219539E-4
2.82100006E+2 4.79900613E-4
2.83100006E+2 4.81057623E-4
2.84100006E+2 5.15015186E-4
2.85100006E+2 5.45128857E-4
2.86100006E+2 4.89671711E-4
2.87100006E+2 4.55170012E-4
2.88100006E+2 5.04429961E-4
2.89100006E+2 5.06449707E-4
2.90100006E+2 4.79564585E-4
2.91100006E+2 4.60818838E-4
2.92100006E+2 4.86895511E-4
2.93100006E+2 5.00242020E-4
2.94100006E+2 4.66779627E-4
2.95100006E+2 4.45644785E-4
2.96100006E+2 4.18440426E-4
2.97100006E+2 4.59573963E-4
2.98100006E+2 4.63414837E-4
2.99100006E+2 4.06560394E-4
3.00100006E+2 4.28843294E-4
3.01100006E+2 4.77099761E-4
3.02100006E+2 4.81500329E-4
3.03100006E+2 4.72780692E-4
3.04100006E+2 4.65431282E-4
3.05100006E+2 4.53439040E-4
3.06100006E+2 4.54976999E-4
3.07100006E+2 4.87480969E-4
3.08100006E+2 4.47574144E-4
3.09100006E+2 4.50566007E-4
3.10100006E+2 4.37828781E-4
