0.00000000E+0 7.03896246E-4
1.10000002E+0 7.06520887E-4
2.09999990E+0 6.83937284E-4
3.09999990E+0 7.06138488E-4
4.09999990E+0 7.11149074E-4
5.09999990E+0 7.03237924E-4
6.09999990E+0 7.22394156E-4
7.09999990E+0 7.14325320E-4
8.10000038E+0 7.40061225E-4
9.10000038E+0 7.22940068E-4
1.01000004E+1 7.09243085E-4
1.11000004E+1 6.88289670E-4
1.21000004E+1 6.97183466E-4
1.31000004E+1 6.96927149E-4
1.41000004E+1 7.07935842E-4
1.51000004E+1 6.82372008E-4
1.61000004E+1 6.99064963E-4
1.71000004E+1 6.95919659E-4
1.81000004E+1 7.18368016E-4
1.91000004E+1 7.15724925E-4
2.01000004E+1 7.02036800E-4
2.11000004E+1 7.19845402E-4
2.21000004E+1 7.12130224E-4
2.31000004E+1 7.16259643E-4
2.41000004E+1 7.22636519E-4
2.51000004E+1 7.27877075E-4
2.61000004E+1 7.01959821E-4
2.71000004E+1 7.06029098E-4
2.81000004E+1 7.02525442E-4
2.91000004E+1 7.21964642E-4
3.01000004E+1 7.39647212E-4
3.11000004E+1 7.41671498E-4
3.20999985E+1 7.23117403E-4
3.30999985E+1 7.49297477E-4
3.40999985E+1 7.22888586E-4
3.50999985E+1 7.69415761E-4
3.60999985E+1 7.38281320E-4
3.70999985E+1 7.28898185E-4
3.80999985E+1 7.54291770E-4
3.90999985E+1 7.26889435E-4
4.00999985E+1 7.22859497E-4
4.10999985E+1 7.13519305E-4
4.20999985E+1 6.97270374E-4
4.30999985E+1 6.95257084E-4
4.40999985E+1 6.91229479E-4
4.50999985E+1 6.79607403E-4
4.60999985E+1 6.90212980E-4
4.70999985E+1 7.11676274E-4
4.80999985E+1 6.76471868E-4
4.90999985E+1 7.21628651E-4
5.00999985E+1 7.06663252E-4
5.10999985E+1 7.33580590E-4
5.20999985E+1 7.00924108E-4
5.30999985E+1 7.19964640E-4
5.40999985E+1 7.12119142E-4
5.50999985E+1 6.70282021E-4
5.60999985E+1 7.24476840E-4
5.70999985E+1 7.12949036E-4
5.80999985E+1 7.01176130E-4
5.90999985E+1 7.00295682E-4
6.00999985E+1 6.89248573E-4
6.10999985E+1 7.04015540E-4
6.20999985E+1 6.85366472E-4
6.30999985E+1 7.19641679E-4
6.40999985E+1 6.68995095E-4
6.50999985E+1 6.93923380E-4
6.60999985E+1 6.86385253E-4
6.70999985E+1 6.93550174E-4
6.80999985E+1 6.93199917E-4
6.90999985E+1 6.99974582E-4
7.00999985E+1 7.12114470E-4
7.10999985E+1 6.77756862E-4
7.20999985E+1 6.86147375E-4
7.30999985E+1 6.97580736E-4
7.40999985E+1 6.77029871E-4
7.50999985E+1 7.25855737E-4
7.60999985E+1 6.88165607E-4
7.70999985E+1 6.95383213E-4
7.80999985E+1 7.14770900E-4
7.90999985E+1 6.88414740E-4
8.00999985E+1 7.21285645E-4
8.10999985E+1 6.94090735E-4
8.20999985E+1 7.20172719E-4
8.30999985E+1 6.80136101E-4
8.40999985E+1 7.21007757E-4
8.50999985E+1 6.82995503E-4
8.60999985E+1 7.07971476E-4
8.70999985E+1 6.76676578E-4
8.80999985E+1 7.06808635E-4
8.90999985E+1 6.97987341E-4
9.00999985E+1 7.17754746E-4
9.10999985E+1 7.05578990E-4
9.20999985E+1 6.80179165E-4
9.30999985E+1 6.94813788E-4
9.40999985E+1 7.05878866E-4
9.50999985E+1 6.93045101E-4
9.60999985E+1 6.95072348E-4
9.70999985E+1 6.94128703E-4
9.80999985E+1 6.91336396E-4
9.90999985E+1 6.85395112E-4
1.00099998E+2 6.77911382E-4
1.01099998E+2 6.91456549E-4
1.02099998E+2 7.26074612E-4
1.03099998E+2 7.29940375E-4
1.04099998E+2 7.16311998E-4
1.05099998E+2 6.98426759E-4
1.06099998E+2 7.02422548E-4
1.07099998E+2 6.96301622E-4
1.08099998E+2 6.76643855E-4
1.09099998E+2 7.23975282E-4
1.10099998E+2 7.02674847E-4
1.11099998E+2 7.19924627E-4
1.12099998E+2 7.10125487E-4
1.13099998E+2 6.84198393E-4
1.14099998E+2 7.03830239E-4
1.15099998E+2 7.07625106E-4
1.16099998E+2 6.90039514E-4
1.17099998E+2 7.16063317E-4
1.18099998E+2 7.02361977E-4
1.19099998E+2 6.83713424E-4
1.20099998E+2 6.95332698E-4
1.21099998E+2 7.38089206E-4
1.22099998E+2 7.03048386E-4
1.23099998E+2 7.24663241E-4
1.24099998E+2 7.05044720E-4
1.25099998E+2 6.79518381E-4
1.26099998E+2 7.04991060E-4
1.27099998E+2 6.99634938E-4
1.28100006E+2 7.08198244E-4
1.29100006E+2 6.91920140E-4
1.30100006E+2 7.11808245E-4
1.31100006E+2 6.89590832E-4
1.32100006E+2 7.15194134E-4
1.33100006E+2 7.26293204E-4
1.34100006E+2 7.03384063E-4
1.35100006E+2 7.51427615E-4
1.36100006E+2 7.21586564E-4
1.37100006E+2 7.05775155E-4
1.38100006E+2 7.09822082E-4
1.39100006E+2 7.10454815E-4
1.40100006E+2 7.07291114E-4
1.41100006E+2 7.09438600E-4
1.42100006E+2 6.94035463E-4
1.43100006E+2 6.89432887E-4
1.44100006E+2 7.32196529E-4
1.45100006E+2 7.07176191E-4
1.46100006E+2 7.12014145E-4
1.47100006E+2 7.05353267E-4
1.48100006E+2 6.91638379E-4
1.49100006E+2 6.94729381E-4
1.50100006E+2 6.92243619E-4
1.51100006E+2 6.93960249E-4
1.52100006E+2 7.03234798E-4
1.53100006E+2 6.92741522E-4
1.54100006E+2 7.03179864E-4
1.55100006E+2 7.27906012E-4
1.56100006E+2 6.84859631E-4
1.57100006E+2 7.14856870E-4
1.58100006E+2 6.86028417E-4
1.59100006E+2 6.86370344E-4
1.60100006E+2 7.06723568E-4
1.61100006E+2 6.96125228E-4
1.62100006E+2 7.14668239E-4
1.63100006E+2 6.98068891E-4
1.64100006E+2 6.94100585E-4
1.65100006E+2 7.10789733E-4
1.66100006E+2 7.16113643E-4
1.67100006E+2 7.26282499E-4
1.68100006E+2 7.23363768E-4
1.69100006E+2 7.23946970E-4
1.70100006E+2 7.23066170E-4
1.71100006E+2 7.01451352E-4
1.72100006E+2 7.13046150E-4
1.73100006E+2 7.21432866E-4
1.74100006E+2 7.22602783E-4
1.75100006E+2 6.73585061E-4
1.76100006E+2 7.26924022E-4
1.77100006E+2 7.13722713E-4
1.78100006E+2 7.14277654E-4
1.79100006E+2 7.02229292E-4
1.80100006E+2 6.93591626E-4
1.81100006E+2 6.79846222E-4
1.82100006E+2 6.88619342E-4
1.83100006E+2 7.49137811E-4
1.84100006E+2 6.95208128E-4
1.85100006E+2 7.04495208E-4
1.86100006E+2 7.06698148E-4
1.87100006E+2 6.82373313E-4
1.88100006E+2 7.06490250E-4
1.89100006E+2 7.38181081E-4
1.90100006E+2 7.25294899E-4
1.91100006E+2 6.99250848E-4
1.92100006E+2 7.49413808E-4
1.93100006E+2 7.21531381E-4
1.94100006E+2 7.40002741E-4
1.95100006E+2 7.05563581E-4
1.96100006E+2 7.11347887E-4
1.97100006E+2 7.06764075E-4
1.98100006E+2 7.20668532E-4
1.99100006E+2 7.19672475E-4
2.00100006E+2 6.98317073E-4
2.01100006E+2 6.85726690E-4
2.02100006E+2 7.17236161E-4
2.03100006E+2 6.92273547E-4
2.04100006E+2 7.12817468E-4
2.05100006E+2 7.41572233E-4
2.06100006E+2 6.95584974E-4
2.07100006E+2 6.70360428E-4
2.08100006E+2 7.15505343E-4
2.09100006E+2 7.04047804E-4
2.10100006E+2 6.99658427E-4
2.11100006E+2 7.01409795E-4
2.12100006E+2 7.00676254E-4
2.13100006E+2 7.16436592E-4
2.14100006E+2 7.23860106E-4
2.15100006E+2 7.23271325E-4
2.16100006E+2 7.25061253E-4
2.17100006E+2 7.25883294E-4
2.18100006E+2 7.05603238E-4
2.19100006E+2 6.71402535E-4
2.20100006E+2 6.94055041E-4
2.21100006E+2 7.08104879E-4
2.22100006E+2 7.07970657E-4
2.23100006E+2 7.15565437E-4
2.24100006E+2 7.24905471E-4
2.25100006E+2 7.24218822E-4
2.26100006E+2 7.10747993E-4
2.27100006E+2 7.26524191E-4
2.28100006E+2 7.16679017E-4
2.29100006E+2 7.33395374E-4
2.30100006E+2 7.17884944E-4
2.31100006E+2 7.16254863E-4
2.32100006E+2 6.85744724E-4
2.33100006E+2 7.13540400E-4
2.34100006E+2 7.06813918E-4
2.35100006E+2 7.14417090E-4
2.36100006E+2 6.93698104E-4
2.37100006E+2 6.82596173E-4
2.38100006E+2 7.16915768E-4
2.39100006E+2 7.00640168E-4
2.40100006E+2 6.82346112E-4
2.41100006E+2 6.98733254E-4
2.42100006E+2 6.91994948E-4
2.43100006E+2 7.03205094E-4
2.44100006E+2 7.03755487E-4
2.45100006E+2 7.16242311E-4
2.46100006E+2 7.06035105E-4
2.47100006E+2 6.81859957E-4
2.48100006E+2 7.34763243E-4
2.49100006E+2 6.70727754E-4
2.50100006E+2 6.88228842E-4
2.51100006E+2 7.10089556E-4
2.52100006E+2 7.37617934E-4
2.53100006E+2 7.02564964E-4
2.54100006E+2 7.19249673E-4
2.55100006E+2 6.93852622E-4
2.56100006E+2 7.00728849E-4
2.57100006E+2 6.92779849E-4
2.58100006E+2 6.68755318E-4
2.59100006E+2 7.06033327E-4
2.60100006E+2 6.82629461E-4
2.61100006E+2 6.66483627E-4
2.62100006E+2 6.77739953E-4
2.63100006E+2 6.54254547E-4
2.64100006E+2 6.46896596E-4
2.65100006E+2 6.82993475E-4
2.66100006E+2 6.90390586E-4
2.67100006E+2 6.61873600E-4
2.68100006E+2 6.76230267E-4
2.69100006E+2 6.88808220E-4
2.70100006E+2 6.98602791E-4
2.71100006E+2 6.71887971E-4
2.72100006E+2 7.00431000E-4
2.73100006E+2 6.71615482E-4
2.74100006E+2 6.78351313E-4
2.75100006E+2 6.84242704E-4
2.76100006E+2 6.92053114E-4
2.77100006E+2 6.88614275E-4
2.78100006E+2 7.16598030E-4
2.79100006E+2 7.45093794E-4
2.80100006E+2 7.10699439E-4
2.81100006E+2 6.88958789E-4
2.82100006E+2 7.30404977E-4
2.83100006E+2 7.44843434E-4
2.84100006E+2 7.28189075E-4
2.85100006E+2 7.45133600E-4
2.86100006E+2 7.71249575E-4
2.87100006E+2 7.15386353E-4
2.88100006E+2 7.38789629E-4
2.89100006E+2 7.13810158E-4
2.90100006E+2 7.31092586E-4
2.91100006E+2 7.16064988E-4
2.92100006E+2 7.21392406E-4
2.93100006E+2 6.92387468E-4
2.94100006E+2 6.91180895E-4
2.95100006E+2 7.18145723E-4
2.96100006E+2 7.15809356E-4
2.97100006E+2 6.88485037E-4
2.98100006E+2 7.22085733E-4
2.99100006E+2 6.90382155E-4
3.00100006E+2 6.88932306E-4
3.01100006E+2 6.96943723E-4
3.02100006E+2 7.03971418E-4
3.03100006E+2 6.95745509E-4
3.04100006E+2 6.92576904E-4
3.05100006E+2 7.05437361E-4
3.06100006E+2 7.18408550E-4
3.07100006E+2 7.21935239E-4
3.08100006E+2 6.92013462E-4
3.09100006E+2 7.21095819E-4
3.10100006E+2 7.26195444E-4
3.11100006E+2 7.23371539E-4
3.12100006E+2 7.15205831E-4
3.13100006E+2 7.52549982E-4
3.14100006E+2 7.37466196E-4
3.15100006E+2 7.14225061E-4
3.16100006E+2 6.98920609E-4
3.17100006E+2 7.00360830E-4
3.18100006E+2 6.67332833E-4
3.19100006E+2 6.68463556E-4
3.20100006E+2 6.63126072E-4
3.21100006E+2 6.75172963E-4
3.22100006E+2 6.86534900E-4
3.23100006E+2 7.02022543E-4
3.24100006E+2 7.19087488E-4
3.25100006E+2 6.87102869E-4
3.26100006E+2 7.22278714E-4
3.27100006E+2 6.87358092E-4
3.28100006E+2 7.05881701E-4
3.29100006E+2 6.83228862E-4
3.30100006E+2 6.97019138E-4
3.31100006E+2 6.86413976E-4
3.32100006E+2 6.83649974E-4
3.33100006E+2 6.99990834E-4
3.34100006E+2 7.16940115E-4
3.35100006E+2 7.19151180E-4
3.36100006E+2 6.95985707E-4
3.37100006E+2 6.84432106E-4
3.38100006E+2 6.64716949E-4
3.39100006E+2 6.66882614E-4
3.40100006E+2 6.68742252E-4
3.41100006E+2 6.89186043E-4
3.42100006E+2 6.94805373E-4
3.43100006E+2 7.18648158E-4
3.44100006E+2 7.45152158E-4
3.45100006E+2 7.26260600E-4
3.46100006E+2 7.12332027E-4
3.47100006E+2 7.41639380E-4
3.48100006E+2 7.40604459E-4
3.49100006E+2 7.09428100E-4
3.50100006E+2 7.30734107E-4
3.51100006E+2 7.34781626E-4
3.52100006E+2 7.28824393E-4
3.53100006E+2 7.06386159E-4
3.54100006E+2 6.86456346E-4
3.55100006E+2 6.96620182E-4
3.56100006E+2 6.97786249E-4
3.57100006E+2 6.94848643E-4
3.58100006E+2 6.92442679E-4
3.59100006E+2 7.15866381E-4
3.60100006E+2 6.97496739E-4
3.61100006E+2 6.96793004E-4
3.62100006E+2 7.04937412E-4
3.63100006E+2 6.87795732E-4
3.64100006E+2 7.00224142E-4
3.65100006E+2 6.86704393E-4
3.66100006E+2 7.21773422E-4
3.67100006E+2 7.03008569E-4
3.68100006E+2 7.14796642E-4
3.69100006E+2 6.98415095E-4
3.70100006E+2 7.06032356E-4
3.71100006E+2 7.19334016E-4
3.72100006E+2 7.43394802E-4
3.73100006E+2 7.55853162E-4
3.74100006E+2 7.18176907E-4
3.75100006E+2 7.54662608E-4
3.76100006E+2 7.36716014E-4
3.77100006E+2 7.38267165E-4
3.78100006E+2 7.18161075E-4
3.79100006E+2 7.11795787E-4
3.80100006E+2 7.13023227E-4
3.81100006E+2 6.77371083E-4
3.82100006E+2 6.78536111E-4
3.83100006E+2 6.68650659E-4
3.84100006E+2 6.83875610E-4
3.85100006E+2 6.70399103E-4
3.86100006E+2 6.99902467E-4
3.87100006E+2 7.19180969E-4
3.88100006E+2 6.87073345E-4
3.89100006E+2 6.93950843E-4
3.90100006E+2 7.08921867E-4
3.91100006E+2 6.90873964E-4
3.92100006E+2 6.88674486E-4
3.93100006E+2 7.17010809E-4
3.94100006E+2 7.29186158E-4
3.95100006E+2 7.09503805E-4
3.96100006E+2 6.72540997E-4
3.97100006E+2 7.13388523E-4
3.98100006E+2 7.02168800E-4
3.99100006E+2 7.00423897E-4
4.00100006E+2 7.04297538E-4
4.01100006E+2 7.02898988E-4
4.02100006E+2 6.73494586E-4
4.03100006E+2 6.94834425E-4
4.04100006E+2 7.13392672E-4
4.05100006E+2 6.85717679E-4
4.06100006E+2 6.89084670E-4
4.07100006E+2 6.88253935E-4
4.08100006E+2 7.23109639E-4
4.09100006E+2 6.66771838E-4
4.10100006E+2 6.83193763E-4
4.11100006E+2 7.00016161E-4
4.12100006E+2 6.61179033E-4
4.13100006E+2 6.79878813E-4
4.14100006E+2 6.74691571E-4
4.15100006E+2 6.84924846E-4
4.16100006E+2 6.96396618E-4
4.17100006E+2 6.77218435E-4
4.18100006E+2 6.55465063E-4
4.19100006E+2 6.91200644E-4
4.20100006E+2 6.91277693E-4
4.21100006E+2 6.49305408E-4
4.22100006E+2 6.65360679E-4
4.23100006E+2 6.84848950E-4
4.24100006E+2 7.07004147E-4
4.25100006E+2 6.92383897E-4
4.26100006E+2 6.94859612E-4
4.27100006E+2 6.99803479E-4
4.28100006E+2 6.82111402E-4
4.29100006E+2 6.94259630E-4
4.30100006E+2 6.83267249E-4
4.31100006E+2 6.76757437E-4
4.32100006E+2 6.80892034E-4
4.33100006E+2 6.85386562E-4
4.34100006E+2 6.62077058E-4
4.35100006E+2 6.83625038E-4
4.36100006E+2 6.99639015E-4
4.37100006E+2 6.88215223E-4
4.38100006E+2 7.02398709E-4
4.39100006E+2 7.03525093E-4
4.40100006E+2 6.71933727E-4
4.41100006E+2 6.93087367E-4
4.42100006E+2 6.72632874E-4
4.43100006E+2 6.83708376E-4
4.44100006E+2 6.64856128E-4
4.45100006E+2 6.79977941E-4
4.46100006E+2 6.63161451E-4
4.47100006E+2 6.67327794E-4
4.48100006E+2 6.80443324E-4
4.49100006E+2 6.33332731E-4
4.50100006E+2 6.58251404E-4
4.51100006E+2 6.25167954E-4
4.52100006E+2 6.40584516E-4
4.53100006E+2 6.76978289E-4
4.54100006E+2 6.71281039E-4
4.55100006E+2 6.32814891E-4
4.56100006E+2 6.89395984E-4
4.57100006E+2 6.89936853E-4
4.58100006E+2 6.66273250E-4
4.59100006E+2 6.61449672E-4
4.60100006E+2 6.87186227E-4
4.61100006E+2 7.07521705E-4
4.62100006E+2 6.55054638E-4
4.63100006E+2 6.85935577E-4
4.64100006E+2 6.90832405E-4
4.65100006E+2 6.81489659E-4
4.66100006E+2 6.77977680E-4
4.67100006E+2 6.79931373E-4
4.68100006E+2 6.87560366E-4
4.69100006E+2 6.74786857E-4
4.70100006E+2 6.63279176E-4
4.71100006E+2 6.63816898E-4
4.72100006E+2 6.51200218E-4
4.73100006E+2 6.48428202E-4
4.74100006E+2 6.72596228E-4
4.75100006E+2 6.59648063E-4
4.76100006E+2 6.60357808E-4
4.77100006E+2 6.84009201E-4
4.78100006E+2 6.99292363E-4
4.79100006E+2 6.93832842E-4
4.80100006E+2 6.71378258E-4
4.81100006E+2 7.16164941E-4
4.82100006E+2 7.09952396E-4
4.83100006E+2 6.72228548E-4
4.84100006E+2 6.95504165E-4
4.85100006E+2 7.04449495E-4
4.86100006E+2 6.90017062E-4
4.87100006E+2 7.03644266E-4
4.88100006E+2 7.09689162E-4
4.89100006E+2 7.01806190E-4
4.90100006E+2 6.94458446E-4
4.91100006E+2 6.84800622E-4
4.92100006E+2 6.63651479E-4
4.93100006E+2 6.45073299E-4
4.94100006E+2 6.57390795E-4
4.95100006E+2 6.68165974E-4
4.96100006E+2 6.48586220E-4
4.97100006E+2 6.78932215E-4
4.98100006E+2 7.14370281E-4
4.99100006E+2 6.92950325E-4
5.00100006E+2 7.52027166E-4
5.01100006E+2 7.58101994E-4
5.02100006E+2 7.05496240E-4
5.03100006E+2 6.96175589E-4
5.04100006E+2 6.97340206E-4
5.05100006E+2 6.92444755E-4
5.06100006E+2 7.03947209E-4
5.07100006E+2 6.87413734E-4
5.08100006E+2 6.98205850E-4
5.09100006E+2 6.98241340E-4
5.10100006E+2 6.73102313E-4
5.11100006E+2 7.17491112E-4
5.12099976E+2 6.86769927E-4
5.13099976E+2 6.95023294E-4
5.14099976E+2 7.12439564E-4
5.15099976E+2 7.17709958E-4
5.16099976E+2 7.10690400E-4
5.17099976E+2 7.52984787E-4
5.18099976E+2 7.17297703E-4
5.19099976E+2 6.79189064E-4
5.20099976E+2 6.63832963E-4
5.21099976E+2 6.91513151E-4
5.22099976E+2 6.61119801E-4
5.23099976E+2 6.61635067E-4
5.24099976E+2 6.57713021E-4
5.25099976E+2 6.57773596E-4
5.26099976E+2 6.96439178E-4
5.27099976E+2 6.97574598E-4
5.28099976E+2 6.91911517E-4
5.29099976E+2 7.08263563E-4
5.30099976E+2 7.04292724E-4
5.31099976E+2 7.07193693E-4
5.32099976E+2 7.14108902E-4
5.33099976E+2 6.81965837E-4
5.34099976E+2 6.92953201E-4
5.35099976E+2 6.99336495E-4
5.36099976E+2 6.72767898E-4
5.37099976E+2 7.10235529E-4
5.38099976E+2 7.20385795E-4
5.39099976E+2 6.91527618E-4
5.40099976E+2 6.94439467E-4
5.41099976E+2 6.80301533E-4
5.42099976E+2 7.40380038E-4
5.43099976E+2 6.80203938E-4
5.44099976E+2 6.85361685E-4
5.45099976E+2 6.90091964E-4
5.46099976E+2 7.03714786E-4
5.47099976E+2 6.95707724E-4
5.48099976E+2 6.77537845E-4
5.49099976E+2 6.97678912E-4
5.50099976E+2 6.77797781E-4
5.51099976E+2 6.66896609E-4
5.52099976E+2 6.66217238E-4
5.53099976E+2 6.80101751E-4
5.54099976E+2 6.62112445E-4
5.55099976E+2 6.64691739E-4
5.56099976E+2 6.43035983E-4
