0.00000000E+0 0.00000000E+0
1.20000005E+0 0.00000000E+0
2.20000005E+0 2.50000000E-3
3.20000005E+0 0.00000000E+0
4.19999981E+0 0.00000000E+0
5.19999981E+0 0.00000000E+0
6.30000019E+0 0.00000000E+0
7.30000019E+0 2.50000000E-3
8.30000019E+0 2.50000000E-3
9.30000019E+0 0.00000000E+0
1.03000002E+1 3.75000000E-3
1.13000002E+1 0.00000000E+0
1.23000002E+1 0.00000000E+0
1.33000002E+1 0.00000000E+0
1.43000002E+1 0.00000000E+0
1.53000002E+1 0.00000000E+0
1.62999992E+1 0.00000000E+0
1.72999992E+1 0.00000000E+0
1.82999992E+1 0.00000000E+0
1.92999992E+1 0.00000000E+0
2.02999992E+1 0.00000000E+0
2.12999992E+1 0.00000000E+0
2.22999992E+1 0.00000000E+0
2.32999992E+1 0.00000000E+0
2.42999992E+1 0.00000000E+0
2.52999992E+1 0.00000000E+0
2.62999992E+1 0.00000000E+0
2.72999992E+1 0.00000000E+0
2.82999992E+1 0.00000000E+0
2.92999992E+1 2.50000000E-3
3.02999992E+1 0.00000000E+0
3.12999992E+1 0.00000000E+0
3.22999992E+1 0.00000000E+0
3.32999992E+1 0.00000000E+0
3.42999992E+1 0.00000000E+0
3.52999992E+1 0.00000000E+0
3.62999992E+1 0.00000000E+0
3.72999992E+1 0.00000000E+0
3.82999992E+1 0.00000000E+0
3.92999992E+1 0.00000000E+0
4.02999992E+1 0.00000000E+0
4.12999992E+1 0.00000000E+0
4.22999992E+1 0.00000000E+0
4.32999992E+1 0.00000000E+0
4.42999992E+1 0.00000000E+0
4.52999992E+1 0.00000000E+0
4.62999992E+1 0.00000000E+0
4.72999992E+1 0.00000000E+0
4.82999992E+1 0.00000000E+0
4.92999992E+1 0.00000000E+0
5.02999992E+1 0.00000000E+0
5.12999992E+1 2.50000000E-3
5.22999992E+1 3.75000000E-3
5.32999992E+1 0.00000000E+0
5.42999992E+1 0.00000000E+0
5.52999992E+1 0.00000000E+0
5.62999992E+1 2.50000000E-3
5.72999992E+1 0.00000000E+0
5.82999992E+1 3.75000000E-3
5.92999992E+1 0.00000000E+0
6.02999992E+1 0.00000000E+0
6.12999992E+1 0.00000000E+0
6.22999992E+1 3.75000000E-3
6.32999992E+1 0.00000000E+0
6.43000031E+1 0.00000000E+0
6.53000031E+1 0.00000000E+0
6.63000031E+1 0.00000000E+0
6.73000031E+1 0.00000000E+0
6.83000031E+1 0.00000000E+0
6.93000031E+1 0.00000000E+0
7.03000031E+1 0.00000000E+0
7.13000031E+1 0.00000000E+0
7.23000031E+1 0.00000000E+0
7.33000031E+1 0.00000000E+0
7.43000031E+1 0.00000000E+0
7.53000031E+1 0.00000000E+0
7.63000031E+1 0.00000000E+0
7.73000031E+1 0.00000000E+0
7.83000031E+1 0.00000000E+0
7.93000031E+1 0.00000000E+0
8.03000031E+1 3.75000000E-3
8.13000031E+1 0.00000000E+0
8.23000031E+1 0.00000000E+0
8.33000031E+1 0.00000000E+0
8.43000031E+1 0.00000000E+0
8.53000031E+1 2.50000000E-3
8.63000031E+1 0.00000000E+0
8.73000031E+1 0.00000000E+0
8.83000031E+1 0.00000000E+0
8.93000031E+1 0.00000000E+0
9.03000031E+1 2.50000000E-3
9.13000031E+1 0.00000000E+0
9.23000031E+1 0.00000000E+0
9.33000031E+1 0.00000000E+0
9.43000031E+1 0.00000000E+0
9.53000031E+1 0.00000000E+0
9.63000031E+1 0.00000000E+0
9.73000031E+1 3.75000000E-3
9.83000031E+1 0.00000000E+0
9.93000031E+1 0.00000000E+0
1.00300003E+2 0.00000000E+0
1.01300003E+2 0.00000000E+0
1.02300003E+2 0.00000000E+0
1.03300003E+2 0.00000000E+0
1.04300003E+2 0.00000000E+0
1.05300003E+2 2.50000000E-3
1.06300003E+2 0.00000000E+0
1.07300003E+2 0.00000000E+0
1.08300003E+2 3.75000000E-3
1.09300003E+2 0.00000000E+0
1.10300003E+2 0.00000000E+0
1.11300003E+2 2.50000000E-3
1.12300003E+2 0.00000000E+0
1.13300003E+2 0.00000000E+0
1.14300003E+2 0.00000000E+0
1.15300003E+2 2.50000000E-3
1.16300003E+2 0.00000000E+0
1.17300003E+2 0.00000000E+0
1.18300003E+2 0.00000000E+0
1.19300003E+2 0.00000000E+0
1.20300003E+2 0.00000000E+0
1.21300003E+2 0.00000000E+0
1.22300003E+2 2.50000000E-3
1.23300003E+2 0.00000000E+0
1.24300003E+2 0.00000000E+0
1.25300003E+2 0.00000000E+0
1.26300003E+2 0.00000000E+0
1.27300003E+2 2.50000000E-3
1.28300003E+2 0.00000000E+0
1.29300003E+2 0.00000000E+0
1.30300003E+2 2.50000000E-3
1.31300003E+2 0.00000000E+0
1.32300003E+2 0.00000000E+0
1.33300003E+2 0.00000000E+0
1.34300003E+2 0.00000000E+0
1.35300003E+2 0.00000000E+0
1.36300003E+2 0.00000000E+0
1.37300003E+2 0.00000000E+0
1.38300003E+2 0.00000000E+0
1.39300003E+2 0.00000000E+0
1.40300003E+2 2.50000000E-3
1.41300003E+2 0.00000000E+0
1.42300003E+2 0.00000000E+0
1.43300003E+2 2.50000000E-3
1.44300003E+2 0.00000000E+0
1.45300003E+2 0.00000000E+0
1.46300003E+2 0.00000000E+0
1.47300003E+2 0.00000000E+0
1.48300003E+2 0.00000000E+0
1.49300003E+2 0.00000000E+0
1.50300003E+2 0.00000000E+0
1.51300003E+2 0.00000000E+0
1.52300003E+2 0.00000000E+0
1.53300003E+2 2.50000000E-3
1.54300003E+2 0.00000000E+0
1.55300003E+2 0.00000000E+0
1.56300003E+2 0.00000000E+0
1.57300003E+2 0.00000000E+0
1.58300003E+2 0.00000000E+0
1.59300003E+2 0.00000000E+0
1.60300003E+2 0.00000000E+0
1.61300003E+2 0.00000000E+0
1.62300003E+2 0.00000000E+0
1.63300003E+2 2.50000000E-3
1.64300003E+2 0.00000000E+0
1.65300003E+2 0.00000000E+0
1.66300003E+2 0.00000000E+0
1.67300003E+2 0.00000000E+0
1.68300003E+2 2.50000000E-3
1.69300003E+2 0.00000000E+0
1.70300003E+2 0.00000000E+0
1.71300003E+2 0.00000000E+0
1.72300003E+2 0.00000000E+0
1.73300003E+2 3.75000000E-3
1.74300003E+2 0.00000000E+0
1.75300003E+2 0.00000000E+0
1.76300003E+2 0.00000000E+0
1.77300003E+2 2.50000000E-3
1.78300003E+2 0.00000000E+0
1.79300003E+2 0.00000000E+0
1.80300003E+2 0.00000000E+0
1.81300003E+2 0.00000000E+0
1.82300003E+2 0.00000000E+0
1.83300003E+2 0.00000000E+0
1.84300003E+2 0.00000000E+0
1.85300003E+2 0.00000000E+0
1.86300003E+2 0.00000000E+0
1.87300003E+2 0.00000000E+0
1.88300003E+2 0.00000000E+0
1.89300003E+2 0.00000000E+0
1.90300003E+2 0.00000000E+0
1.91300003E+2 2.50000000E-3
1.92300003E+2 0.00000000E+0
1.93300003E+2 0.00000000E+0
1.94300003E+2 0.00000000E+0
1.95300003E+2 3.75000000E-3
1.96300003E+2 0.00000000E+0
1.97300003E+2 0.00000000E+0
1.98300003E+2 0.00000000E+0
1.99300003E+2 0.00000000E+0
2.00300003E+2 0.00000000E+0
2.01300003E+2 0.00000000E+0
2.02300003E+2 0.00000000E+0
2.03300003E+2 0.00000000E+0
2.04300003E+2 0.00000000E+0
2.05300003E+2 0.00000000E+0
2.06300003E+2 2.50000000E-3
2.07300003E+2 0.00000000E+0
2.08300003E+2 0.00000000E+0
2.09300003E+2 0.00000000E+0
2.10300003E+2 0.00000000E+0
2.11300003E+2 0.00000000E+0
2.12300003E+2 0.00000000E+0
2.13300003E+2 0.00000000E+0
2.14300003E+2 0.00000000E+0
2.15300003E+2 2.50000000E-3
2.16300003E+2 0.00000000E+0
2.17300003E+2 0.00000000E+0
2.18300003E+2 0.00000000E+0
2.19300003E+2 0.00000000E+0
2.20300003E+2 0.00000000E+0
2.21300003E+2 0.00000000E+0
2.22300003E+2 0.00000000E+0
2.23300003E+2 0.00000000E+0
2.24300003E+2 0.00000000E+0
2.25300003E+2 0.00000000E+0
2.26300003E+2 0.00000000E+0
2.27300003E+2 0.00000000E+0
2.28300003E+2 0.00000000E+0
2.29300003E+2 0.00000000E+0
2.30300003E+2 0.00000000E+0
2.31300003E+2 0.00000000E+0
2.32300003E+2 3.75000000E-3
2.33300003E+2 0.00000000E+0
2.34300003E+2 3.75000000E-3
2.35300003E+2 0.00000000E+0
2.36300003E+2 2.50000000E-3
2.37300003E+2 0.00000000E+0
2.38300003E+2 0.00000000E+0
2.39300003E+2 0.00000000E+0
2.40300003E+2 0.00000000E+0
2.41300003E+2 0.00000000E+0
2.42300003E+2 0.00000000E+0
2.43300003E+2 2.50000000E-3
2.44300003E+2 2.50000000E-3
2.45300003E+2 0.00000000E+0
2.46300003E+2 0.00000000E+0
2.47300003E+2 0.00000000E+0
2.48300003E+2 0.00000000E+0
2.49300003E+2 0.00000000E+0
2.50300003E+2 0.00000000E+0
2.51300003E+2 0.00000000E+0
2.52300003E+2 0.00000000E+0
2.53300003E+2 0.00000000E+0
2.54300003E+2 0.00000000E+0
2.55300003E+2 0.00000000E+0
2.56299988E+2 2.50000000E-3
2.57299988E+2 0.00000000E+0
2.58299988E+2 0.00000000E+0
2.59299988E+2 0.00000000E+0
2.60299988E+2 0.00000000E+0
2.61299988E+2 0.00000000E+0
2.62299988E+2 0.00000000E+0
2.63299988E+2 0.00000000E+0
2.64299988E+2 2.50000000E-3
2.65299988E+2 0.00000000E+0
2.66299988E+2 0.00000000E+0
2.67299988E+2 0.00000000E+0
2.68299988E+2 3.75000000E-3
2.69299988E+2 0.00000000E+0
2.70299988E+2 0.00000000E+0
2.71299988E+2 3.75000000E-3
2.72299988E+2 0.00000000E+0
2.73299988E+2 0.00000000E+0
2.74299988E+2 0.00000000E+0
2.75299988E+2 0.00000000E+0
2.76299988E+2 0.00000000E+0
2.77299988E+2 0.00000000E+0
2.78299988E+2 0.00000000E+0
2.79299988E+2 0.00000000E+0
2.80299988E+2 0.00000000E+0
2.81299988E+2 0.00000000E+0
2.82299988E+2 0.00000000E+0
2.83299988E+2 0.00000000E+0
2.84299988E+2 0.00000000E+0
2.85299988E+2 0.00000000E+0
2.86299988E+2 0.00000000E+0
2.87299988E+2 0.00000000E+0
2.88299988E+2 0.00000000E+0
2.89299988E+2 3.75000000E-3
2.90299988E+2 0.00000000E+0
2.91299988E+2 0.00000000E+0
2.92299988E+2 0.00000000E+0
2.93299988E+2 0.00000000E+0
2.94299988E+2 0.00000000E+0
2.95299988E+2 0.00000000E+0
2.96299988E+2 0.00000000E+0
2.97299988E+2 0.00000000E+0
2.98299988E+2 2.50000000E-3
2.99299988E+2 0.00000000E+0
3.00299988E+2 0.00000000E+0
3.01299988E+2 0.00000000E+0
3.02299988E+2 0.00000000E+0
3.03299988E+2 0.00000000E+0
3.04299988E+2 0.00000000E+0
3.05299988E+2 0.00000000E+0
3.06299988E+2 0.00000000E+0
3.07299988E+2 0.00000000E+0
3.08299988E+2 0.00000000E+0
3.09299988E+2 0.00000000E+0
3.10299988E+2 0.00000000E+0
3.11299988E+2 0.00000000E+0
3.12299988E+2 0.00000000E+0
3.13299988E+2 0.00000000E+0
3.14299988E+2 0.00000000E+0
3.15299988E+2 0.00000000E+0
3.16299988E+2 0.00000000E+0
3.17299988E+2 0.00000000E+0
3.18299988E+2 3.75000000E-3
3.19299988E+2 0.00000000E+0
3.20299988E+2 0.00000000E+0
3.21299988E+2 0.00000000E+0
3.22299988E+2 0.00000000E+0
3.23299988E+2 0.00000000E+0
3.24299988E+2 0.00000000E+0
3.25299988E+2 0.00000000E+0
3.26299988E+2 0.00000000E+0
3.27299988E+2 0.00000000E+0
3.28299988E+2 2.50000000E-3
3.29299988E+2 0.00000000E+0
3.30299988E+2 0.00000000E+0
3.31299988E+2 0.00000000E+0
3.32299988E+2 0.00000000E+0
3.33299988E+2 0.00000000E+0
3.34299988E+2 0.00000000E+0
3.35299988E+2 0.00000000E+0
3.36299988E+2 0.00000000E+0
3.37299988E+2 3.75000000E-3
3.38299988E+2 0.00000000E+0
3.39299988E+2 2.50000000E-3
3.40299988E+2 0.00000000E+0
3.41299988E+2 0.00000000E+0
3.42299988E+2 0.00000000E+0
3.43299988E+2 0.00000000E+0
3.44299988E+2 0.00000000E+0
3.45299988E+2 0.00000000E+0
3.46299988E+2 0.00000000E+0
3.47299988E+2 0.00000000E+0
3.48299988E+2 0.00000000E+0
3.49299988E+2 0.00000000E+0
3.50299988E+2 0.00000000E+0
3.51299988E+2 0.00000000E+0
3.52299988E+2 0.00000000E+0
3.53299988E+2 0.00000000E+0
3.54299988E+2 2.50000000E-3
3.55299988E+2 0.00000000E+0
3.56299988E+2 0.00000000E+0
3.57299988E+2 0.00000000E+0
3.58299988E+2 0.00000000E+0
3.59299988E+2 0.00000000E+0
3.60299988E+2 0.00000000E+0
3.61299988E+2 0.00000000E+0
3.62299988E+2 3.75000000E-3
3.63299988E+2 0.00000000E+0
3.64299988E+2 0.00000000E+0
3.65299988E+2 0.00000000E+0
3.66299988E+2 0.00000000E+0
3.67299988E+2 0.00000000E+0
3.68299988E+2 0.00000000E+0
3.69299988E+2 0.00000000E+0
3.70299988E+2 0.00000000E+0
3.71299988E+2 0.00000000E+0
3.72299988E+2 0.00000000E+0
3.73299988E+2 0.00000000E+0
3.74299988E+2 0.00000000E+0
3.75299988E+2 0.00000000E+0
3.76299988E+2 0.00000000E+0
3.77299988E+2 0.00000000E+0
3.78299988E+2 0.00000000E+0
3.79299988E+2 0.00000000E+0
3.80299988E+2 0.00000000E+0
3.81299988E+2 0.00000000E+0
3.82299988E+2 0.00000000E+0
3.83299988E+2 0.00000000E+0
3.84299988E+2 0.00000000E+0
3.85299988E+2 0.00000000E+0
3.86299988E+2 0.00000000E+0
3.87299988E+2 0.00000000E+0
3.88299988E+2 0.00000000E+0
3.89299988E+2 0.00000000E+0
3.90299988E+2 0.00000000E+0
3.91299988E+2 0.00000000E+0
3.92299988E+2 0.00000000E+0
