0.00000000E+0 -6.25000000E-5
1.10000002E+0 0.00000000E+0
2.09999990E+0 0.00000000E+0
3.09999990E+0 6.25000000E-5
4.09999990E+0 6.25000000E-5
5.09999990E+0 0.00000000E+0
6.09999990E+0 -6.25000000E-5
7.09999990E+0 0.00000000E+0
8.10000038E+0 6.25000000E-5
9.10000038E+0 -6.25000000E-5
1.01000004E+1 0.00000000E+0
1.11000004E+1 6.25000000E-5
1.21000004E+1 0.00000000E+0
1.31000004E+1 0.00000000E+0
1.41000004E+1 0.00000000E+0
1.51000004E+1 0.00000000E+0
1.61000004E+1 0.00000000E+0
1.71000004E+1 0.00000000E+0
1.81000004E+1 0.00000000E+0
1.91000004E+1 0.00000000E+0
2.01000004E+1 0.00000000E+0
2.11000004E+1 0.00000000E+0
2.21000004E+1 0.00000000E+0
2.31000004E+1 0.00000000E+0
2.41000004E+1 0.00000000E+0
2.51000004E+1 0.00000000E+0
2.61000004E+1 -6.25000000E-5
2.71000004E+1 0.00000000E+0
2.81000004E+1 0.00000000E+0
2.91000004E+1 0.00000000E+0
3.01000004E+1 0.00000000E+0
3.11000004E+1 -6.25000000E-5
3.20999985E+1 -6.25000000E-5
3.30999985E+1 -6.25000000E-5
3.40999985E+1 -6.25000000E-5
3.50999985E+1 0.00000000E+0
3.60999985E+1 0.00000000E+0
3.70999985E+1 0.00000000E+0
3.80999985E+1 0.00000000E+0
3.90999985E+1 0.00000000E+0
4.00999985E+1 0.00000000E+0
4.10999985E+1 0.00000000E+0
4.20999985E+1 0.00000000E+0
4.30999985E+1 -6.25000000E-5
4.40999985E+1 -6.25000000E-5
4.50999985E+1 -6.25000000E-5
4.60999985E+1 -6.25000000E-5
4.70999985E+1 -6.25000000E-5
4.80999985E+1 -6.25000000E-5
4.90999985E+1 -6.25000000E-5
5.00999985E+1 -6.25000000E-5
5.10999985E+1 -6.25000000E-5
5.20999985E+1 6.25000000E-5
5.30999985E+1 0.00000000E+0
5.40999985E+1 -6.25000000E-5
5.50999985E+1 -6.25000000E-5
5.60999985E+1 -6.25000000E-5
5.70999985E+1 -6.25000000E-5
5.80999985E+1 -6.25000000E-5
5.90999985E+1 -6.25000000E-5
6.00999985E+1 -6.25000000E-5
6.10999985E+1 0.00000000E+0
6.20999985E+1 -6.25000000E-5
6.30999985E+1 -6.25000000E-5
6.40999985E+1 -6.25000000E-5
6.50999985E+1 0.00000000E+0
6.60999985E+1 -6.25000000E-5
6.70999985E+1 0.00000000E+0
6.80999985E+1 -6.25000000E-5
6.90999985E+1 -6.25000000E-5
7.00999985E+1 -6.25000000E-5
7.10999985E+1 -6.25000000E-5
7.20999985E+1 -6.25000000E-5
7.30999985E+1 0.00000000E+0
7.40999985E+1 -6.25000000E-5
7.50999985E+1 -6.25000000E-5
7.60999985E+1 -6.25000000E-5
7.70999985E+1 -6.25000000E-5
7.80999985E+1 -6.25000000E-5
7.90999985E+1 6.25000000E-5
8.00999985E+1 -6.25000000E-5
8.10999985E+1 -6.25000000E-5
8.20999985E+1 -6.25000000E-5
8.30999985E+1 -6.25000000E-5
8.40999985E+1 -6.25000000E-5
8.50999985E+1 -6.25000000E-5
8.60999985E+1 -6.25000000E-5
8.70999985E+1 -6.25000000E-5
8.80999985E+1 -6.25000000E-5
8.90999985E+1 -6.25000000E-5
9.00999985E+1 -6.25000000E-5
9.10999985E+1 -6.25000000E-5
9.20999985E+1 0.00000000E+0
9.30999985E+1 6.25000000E-5
9.40999985E+1 -6.25000000E-5
9.50999985E+1 -6.25000000E-5
9.60999985E+1 -6.25000000E-5
9.70999985E+1 -6.25000000E-5
9.80999985E+1 0.00000000E+0
9.90999985E+1 -6.25000000E-5
1.00099998E+2 0.00000000E+0
1.01099998E+2 -6.25000000E-5
1.02099998E+2 -6.25000000E-5
1.03099998E+2 -6.25000000E-5
1.04099998E+2 0.00000000E+0
1.05099998E+2 -6.25000000E-5
1.06099998E+2 6.25000000E-5
1.07099998E+2 -6.25000000E-5
1.08099998E+2 0.00000000E+0
1.09099998E+2 -6.25000000E-5
1.10099998E+2 -6.25000000E-5
1.11099998E+2 -6.25000000E-5
1.12099998E+2 -6.25000000E-5
1.13099998E+2 0.00000000E+0
1.14099998E+2 0.00000000E+0
1.15099998E+2 -6.25000000E-5
1.16099998E+2 -6.25000000E-5
1.17099998E+2 -6.25000000E-5
1.18099998E+2 0.00000000E+0
1.19099998E+2 -6.25000000E-5
1.20099998E+2 0.00000000E+0
1.21099998E+2 0.00000000E+0
1.22099998E+2 -6.25000000E-5
1.23099998E+2 0.00000000E+0
1.24099998E+2 0.00000000E+0
1.25099998E+2 0.00000000E+0
1.26099998E+2 -6.25000000E-5
1.27099998E+2 0.00000000E+0
1.28100006E+2 0.00000000E+0
1.29100006E+2 0.00000000E+0
1.30100006E+2 0.00000000E+0
1.31100006E+2 0.00000000E+0
1.32100006E+2 0.00000000E+0
1.33100006E+2 0.00000000E+0
1.34100006E+2 0.00000000E+0
1.35100006E+2 0.00000000E+0
1.36100006E+2 6.25000000E-5
1.37100006E+2 6.25000000E-5
1.38100006E+2 0.00000000E+0
1.39100006E+2 -6.25000000E-5
1.40100006E+2 0.00000000E+0
1.41100006E+2 6.25000000E-5
1.42100006E+2 6.25000000E-5
1.43100006E+2 -6.25000000E-5
1.44100006E+2 0.00000000E+0
1.45100006E+2 0.00000000E+0
1.46100006E+2 0.00000000E+0
1.47100006E+2 0.00000000E+0
1.48100006E+2 -6.25000000E-5
1.49100006E+2 -6.25000000E-5
1.50100006E+2 -6.25000000E-5
1.51100006E+2 -6.25000000E-5
1.52100006E+2 -6.25000000E-5
1.53100006E+2 0.00000000E+0
1.54100006E+2 -6.25000000E-5
1.55100006E+2 0.00000000E+0
1.56100006E+2 -6.25000000E-5
1.57100006E+2 6.25000000E-5
1.58100006E+2 -6.25000000E-5
1.59100006E+2 0.00000000E+0
1.60100006E+2 -6.25000000E-5
1.61100006E+2 -6.25000000E-5
1.62100006E+2 -6.25000000E-5
1.63100006E+2 -6.25000000E-5
1.64100006E+2 -6.25000000E-5
1.65100006E+2 0.00000000E+0
1.66100006E+2 -6.25000000E-5
1.67100006E+2 -6.25000000E-5
1.68100006E+2 0.00000000E+0
1.69100006E+2 -6.25000000E-5
1.70100006E+2 0.00000000E+0
1.71100006E+2 0.00000000E+0
1.72100006E+2 0.00000000E+0
1.73100006E+2 0.00000000E+0
1.74100006E+2 0.00000000E+0
1.75100006E+2 0.00000000E+0
1.76100006E+2 0.00000000E+0
1.77100006E+2 0.00000000E+0
1.78100006E+2 0.00000000E+0
1.79100006E+2 0.00000000E+0
1.80100006E+2 0.00000000E+0
1.81100006E+2 0.00000000E+0
1.82100006E+2 0.00000000E+0
1.83100006E+2 0.00000000E+0
1.84100006E+2 -6.25000000E-5
1.85100006E+2 0.00000000E+0
1.86100006E+2 -6.25000000E-5
1.87100006E+2 0.00000000E+0
1.88100006E+2 0.00000000E+0
1.89100006E+2 0.00000000E+0
1.90100006E+2 0.00000000E+0
1.91100006E+2 0.00000000E+0
1.92100006E+2 0.00000000E+0
1.93100006E+2 6.25000000E-5
1.94100006E+2 6.25000000E-5
1.95100006E+2 6.25000000E-5
1.96100006E+2 6.25000000E-5
1.97100006E+2 0.00000000E+0
1.98100006E+2 -6.25000000E-5
1.99100006E+2 0.00000000E+0
2.00100006E+2 0.00000000E+0
2.01100006E+2 0.00000000E+0
2.02100006E+2 0.00000000E+0
2.03100006E+2 6.25000000E-5
2.04100006E+2 0.00000000E+0
2.05100006E+2 6.25000000E-5
2.06100006E+2 0.00000000E+0
2.07100006E+2 -6.25000000E-5
2.08100006E+2 0.00000000E+0
2.09100006E+2 0.00000000E+0
2.10100006E+2 0.00000000E+0
2.11100006E+2 0.00000000E+0
2.12100006E+2 0.00000000E+0
2.13100006E+2 0.00000000E+0
2.14100006E+2 6.25000000E-5
2.15100006E+2 0.00000000E+0
2.16199997E+2 0.00000000E+0
2.18500000E+2 6.25000000E-5
2.19500000E+2 0.00000000E+0
2.20500000E+2 0.00000000E+0
2.21500000E+2 -6.25000000E-5
2.22500000E+2 -6.25000000E-5
2.23500000E+2 -6.25000000E-5
2.24500000E+2 -6.25000000E-5
2.25500000E+2 -6.25000000E-5
2.26500000E+2 0.00000000E+0
2.27500000E+2 0.00000000E+0
2.28500000E+2 -6.25000000E-5
2.29500000E+2 0.00000000E+0
2.30500000E+2 -6.25000000E-5
2.31500000E+2 -6.25000000E-5
2.32500000E+2 -6.25000000E-5
2.33500000E+2 -6.25000000E-5
2.34500000E+2 -6.25000000E-5
2.35500000E+2 -6.25000000E-5
2.36500000E+2 -6.25000000E-5
2.37500000E+2 -6.25000000E-5
2.38500000E+2 -6.25000000E-5
2.39500000E+2 -6.25000000E-5
2.40500000E+2 0.00000000E+0
2.41500000E+2 0.00000000E+0
2.42500000E+2 -6.25000000E-5
2.43500000E+2 -6.25000000E-5
2.44500000E+2 -6.25000000E-5
2.45500000E+2 -6.25000000E-5
2.46500000E+2 -6.25000000E-5
2.47500000E+2 0.00000000E+0
2.48500000E+2 -6.25000000E-5
2.49500000E+2 -6.25000000E-5
2.50500000E+2 -6.25000000E-5
2.51500000E+2 -6.25000000E-5
2.52500000E+2 -6.25000000E-5
2.53500000E+2 0.00000000E+0
2.54500000E+2 -6.25000000E-5
2.55500000E+2 -6.25000000E-5
2.56500000E+2 0.00000000E+0
2.57500000E+2 0.00000000E+0
2.58500000E+2 0.00000000E+0
2.59500000E+2 0.00000000E+0
2.60500000E+2 0.00000000E+0
2.61500000E+2 0.00000000E+0
2.62500000E+2 -6.25000000E-5
2.63500000E+2 -6.25000000E-5
2.64500000E+2 0.00000000E+0
2.65500000E+2 0.00000000E+0
2.66500000E+2 0.00000000E+0
2.67500000E+2 0.00000000E+0
2.68500000E+2 0.00000000E+0
2.69500000E+2 0.00000000E+0
2.70500000E+2 0.00000000E+0
2.71500000E+2 0.00000000E+0
2.72500000E+2 0.00000000E+0
2.73500000E+2 0.00000000E+0
2.74500000E+2 0.00000000E+0
2.75500000E+2 0.00000000E+0
2.76500000E+2 0.00000000E+0
2.77500000E+2 0.00000000E+0
2.78500000E+2 0.00000000E+0
2.79500000E+2 0.00000000E+0
2.80500000E+2 0.00000000E+0
2.81500000E+2 6.25000000E-5
2.82500000E+2 -6.25000000E-5
2.83500000E+2 0.00000000E+0
2.84500000E+2 0.00000000E+0
2.85500000E+2 0.00000000E+0
2.86500000E+2 0.00000000E+0
2.87500000E+2 0.00000000E+0
2.88500000E+2 0.00000000E+0
2.89500000E+2 0.00000000E+0
2.90500000E+2 -6.25000000E-5
2.91500000E+2 0.00000000E+0
2.92500000E+2 -6.25000000E-5
2.93500000E+2 0.00000000E+0
2.94500000E+2 0.00000000E+0
2.95500000E+2 0.00000000E+0
2.96500000E+2 0.00000000E+0
2.97500000E+2 -6.25000000E-5
2.98500000E+2 0.00000000E+0
2.99500000E+2 -6.25000000E-5
3.00500000E+2 0.00000000E+0
3.01500000E+2 0.00000000E+0
3.02500000E+2 -6.25000000E-5
3.03500000E+2 -6.25000000E-5
3.04500000E+2 0.00000000E+0
3.05500000E+2 -6.25000000E-5
3.06500000E+2 0.00000000E+0
3.07500000E+2 0.00000000E+0
3.08500000E+2 -6.25000000E-5
3.09500000E+2 0.00000000E+0
3.10500000E+2 -6.25000000E-5
3.11500000E+2 -6.25000000E-5
3.12500000E+2 0.00000000E+0
3.13500000E+2 0.00000000E+0
3.14500000E+2 -6.25000000E-5
3.15500000E+2 -6.25000000E-5
3.16500000E+2 0.00000000E+0
3.17500000E+2 6.25000000E-5
3.18500000E+2 -6.25000000E-5
3.19500000E+2 0.00000000E+0
3.20500000E+2 -6.25000000E-5
3.21500000E+2 -6.25000000E-5
3.22500000E+2 0.00000000E+0
3.23500000E+2 -6.25000000E-5
3.24500000E+2 -6.25000000E-5
3.25500000E+2 -6.25000000E-5
3.26500000E+2 -6.25000000E-5
3.27500000E+2 -6.25000000E-5
3.28500000E+2 -6.25000000E-5
3.29500000E+2 -6.25000000E-5
3.30500000E+2 -6.25000000E-5
3.31500000E+2 0.00000000E+0
3.32500000E+2 6.25000000E-5
3.33500000E+2 -6.25000000E-5
3.34500000E+2 -6.25000000E-5
3.35500000E+2 -6.25000000E-5
3.36500000E+2 -6.25000000E-5
3.37500000E+2 -6.25000000E-5
3.38500000E+2 -6.25000000E-5
3.39500000E+2 0.00000000E+0
3.40500000E+2 0.00000000E+0
3.41500000E+2 -6.25000000E-5
3.42500000E+2 -6.25000000E-5
3.43500000E+2 0.00000000E+0
3.44500000E+2 0.00000000E+0
3.45500000E+2 -6.25000000E-5
3.46500000E+2 -6.25000000E-5
3.47500000E+2 0.00000000E+0
3.48500000E+2 -6.25000000E-5
3.49500000E+2 0.00000000E+0
3.50500000E+2 0.00000000E+0
3.51500000E+2 0.00000000E+0
3.52500000E+2 0.00000000E+0
3.53500000E+2 0.00000000E+0
3.54500000E+2 0.00000000E+0
3.55500000E+2 -6.25000000E-5
3.56500000E+2 0.00000000E+0
3.57500000E+2 -6.25000000E-5
3.58500000E+2 0.00000000E+0
3.59500000E+2 0.00000000E+0
3.60500000E+2 -6.25000000E-5
3.61500000E+2 0.00000000E+0
3.62500000E+2 0.00000000E+0
3.63500000E+2 0.00000000E+0
3.64500000E+2 0.00000000E+0
3.65500000E+2 0.00000000E+0
