1.00000001E-1 1.01787500E+0
1.20000005E+0 1.01787500E+0
2.20000005E+0 1.01787500E+0
3.20000005E+0 1.01787500E+0
4.19999981E+0 1.01787500E+0
5.19999981E+0 1.01787500E+0
6.19999981E+0 1.01787500E+0
7.19999981E+0 1.01787500E+0
8.19999981E+0 1.01787500E+0
9.19999981E+0 1.01787500E+0
1.01999998E+1 1.01787500E+0
1.11999998E+1 1.01787500E+0
1.21999998E+1 1.01787500E+0
1.31999998E+1 1.01787500E+0
1.41999998E+1 1.01787500E+0
1.51999998E+1 1.01787500E+0
1.62000008E+1 1.01787500E+0
1.72000008E+1 1.01787500E+0
1.82000008E+1 1.01787500E+0
1.92000008E+1 1.01787500E+0
2.02000008E+1 1.01787500E+0
2.12000008E+1 1.01787500E+0
2.22000008E+1 1.01790625E+0
2.32000008E+1 1.01787500E+0
2.42000008E+1 1.01790625E+0
2.52000008E+1 1.01790625E+0
2.62000008E+1 1.01790625E+0
2.72000008E+1 1.01790625E+0
2.82000008E+1 1.01787500E+0
2.92000008E+1 1.01790625E+0
3.02000008E+1 1.01790625E+0
3.12000008E+1 1.01790625E+0
3.22000008E+1 1.01790625E+0
3.32000008E+1 1.01790625E+0
3.42000008E+1 1.01790625E+0
3.52000008E+1 1.01790625E+0
3.62000008E+1 1.01790625E+0
3.72000008E+1 1.01790625E+0
3.82000008E+1 1.01790625E+0
3.92000008E+1 1.01790625E+0
4.02000008E+1 1.01790625E+0
4.12000008E+1 1.01790625E+0
4.22000008E+1 1.01790625E+0
4.32000008E+1 1.01790625E+0
4.42000008E+1 1.01790625E+0
4.52000008E+1 1.01790625E+0
4.62000008E+1 1.01790625E+0
4.72000008E+1 1.01790625E+0
4.82000008E+1 1.01790625E+0
4.92000008E+1 1.01790625E+0
5.02000008E+1 1.01790625E+0
5.12000008E+1 1.01790625E+0
5.22000008E+1 1.01790625E+0
5.32000008E+1 1.01790625E+0
5.42000008E+1 1.01790625E+0
5.52000008E+1 1.01790625E+0
5.62000008E+1 1.01790625E+0
5.72000008E+1 1.01790625E+0
5.82000008E+1 1.01790625E+0
5.92000008E+1 1.01790625E+0
6.02000008E+1 1.01790625E+0
6.12000008E+1 1.01790625E+0
6.22000008E+1 1.01790625E+0
6.32000008E+1 1.01790625E+0
6.41999969E+1 1.01790625E+0
6.51999969E+1 1.01790625E+0
6.61999969E+1 1.01790625E+0
6.71999969E+1 1.01790625E+0
6.81999969E+1 1.01790625E+0
6.91999969E+1 1.01790625E+0
7.01999969E+1 1.01790625E+0
7.11999969E+1 1.01790625E+0
7.21999969E+1 1.01790625E+0
7.31999969E+1 1.01790625E+0
7.41999969E+1 1.01790625E+0
7.51999969E+1 1.01790625E+0
7.61999969E+1 1.01790625E+0
7.71999969E+1 1.01790625E+0
7.81999969E+1 1.01790625E+0
7.91999969E+1 1.01790625E+0
8.01999969E+1 1.01790625E+0
8.11999969E+1 1.01790625E+0
8.21999969E+1 1.01790625E+0
8.31999969E+1 1.01790625E+0
8.41999969E+1 1.01790625E+0
8.51999969E+1 1.01790625E+0
8.61999969E+1 1.01790625E+0
8.71999969E+1 1.01790625E+0
8.81999969E+1 1.01790625E+0
8.91999969E+1 1.01790625E+0
9.01999969E+1 1.01790625E+0
9.11999969E+1 1.01790625E+0
9.21999969E+1 1.01790625E+0
9.31999969E+1 1.01790625E+0
9.41999969E+1 1.01790625E+0
9.51999969E+1 1.01790625E+0
9.61999969E+1 1.01790625E+0
9.71999969E+1 1.01790625E+0
9.81999969E+1 1.01790625E+0
9.91999969E+1 1.01790625E+0
1.00199997E+2 1.01790625E+0
1.01199997E+2 1.01790625E+0
1.02199997E+2 1.01790625E+0
1.03199997E+2 1.01790625E+0
1.04199997E+2 1.01790625E+0
1.05199997E+2 1.01790625E+0
1.06199997E+2 1.01790625E+0
1.07199997E+2 1.01790625E+0
1.08199997E+2 1.01790625E+0
1.09199997E+2 1.01790625E+0
1.10199997E+2 1.01790625E+0
1.11199997E+2 1.01790625E+0
1.12199997E+2 1.01790625E+0
1.13199997E+2 1.01790625E+0
1.14199997E+2 1.01790625E+0
1.15199997E+2 1.01790625E+0
1.16199997E+2 1.01790625E+0
1.17199997E+2 1.01790625E+0
1.18199997E+2 1.01790625E+0
1.19199997E+2 1.01790625E+0
1.20199997E+2 1.01790625E+0
1.21199997E+2 1.01790625E+0
1.22199997E+2 1.01790625E+0
1.23199997E+2 1.01790625E+0
1.24199997E+2 1.01790625E+0
1.25199997E+2 1.01790625E+0
1.26199997E+2 1.01790625E+0
1.27199997E+2 1.01790625E+0
1.28199997E+2 1.01790625E+0
1.29199997E+2 1.01790625E+0
1.30199997E+2 1.01790625E+0
1.31199997E+2 1.01790625E+0
1.32199997E+2 1.01790625E+0
1.33199997E+2 1.01790625E+0
1.34199997E+2 1.01790625E+0
1.35199997E+2 1.01790625E+0
1.36199997E+2 1.01790625E+0
1.37199997E+2 1.01790625E+0
1.38199997E+2 1.01790625E+0
1.39199997E+2 1.01790625E+0
1.40199997E+2 1.01790625E+0
1.41199997E+2 1.01790625E+0
1.42199997E+2 1.01790625E+0
1.43199997E+2 1.01790625E+0
1.44199997E+2 1.01790625E+0
1.45199997E+2 1.01790625E+0
1.46199997E+2 1.01790625E+0
1.47199997E+2 1.01790625E+0
1.48199997E+2 1.01790625E+0
1.49199997E+2 1.01790625E+0
1.50199997E+2 1.01790625E+0
1.51199997E+2 1.01790625E+0
1.52199997E+2 1.01790625E+0
1.53199997E+2 1.01790625E+0
1.54199997E+2 1.01790625E+0
1.55199997E+2 1.01790625E+0
1.56199997E+2 1.01790625E+0
1.57199997E+2 1.01793750E+0
1.58199997E+2 1.01790625E+0
1.59199997E+2 1.01790625E+0
1.60199997E+2 1.01790625E+0
1.61199997E+2 1.01793750E+0
1.62199997E+2 1.01790625E+0
1.63199997E+2 1.01790625E+0
1.64199997E+2 1.01793750E+0
1.65199997E+2 1.01790625E+0
1.66199997E+2 1.01790625E+0
1.67199997E+2 1.01790625E+0
1.68199997E+2 1.01790625E+0
1.69199997E+2 1.01793750E+0
1.70199997E+2 1.01790625E+0
1.71199997E+2 1.01793750E+0
1.72199997E+2 1.01790625E+0
1.73199997E+2 1.01793750E+0
1.74199997E+2 1.01790625E+0
1.75199997E+2 1.01793750E+0
1.76199997E+2 1.01790625E+0
1.77199997E+2 1.01790625E+0
1.78199997E+2 1.01793750E+0
1.79199997E+2 1.01793750E+0
1.80199997E+2 1.01790625E+0
1.81199997E+2 1.01790625E+0
1.82199997E+2 1.01793750E+0
1.83199997E+2 1.01790625E+0
1.84199997E+2 1.01790625E+0
1.85199997E+2 1.01793750E+0
1.86199997E+2 1.01793750E+0
1.87199997E+2 1.01793750E+0
1.88199997E+2 1.01793750E+0
1.89199997E+2 1.01793750E+0
1.90199997E+2 1.01790625E+0
1.91199997E+2 1.01793750E+0
1.92199997E+2 1.01790625E+0
1.93199997E+2 1.01793750E+0
1.94199997E+2 1.01793750E+0
1.95199997E+2 1.01793750E+0
1.96199997E+2 1.01793750E+0
1.97199997E+2 1.01790625E+0
1.98199997E+2 1.01790625E+0
1.99199997E+2 1.01790625E+0
2.00199997E+2 1.01790625E+0
2.01199997E+2 1.01790625E+0
2.02199997E+2 1.01793750E+0
2.03199997E+2 1.01793750E+0
2.04199997E+2 1.01790625E+0
2.05199997E+2 1.01790625E+0
2.06199997E+2 1.01790625E+0
2.07199997E+2 1.01790625E+0
2.08199997E+2 1.01793750E+0
2.09199997E+2 1.01793750E+0
2.10199997E+2 1.01790625E+0
2.11199997E+2 1.01793750E+0
2.12199997E+2 1.01793750E+0
2.13199997E+2 1.01790625E+0
2.14199997E+2 1.01793750E+0
2.15199997E+2 1.01793750E+0
2.16199997E+2 1.01793750E+0
2.17199997E+2 1.01793750E+0
2.18199997E+2 1.01790625E+0
2.19199997E+2 1.01790625E+0
2.20199997E+2 1.01793750E+0
2.21199997E+2 1.01793750E+0
2.22199997E+2 1.01790625E+0
2.23199997E+2 1.01793750E+0
2.24199997E+2 1.01793750E+0
2.25199997E+2 1.01793750E+0
2.26199997E+2 1.01790625E+0
2.27199997E+2 1.01793750E+0
2.28199997E+2 1.01790625E+0
2.29199997E+2 1.01790625E+0
2.30199997E+2 1.01793750E+0
2.31199997E+2 1.01790625E+0
2.32199997E+2 1.01793750E+0
2.33199997E+2 1.01793750E+0
2.34199997E+2 1.01793750E+0
2.35199997E+2 1.01790625E+0
2.36199997E+2 1.01793750E+0
2.37199997E+2 1.01793750E+0
2.38199997E+2 1.01793750E+0
2.39199997E+2 1.01790625E+0
2.40199997E+2 1.01793750E+0
2.41199997E+2 1.01790625E+0
2.42199997E+2 1.01793750E+0
2.43199997E+2 1.01793750E+0
2.44199997E+2 1.01793750E+0
2.45199997E+2 1.01793750E+0
2.46199997E+2 1.01793750E+0
2.47199997E+2 1.01793750E+0
2.48199997E+2 1.01793750E+0
2.49199997E+2 1.01793750E+0
2.50199997E+2 1.01793750E+0
2.51199997E+2 1.01793750E+0
2.52199997E+2 1.01793750E+0
2.53199997E+2 1.01793750E+0
2.54199997E+2 1.01793750E+0
2.55199997E+2 1.01793750E+0
2.56200012E+2 1.01793750E+0
2.57200012E+2 1.01793750E+0
2.58200012E+2 1.01790625E+0
2.59200012E+2 1.01793750E+0
2.60200012E+2 1.01793750E+0
2.61200012E+2 1.01790625E+0
2.62200012E+2 1.01790625E+0
2.63200012E+2 1.01790625E+0
2.64200012E+2 1.01793750E+0
2.65200012E+2 1.01793750E+0
2.66200012E+2 1.01793750E+0
2.67200012E+2 1.01793750E+0
2.68200012E+2 1.01793750E+0
2.69200012E+2 1.01793750E+0
2.70200012E+2 1.01793750E+0
2.71200012E+2 1.01793750E+0
2.72200012E+2 1.01793750E+0
2.73200012E+2 1.01793750E+0
2.74200012E+2 1.01793750E+0
2.75200012E+2 1.01793750E+0
2.76200012E+2 1.01793750E+0
2.77200012E+2 1.01793750E+0
2.78200012E+2 1.01793750E+0
2.79200012E+2 1.01793750E+0
2.80200012E+2 1.01793750E+0
2.81200012E+2 1.01793750E+0
2.82200012E+2 1.01793750E+0
2.83200012E+2 1.01793750E+0
2.84200012E+2 1.01793750E+0
2.85200012E+2 1.01793750E+0
2.86200012E+2 1.01793750E+0
2.87200012E+2 1.01793750E+0
2.88200012E+2 1.01793750E+0
2.89200012E+2 1.01793750E+0
2.90200012E+2 1.01793750E+0
2.91200012E+2 1.01793750E+0
2.92200012E+2 1.01793750E+0
2.93200012E+2 1.01793750E+0
2.94200012E+2 1.01793750E+0
2.95200012E+2 1.01793750E+0
2.96200012E+2 1.01793750E+0
2.97200012E+2 1.01793750E+0
2.98200012E+2 1.01793750E+0
2.99200012E+2 1.01793750E+0
3.00200012E+2 1.01793750E+0
3.01200012E+2 1.01790625E+0
3.02200012E+2 1.01793750E+0
3.03200012E+2 1.01793750E+0
3.04200012E+2 1.01793750E+0
3.05200012E+2 1.01793750E+0
3.06200012E+2 1.01790625E+0
3.07200012E+2 1.01793750E+0
3.08200012E+2 1.01793750E+0
3.09200012E+2 1.01793750E+0
3.10200012E+2 1.01790625E+0
3.11200012E+2 1.01793750E+0
3.12200012E+2 1.01793750E+0
3.13200012E+2 1.01793750E+0
3.14200012E+2 1.01790625E+0
3.15200012E+2 1.01793750E+0
3.16200012E+2 1.01793750E+0
3.17200012E+2 1.01793750E+0
3.18200012E+2 1.01793750E+0
3.19200012E+2 1.01793750E+0
3.20200012E+2 1.01793750E+0
3.21200012E+2 1.01793750E+0
3.22200012E+2 1.01793750E+0
3.23200012E+2 1.01793750E+0
3.24200012E+2 1.01790625E+0
3.25200012E+2 1.01793750E+0
3.26200012E+2 1.01793750E+0
3.27200012E+2 1.01793750E+0
3.28200012E+2 1.01793750E+0
3.29200012E+2 1.01793750E+0
3.30200012E+2 1.01793750E+0
3.31200012E+2 1.01793750E+0
3.32299988E+2 1.01793750E+0
3.33299988E+2 1.01793750E+0
3.34299988E+2 1.01793750E+0
3.35299988E+2 1.01793750E+0
3.36299988E+2 1.01793750E+0
3.37299988E+2 1.01793750E+0
3.38299988E+2 1.01793750E+0
3.39299988E+2 1.01793750E+0
3.40299988E+2 1.01793750E+0
3.41299988E+2 1.01793750E+0
3.42299988E+2 1.01793750E+0
3.43299988E+2 1.01793750E+0
3.44299988E+2 1.01793750E+0
3.45299988E+2 1.01793750E+0
3.46299988E+2 1.01793750E+0
3.47299988E+2 1.01793750E+0
3.48299988E+2 1.01793750E+0
3.49299988E+2 1.01793750E+0
3.50299988E+2 1.01793750E+0
3.51299988E+2 1.01793750E+0
3.52299988E+2 1.01793750E+0
3.53299988E+2 1.01793750E+0
3.54299988E+2 1.01793750E+0
3.55299988E+2 1.01793750E+0
3.56299988E+2 1.01793750E+0
3.57299988E+2 1.01793750E+0
3.58299988E+2 1.01793750E+0
3.59299988E+2 1.01793750E+0
3.60299988E+2 1.01793750E+0
3.61299988E+2 1.01793750E+0
3.62299988E+2 1.01793750E+0
3.63299988E+2 1.01793750E+0
3.64299988E+2 1.01793750E+0
3.65299988E+2 1.01793750E+0
3.66299988E+2 1.01793750E+0
3.67299988E+2 1.01793750E+0
3.68299988E+2 1.01793750E+0
3.69299988E+2 1.01793750E+0
3.70299988E+2 1.01793750E+0
3.71299988E+2 1.01793750E+0
3.72299988E+2 1.01793750E+0
3.73299988E+2 1.01793750E+0
3.74299988E+2 1.01793750E+0
3.75299988E+2 1.01793750E+0
3.76299988E+2 1.01793750E+0
3.77299988E+2 1.01793750E+0
3.78299988E+2 1.01793750E+0
3.79299988E+2 1.01793750E+0
3.80299988E+2 1.01793750E+0
3.81299988E+2 1.01793750E+0
3.82299988E+2 1.01793750E+0
3.83299988E+2 1.01793750E+0
3.84299988E+2 1.01793750E+0
3.85299988E+2 1.01793750E+0
3.86299988E+2 1.01793750E+0
3.87299988E+2 1.01793750E+0
3.88299988E+2 1.01793750E+0
3.89299988E+2 1.01793750E+0
3.90299988E+2 1.01793750E+0
3.91299988E+2 1.01793750E+0
3.92299988E+2 1.01793750E+0
3.93299988E+2 1.01793750E+0
3.94299988E+2 1.01793750E+0
3.95299988E+2 1.01793750E+0
3.96299988E+2 1.01793750E+0
3.97299988E+2 1.01793750E+0
3.98299988E+2 1.01793750E+0
3.99299988E+2 1.01793750E+0
4.00299988E+2 1.01793750E+0
4.01299988E+2 1.01793750E+0
4.02299988E+2 1.01793750E+0
4.03299988E+2 1.01793750E+0
4.04299988E+2 1.01793750E+0
4.05299988E+2 1.01793750E+0
4.06299988E+2 1.01793750E+0
4.07299988E+2 1.01793750E+0
4.08299988E+2 1.01793750E+0
4.09299988E+2 1.01793750E+0
4.10299988E+2 1.01793750E+0
4.11299988E+2 1.01793750E+0
4.12299988E+2 1.01793750E+0
4.13299988E+2 1.01793750E+0
4.14299988E+2 1.01793750E+0
4.15299988E+2 1.01793750E+0
4.16299988E+2 1.01793750E+0
4.17299988E+2 1.01793750E+0
4.18299988E+2 1.01793750E+0
4.19299988E+2 1.01793750E+0
4.20299988E+2 1.01793750E+0
4.21299988E+2 1.01793750E+0
4.22299988E+2 1.01793750E+0
4.23299988E+2 1.01793750E+0
4.24299988E+2 1.01793750E+0
4.25299988E+2 1.01793750E+0
4.26299988E+2 1.01793750E+0
4.27299988E+2 1.01793750E+0
4.28299988E+2 1.01793750E+0
4.29299988E+2 1.01793750E+0
4.30299988E+2 1.01793750E+0
4.31299988E+2 1.01793750E+0
4.32299988E+2 1.01793750E+0
4.33299988E+2 1.01793750E+0
4.34299988E+2 1.01793750E+0
4.35299988E+2 1.01793750E+0
4.36299988E+2 1.01793750E+0
4.37299988E+2 1.01793750E+0
4.38299988E+2 1.01793750E+0
4.39299988E+2 1.01793750E+0
4.40299988E+2 1.01793750E+0
4.41299988E+2 1.01793750E+0
4.42299988E+2 1.01793750E+0
4.43299988E+2 1.01793750E+0
4.44299988E+2 1.01793750E+0
4.45299988E+2 1.01793750E+0
4.46299988E+2 1.01793750E+0
4.47299988E+2 1.01793750E+0
4.48299988E+2 1.01793750E+0
4.49299988E+2 1.01793750E+0
4.50299988E+2 1.01793750E+0
4.51299988E+2 1.01793750E+0
4.52299988E+2 1.01793750E+0
4.53299988E+2 1.01793750E+0
4.54299988E+2 1.01793750E+0
4.55299988E+2 1.01793750E+0
4.56299988E+2 1.01793750E+0
4.57299988E+2 1.01793750E+0
4.58299988E+2 1.01793750E+0
4.59299988E+2 1.01793750E+0
4.60299988E+2 1.01793750E+0
4.61299988E+2 1.01793750E+0
4.62299988E+2 1.01793750E+0
4.63299988E+2 1.01793750E+0
4.64299988E+2 1.01793750E+0
4.65299988E+2 1.01793750E+0
4.66299988E+2 1.01793750E+0
4.67299988E+2 1.01793750E+0
4.68299988E+2 1.01793750E+0
4.69299988E+2 1.01793750E+0
4.70299988E+2 1.01793750E+0
4.71299988E+2 1.01793750E+0
4.72299988E+2 1.01793750E+0
4.73299988E+2 1.01793750E+0
4.74299988E+2 1.01793750E+0
4.75299988E+2 1.01793750E+0
4.76299988E+2 1.01793750E+0
4.77299988E+2 1.01793750E+0
4.78299988E+2 1.01793750E+0
4.79299988E+2 1.01793750E+0
4.80299988E+2 1.01793750E+0
4.81299988E+2 1.01793750E+0
4.82299988E+2 1.01793750E+0
4.83299988E+2 1.01793750E+0
4.84299988E+2 1.01793750E+0
4.85299988E+2 1.01793750E+0
4.86299988E+2 1.01793750E+0
4.87299988E+2 1.01793750E+0
4.88299988E+2 1.01793750E+0
4.89299988E+2 1.01793750E+0
4.90299988E+2 1.01793750E+0
4.91299988E+2 1.01793750E+0
4.92299988E+2 1.01793750E+0
4.93299988E+2 1.01793750E+0
4.94299988E+2 1.01793750E+0
4.95299988E+2 1.01793750E+0
4.96299988E+2 1.01793750E+0
4.97299988E+2 1.01793750E+0
4.98299988E+2 1.01793750E+0
4.99299988E+2 1.01793750E+0
5.00299988E+2 1.01793750E+0
5.01299988E+2 1.01793750E+0
5.02299988E+2 1.01793750E+0
5.03299988E+2 1.01793750E+0
5.04299988E+2 1.01793750E+0
5.05299988E+2 1.01793750E+0
5.06299988E+2 1.01793750E+0
5.07299988E+2 1.01793750E+0
5.08299988E+2 1.01793750E+0
5.09299988E+2 1.01793750E+0
5.10299988E+2 1.01793750E+0
5.11299988E+2 1.01793750E+0
5.12299988E+2 1.01793750E+0
5.13299988E+2 1.01793750E+0
5.14299988E+2 1.01793750E+0
5.15299988E+2 1.01793750E+0
5.16299988E+2 1.01793750E+0
5.17299988E+2 1.01793750E+0
5.18299988E+2 1.01793750E+0
5.19299988E+2 1.01793750E+0
5.20299988E+2 1.01793750E+0
5.21299988E+2 1.01793750E+0
5.22299988E+2 1.01793750E+0
5.23299988E+2 1.01793750E+0
5.24299988E+2 1.01793750E+0
5.25299988E+2 1.01793750E+0
5.26299988E+2 1.01793750E+0
5.27299988E+2 1.01793750E+0
5.28299988E+2 1.01793750E+0
5.29299988E+2 1.01793750E+0
5.30299988E+2 1.01793750E+0
5.31299988E+2 1.01793750E+0
5.32299988E+2 1.01793750E+0
5.33299988E+2 1.01793750E+0
5.34299988E+2 1.01793750E+0
5.35299988E+2 1.01793750E+0
5.36299988E+2 1.01793750E+0
5.37299988E+2 1.01793750E+0
5.38299988E+2 1.01793750E+0
5.39299988E+2 1.01793750E+0
5.40299988E+2 1.01793750E+0
5.41299988E+2 1.01793750E+0
5.42299988E+2 1.01793750E+0
5.43299988E+2 1.01793750E+0
5.44299988E+2 1.01793750E+0
5.45299988E+2 1.01793750E+0
5.46299988E+2 1.01793750E+0
5.47299988E+2 1.01793750E+0
5.48299988E+2 1.01793750E+0
5.49299988E+2 1.01793750E+0
5.50299988E+2 1.01793750E+0
5.51299988E+2 1.01793750E+0
5.52299988E+2 1.01793750E+0
5.53299988E+2 1.01793750E+0
5.54299988E+2 1.01793750E+0
5.55299988E+2 1.01793750E+0
5.56299988E+2 1.01793750E+0
5.57299988E+2 1.01793750E+0
5.58299988E+2 1.01793750E+0
5.59299988E+2 1.01793750E+0
5.60299988E+2 1.01793750E+0
5.61299988E+2 1.01793750E+0
5.62299988E+2 1.01793750E+0
5.63299988E+2 1.01793750E+0
5.64299988E+2 1.01793750E+0
5.65299988E+2 1.01793750E+0
5.66299988E+2 1.01793750E+0
5.67299988E+2 1.01793750E+0
5.68299988E+2 1.01793750E+0
5.69299988E+2 1.01793750E+0
5.70299988E+2 1.01793750E+0
5.71299988E+2 1.01793750E+0
5.72299988E+2 1.01793750E+0
5.73299988E+2 1.01793750E+0
5.74299988E+2 1.01793750E+0
5.75299988E+2 1.01793750E+0
5.76299988E+2 1.01793750E+0
5.77299988E+2 1.01793750E+0
5.78299988E+2 1.01793750E+0
5.79299988E+2 1.01793750E+0
5.80299988E+2 1.01793750E+0
5.81299988E+2 1.01793750E+0
5.82299988E+2 1.01793750E+0
5.83299988E+2 1.01793750E+0
5.84299988E+2 1.01793750E+0
5.85299988E+2 1.01793750E+0
5.86299988E+2 1.01793750E+0
5.87299988E+2 1.01793750E+0
5.88299988E+2 1.01793750E+0
5.89299988E+2 1.01793750E+0
5.90299988E+2 1.01793750E+0
5.91299988E+2 1.01793750E+0
5.92299988E+2 1.01793750E+0
5.93299988E+2 1.01793750E+0
5.94299988E+2 1.01793750E+0
5.95299988E+2 1.01793750E+0
5.96299988E+2 1.01793750E+0
5.97299988E+2 1.01793750E+0
5.98299988E+2 1.01793750E+0
5.99299988E+2 1.01793750E+0
6.00299988E+2 1.01793750E+0
6.01299988E+2 1.01793750E+0
6.02299988E+2 1.01793750E+0
6.03299988E+2 1.01793750E+0
6.04299988E+2 1.01793750E+0
6.05299988E+2 1.01793750E+0
6.06299988E+2 1.01793750E+0
6.07299988E+2 1.01793750E+0
6.08299988E+2 1.01793750E+0
6.09299988E+2 1.01793750E+0
6.10299988E+2 1.01793750E+0
6.11299988E+2 1.01793750E+0
6.12299988E+2 1.01793750E+0
6.13299988E+2 1.01793750E+0
6.14299988E+2 1.01793750E+0
6.15299988E+2 1.01793750E+0
6.16299988E+2 1.01793750E+0
6.17299988E+2 1.01793750E+0
6.18299988E+2 1.01793750E+0
6.19299988E+2 1.01793750E+0
6.20299988E+2 1.01793750E+0
6.21299988E+2 1.01793750E+0
6.22299988E+2 1.01793750E+0
6.23299988E+2 1.01793750E+0
6.24299988E+2 1.01793750E+0
6.25299988E+2 1.01793750E+0
6.26299988E+2 1.01793750E+0
6.27299988E+2 1.01793750E+0
6.28299988E+2 1.01793750E+0
6.29299988E+2 1.01793750E+0
6.30299988E+2 1.01793750E+0
6.31299988E+2 1.01793750E+0
6.32299988E+2 1.01793750E+0
6.33299988E+2 1.01793750E+0
6.34299988E+2 1.01793750E+0
6.35299988E+2 1.01793750E+0
6.36299988E+2 1.01790625E+0
6.37299988E+2 1.01793750E+0
6.38299988E+2 1.01793750E+0
6.39299988E+2 1.01793750E+0
6.40299988E+2 1.01793750E+0
6.41299988E+2 1.01793750E+0
6.42299988E+2 1.01793750E+0
6.43299988E+2 1.01793750E+0
6.44299988E+2 1.01793750E+0
6.45299988E+2 1.01793750E+0
6.46299988E+2 1.01793750E+0
6.47299988E+2 1.01793750E+0
6.48299988E+2 1.01793750E+0
6.49299988E+2 1.01793750E+0
6.50299988E+2 1.01793750E+0
6.51299988E+2 1.01793750E+0
6.52299988E+2 1.01793750E+0
6.53299988E+2 1.01793750E+0
6.54299988E+2 1.01793750E+0
6.55299988E+2 1.01793750E+0
6.56299988E+2 1.01793750E+0
6.57299988E+2 1.01793750E+0
6.58299988E+2 1.01793750E+0
6.59299988E+2 1.01793750E+0
6.60299988E+2 1.01793750E+0
6.61299988E+2 1.01793750E+0
6.62299988E+2 1.01793750E+0
6.63299988E+2 1.01793750E+0
6.64299988E+2 1.01793750E+0
6.65299988E+2 1.01793750E+0
6.66299988E+2 1.01793750E+0
6.67299988E+2 1.01793750E+0
6.68299988E+2 1.01793750E+0
6.69299988E+2 1.01793750E+0
6.70299988E+2 1.01793750E+0
6.71299988E+2 1.01793750E+0
6.72299988E+2 1.01793750E+0
6.73299988E+2 1.01793750E+0
6.74299988E+2 1.01793750E+0
6.75299988E+2 1.01793750E+0
6.76299988E+2 1.01793750E+0
6.77299988E+2 1.01793750E+0
6.78299988E+2 1.01793750E+0
6.79299988E+2 1.01793750E+0
6.80299988E+2 1.01793750E+0
6.81299988E+2 1.01793750E+0
6.82299988E+2 1.01793750E+0
6.83299988E+2 1.01793750E+0
6.84299988E+2 1.01793750E+0
6.85299988E+2 1.01793750E+0
6.86299988E+2 1.01793750E+0
6.87299988E+2 1.01793750E+0
6.88299988E+2 1.01793750E+0
6.89299988E+2 1.01793750E+0
6.90299988E+2 1.01793750E+0
6.91299988E+2 1.01793750E+0
6.92299988E+2 1.01793750E+0
6.93299988E+2 1.01793750E+0
6.94299988E+2 1.01793750E+0
6.95299988E+2 1.01793750E+0
6.96299988E+2 1.01793750E+0
6.97299988E+2 1.01793750E+0
6.98299988E+2 1.01793750E+0
6.99299988E+2 1.01793750E+0
7.00299988E+2 1.01793750E+0
7.01299988E+2 1.01793750E+0
7.02299988E+2 1.01793750E+0
7.03299988E+2 1.01793750E+0
7.04299988E+2 1.01793750E+0
7.05299988E+2 1.01793750E+0
7.06299988E+2 1.01793750E+0
7.07299988E+2 1.01793750E+0
7.08299988E+2 1.01793750E+0
7.09299988E+2 1.01793750E+0
7.10299988E+2 1.01793750E+0
7.11299988E+2 1.01793750E+0
7.12299988E+2 1.01793750E+0
7.13299988E+2 1.01793750E+0
7.14299988E+2 1.01793750E+0
7.15299988E+2 1.01793750E+0
7.16299988E+2 1.01793750E+0
7.17299988E+2 1.01793750E+0
7.18299988E+2 1.01793750E+0
7.19299988E+2 1.01793750E+0
7.20299988E+2 1.01793750E+0
7.21299988E+2 1.01793750E+0
7.22299988E+2 1.01793750E+0
7.23299988E+2 1.01793750E+0
7.24299988E+2 1.01793750E+0
7.25299988E+2 1.01793750E+0
7.26299988E+2 1.01793750E+0
7.27299988E+2 1.01793750E+0
7.28299988E+2 1.01793750E+0
