0.00000000E+0 1.00535770E+0 1.00000001E-1 2.89910000E+2
1.10000002E+0 1.00534944E+0 1.20000005E+0 2.89910000E+2
2.09999990E+0 1.00536645E+0 2.20000005E+0 2.89910000E+2
3.09999990E+0 1.00539539E+0 3.20000005E+0 2.89910000E+2
4.09999990E+0 1.00534265E+0 4.19999981E+0 2.89910000E+2
5.09999990E+0 1.00539498E+0 5.19999981E+0 2.89847500E+2
6.09999990E+0 1.00531625E+0 6.19999981E+0 2.89910000E+2
7.09999990E+0 1.00536419E+0 7.19999981E+0 2.89910000E+2
8.10000038E+0 1.00532141E+0 8.19999981E+0 2.89910000E+2
9.10000038E+0 1.00538022E+0 9.19999981E+0 2.89910000E+2
1.01000004E+1 1.00534170E+0 1.01999998E+1 2.89910000E+2
1.11000004E+1 1.00531515E+0 1.11999998E+1 2.89910000E+2
1.21000004E+1 1.00542868E+0 1.21999998E+1 2.89910000E+2
1.31000004E+1 1.00541224E+0 1.31999998E+1 2.89910000E+2
1.41000004E+1 1.00529679E+0 1.41999998E+1 2.89910000E+2
1.51000004E+1 1.00535254E+0 1.51999998E+1 2.89910000E+2
1.61000004E+1 1.00538817E+0 1.62000008E+1 2.89910000E+2
1.71000004E+1 1.00542997E+0 1.72000008E+1 2.89910000E+2
1.81000004E+1 1.00534632E+0 1.82000008E+1 2.89910000E+2
1.91000004E+1 1.00533156E+0 1.92000008E+1 2.89910000E+2
2.01000004E+1 1.00535084E+0 2.02000008E+1 2.89847500E+2
2.11000004E+1 1.00539355E+0 2.12000008E+1 2.89847500E+2
2.21000004E+1 1.00537769E+0 2.22000008E+1 2.89910000E+2
2.31000004E+1 1.00545275E+0 2.32000008E+1 2.89910000E+2
2.41000004E+1 1.00539551E+0 2.42000008E+1 2.89847500E+2
2.52000008E+1 1.00530905E+0 2.52000008E+1 2.89910000E+2
2.61000004E+1 1.00532137E+0 2.62000008E+1 2.89910000E+2
2.71000004E+1 1.00538409E+0 2.72000008E+1 2.89910000E+2
2.81000004E+1 1.00532940E+0 2.82000008E+1 2.89910000E+2
2.91000004E+1 1.00535310E+0 2.92000008E+1 2.89910000E+2
3.01000004E+1 1.00538058E+0 3.02000008E+1 2.89910000E+2
3.12000008E+1 1.00538749E+0 3.12000008E+1 2.89910000E+2
3.20999985E+1 1.00532895E+0 3.22000008E+1 2.89910000E+2
3.30999985E+1 1.00534921E+0 3.32000008E+1 2.89910000E+2
3.40999985E+1 1.00534011E+0 3.42000008E+1 2.89910000E+2
3.50999985E+1 1.00536535E+0 3.52000008E+1 2.89910000E+2
3.60999985E+1 1.00535111E+0 3.62000008E+1 2.89910000E+2
3.70999985E+1 1.00542185E+0 3.72000008E+1 2.89910000E+2
3.80999985E+1 1.00547695E+0 3.82000008E+1 2.89910000E+2
3.90999985E+1 1.00541478E+0 3.92000008E+1 2.89910000E+2
4.00999985E+1 1.00543418E+0 4.02000008E+1 2.89910000E+2
4.10999985E+1 1.00537445E+0 4.12000008E+1 2.89910000E+2
4.20999985E+1 1.00540547E+0 4.22000008E+1 2.89910000E+2
4.30999985E+1 1.00539587E+0 4.32000008E+1 2.89910000E+2
4.40999985E+1 1.00539323E+0 4.42000008E+1 2.89910000E+2
4.50999985E+1 1.00533637E+0 4.52000008E+1 2.89910000E+2
4.60999985E+1 1.00540052E+0 4.62000008E+1 2.89910000E+2
4.70999985E+1 1.00539566E+0 4.72000008E+1 2.89910000E+2
4.80999985E+1 1.00537619E+0 4.82000008E+1 2.89910000E+2
4.92000008E+1 1.00537246E+0 4.92000008E+1 2.89910000E+2
5.02000008E+1 1.00544524E+0 5.02000008E+1 2.89910000E+2
5.10999985E+1 1.00536097E+0 5.12000008E+1 2.89910000E+2
5.20999985E+1 1.00540133E+0 5.22000008E+1 2.89910000E+2
5.30999985E+1 1.00541750E+0 5.32000008E+1 2.89910000E+2
5.40999985E+1 1.00534230E+0 5.42000008E+1 2.89910000E+2
5.50999985E+1 1.00542240E+0 5.52000008E+1 2.89910000E+2
5.60999985E+1 1.00545489E+0 5.62000008E+1 2.89910000E+2
5.70999985E+1 1.00539752E+0 5.72000008E+1 2.89910000E+2
5.80999985E+1 1.00535247E+0 5.82000008E+1 2.89910000E+2
5.90999985E+1 1.00532481E+0 5.92000008E+1 2.89910000E+2
6.00999985E+1 1.00547982E+0 6.02000008E+1 2.89910000E+2
6.10999985E+1 1.00540403E+0 6.12000008E+1 2.89910000E+2
6.20999985E+1 1.00542119E+0 6.22000008E+1 2.89910000E+2
6.30999985E+1 1.00536176E+0 6.32000008E+1 2.89910000E+2
6.41999969E+1 1.00540069E+0 6.41999969E+1 2.89910000E+2
6.50999985E+1 1.00544277E+0 6.51999969E+1 2.89910000E+2
6.60999985E+1 1.00542659E+0 6.61999969E+1 2.89910000E+2
6.70999985E+1 1.00539910E+0 6.71999969E+1 2.89910000E+2
6.80999985E+1 1.00534595E+0 6.81999969E+1 2.89910000E+2
6.90999985E+1 1.00535206E+0 6.91999969E+1 2.89910000E+2
7.00999985E+1 1.00544636E+0 7.01999969E+1 2.89910000E+2
7.10999985E+1 1.00543725E+0 7.11999969E+1 2.89910000E+2
7.20999985E+1 1.00534647E+0 7.21999969E+1 2.89910000E+2
7.30999985E+1 1.00536777E+0 7.31999969E+1 2.89910000E+2
7.40999985E+1 1.00538172E+0 7.41999969E+1 2.89910000E+2
7.50999985E+1 1.00546419E+0 7.51999969E+1 2.89910000E+2
7.60999985E+1 1.00536991E+0 7.61999969E+1 2.89910000E+2
7.70999985E+1 1.00544486E+0 7.71999969E+1 2.89910000E+2
7.80999985E+1 1.00540385E+0 7.81999969E+1 2.89910000E+2
7.90999985E+1 1.00535916E+0 7.91999969E+1 2.89910000E+2
8.00999985E+1 1.00546278E+0 8.01999969E+1 2.89910000E+2
8.10999985E+1 1.00536070E+0 8.11999969E+1 2.89910000E+2
8.20999985E+1 1.00540602E+0 8.21999969E+1 2.89910000E+2
8.31999969E+1 1.00544426E+0 8.31999969E+1 2.89910000E+2
8.40999985E+1 1.00539293E+0 8.41999969E+1 2.89910000E+2
8.50999985E+1 1.00545526E+0 8.51999969E+1 2.89910000E+2
8.60999985E+1 1.00542251E+0 8.61999969E+1 2.89910000E+2
8.70999985E+1 1.00546331E+0 8.71999969E+1 2.89910000E+2
8.80999985E+1 1.00538331E+0 8.81999969E+1 2.89910000E+2
8.90999985E+1 1.00536079E+0 8.91999969E+1 2.89910000E+2
9.00999985E+1 1.00539054E+0 9.01999969E+1 2.89910000E+2
9.10999985E+1 1.00538952E+0 9.11999969E+1 2.89910000E+2
9.21999969E+1 1.00547114E+0 9.21999969E+1 2.89910000E+2
9.30999985E+1 1.00532594E+0 9.31999969E+1 2.89910000E+2
9.40999985E+1 1.00541862E+0 9.41999969E+1 2.89910000E+2
9.50999985E+1 1.00534964E+0 9.51999969E+1 2.89910000E+2
9.60999985E+1 1.00544971E+0 9.61999969E+1 2.89910000E+2
9.70999985E+1 1.00537357E+0 9.71999969E+1 2.89910000E+2
9.80999985E+1 1.00544520E+0 9.81999969E+1 2.89910000E+2
9.90999985E+1 1.00538502E+0 9.91999969E+1 2.89910000E+2
1.00099998E+2 1.00538381E+0 1.00199997E+2 2.89910000E+2
1.01099998E+2 1.00537490E+0 1.01199997E+2 2.89910000E+2
1.02099998E+2 1.00537553E+0 1.02199997E+2 2.89910000E+2
1.03099998E+2 1.00536870E+0 1.03199997E+2 2.89910000E+2
1.04099998E+2 1.00532874E+0 1.04199997E+2 2.89910000E+2
1.05099998E+2 1.00535159E+0 1.05199997E+2 2.89910000E+2
1.06099998E+2 1.00539609E+0 1.06199997E+2 2.89910000E+2
1.07099998E+2 1.00539047E+0 1.07199997E+2 2.89910000E+2
1.08099998E+2 1.00533724E+0 1.08199997E+2 2.89910000E+2
1.09099998E+2 1.00545476E+0 1.09199997E+2 2.89910000E+2
1.10099998E+2 1.00536248E+0 1.10199997E+2 2.89910000E+2
1.11099998E+2 1.00537392E+0 1.11199997E+2 2.89910000E+2
1.12099998E+2 1.00534644E+0 1.12199997E+2 2.89910000E+2
1.13099998E+2 1.00543038E+0 1.13199997E+2 2.89910000E+2
1.14099998E+2 1.00547547E+0 1.14199997E+2 2.89910000E+2
1.15099998E+2 1.00541789E+0 1.15199997E+2 2.89910000E+2
1.16099998E+2 1.00533818E+0 1.16199997E+2 2.89910000E+2
1.17099998E+2 1.00540168E+0 1.17199997E+2 2.89910000E+2
1.18099998E+2 1.00540122E+0 1.18199997E+2 2.89910000E+2
1.19099998E+2 1.00534695E+0 1.19199997E+2 2.89910000E+2
1.20099998E+2 1.00537925E+0 1.20199997E+2 2.89910000E+2
1.21099998E+2 1.00539957E+0 1.21199997E+2 2.89910000E+2
1.22099998E+2 1.00542408E+0 1.22199997E+2 2.89910000E+2
1.23099998E+2 1.00536797E+0 1.23199997E+2 2.89910000E+2
1.24099998E+2 1.00537406E+0 1.24199997E+2 2.89910000E+2
1.25099998E+2 1.00534060E+0 1.25199997E+2 2.89910000E+2
1.26099998E+2 1.00541641E+0 1.26199997E+2 2.89910000E+2
1.27099998E+2 1.00534508E+0 1.27199997E+2 2.89910000E+2
1.28100006E+2 1.00540547E+0 1.28199997E+2 2.89910000E+2
1.29199997E+2 1.00539140E+0 1.29199997E+2 2.89910000E+2
1.30100006E+2 1.00536839E+0 1.30199997E+2 2.89910000E+2
1.31100006E+2 1.00539279E+0 1.31199997E+2 2.89910000E+2
1.32100006E+2 1.00539692E+0 1.32199997E+2 2.89910000E+2
1.33100006E+2 1.00539844E+0 1.33199997E+2 2.89910000E+2
1.34100006E+2 1.00541026E+0 1.34199997E+2 2.89910000E+2
1.35100006E+2 1.00534786E+0 1.35199997E+2 2.89910000E+2
1.36100006E+2 1.00536057E+0 1.36199997E+2 2.89910000E+2
1.37100006E+2 1.00540255E+0 1.37199997E+2 2.89910000E+2
1.38100006E+2 1.00537198E+0 1.38199997E+2 2.89910000E+2
1.39100006E+2 1.00539744E+0 1.39199997E+2 2.89910000E+2
1.40199997E+2 1.00540396E+0 1.40199997E+2 2.89910000E+2
1.41100006E+2 1.00540735E+0 1.41199997E+2 2.89910000E+2
1.42100006E+2 1.00541379E+0 1.42199997E+2 2.89910000E+2
1.43100006E+2 1.00534000E+0 1.43199997E+2 2.89910000E+2
1.44100006E+2 1.00538751E+0 1.44199997E+2 2.89910000E+2
1.45100006E+2 1.00543719E+0 1.45199997E+2 2.89910000E+2
1.46100006E+2 1.00543894E+0 1.46199997E+2 2.89910000E+2
1.47100006E+2 1.00542905E+0 1.47199997E+2 2.89910000E+2
1.48100006E+2 1.00546725E+0 1.48199997E+2 2.89910000E+2
1.49100006E+2 1.00534095E+0 1.49199997E+2 2.89910000E+2
1.50100006E+2 1.00541378E+0 1.50199997E+2 2.89910000E+2
1.51100006E+2 1.00537557E+0 1.51199997E+2 2.89910000E+2
1.52100006E+2 1.00550353E+0 1.52199997E+2 2.89910000E+2
1.53100006E+2 1.00547996E+0 1.53199997E+2 2.89910000E+2
1.54100006E+2 1.00538571E+0 1.54199997E+2 2.89910000E+2
1.55100006E+2 1.00539686E+0 1.55199997E+2 2.89910000E+2
1.56100006E+2 1.00539128E+0 1.56199997E+2 2.89910000E+2
1.57199997E+2 1.00538284E+0 1.57300003E+2 2.89910000E+2
1.58100006E+2 1.00540086E+0 1.58199997E+2 2.89910000E+2
1.59199997E+2 1.00537442E+0 1.59199997E+2 2.89910000E+2
1.60100006E+2 1.00544432E+0 1.60199997E+2 2.89910000E+2
1.61100006E+2 1.00539742E+0 1.61199997E+2 2.89972500E+2
1.62100006E+2 1.00535537E+0 1.62199997E+2 2.89910000E+2
1.63100006E+2 1.00546834E+0 1.63199997E+2 2.89910000E+2
1.64100006E+2 1.00542748E+0 1.64199997E+2 2.89910000E+2
1.65100006E+2 1.00533186E+0 1.65199997E+2 2.89910000E+2
1.66100006E+2 1.00538169E+0 1.66199997E+2 2.89910000E+2
1.67100006E+2 1.00544700E+0 1.67199997E+2 2.89910000E+2
1.68100006E+2 1.00541303E+0 1.68199997E+2 2.89910000E+2
1.69199997E+2 1.00541388E+0 1.69199997E+2 2.89910000E+2
1.70100006E+2 1.00541856E+0 1.70199997E+2 2.89910000E+2
1.71100006E+2 1.00544768E+0 1.71199997E+2 2.89910000E+2
1.72100006E+2 1.00538186E+0 1.72199997E+2 2.89910000E+2
1.73100006E+2 1.00541784E+0 1.73199997E+2 2.89910000E+2
1.74100006E+2 1.00535441E+0 1.74199997E+2 2.89910000E+2
1.75100006E+2 1.00540200E+0 1.75199997E+2 2.89910000E+2
1.76100006E+2 1.00533575E+0 1.76199997E+2 2.89910000E+2
1.77100006E+2 1.00534775E+0 1.77199997E+2 2.89910000E+2
1.78100006E+2 1.00536814E+0 1.78199997E+2 2.89910000E+2
1.79100006E+2 1.00544079E+0 1.79199997E+2 2.89910000E+2
1.80199997E+2 1.00536395E+0 1.80199997E+2 2.89910000E+2
1.81199997E+2 1.00541245E+0 1.81199997E+2 2.89910000E+2
1.82100006E+2 1.00535756E+0 1.82199997E+2 2.89910000E+2
1.83100006E+2 1.00538063E+0 1.83199997E+2 2.89910000E+2
1.84100006E+2 1.00544596E+0 1.84199997E+2 2.89972500E+2
1.85100006E+2 1.00536426E+0 1.85199997E+2 2.89910000E+2
1.86100006E+2 1.00540834E+0 1.86199997E+2 2.89910000E+2
1.87100006E+2 1.00546836E+0 1.87199997E+2 2.89910000E+2
1.88100006E+2 1.00539635E+0 1.88199997E+2 2.89972500E+2
1.89100006E+2 1.00536712E+0 1.89199997E+2 2.89910000E+2
1.90100006E+2 1.00536975E+0 1.90199997E+2 2.89910000E+2
1.91100006E+2 1.00534846E+0 1.91199997E+2 2.89972500E+2
1.92100006E+2 1.00536578E+0 1.92199997E+2 2.89910000E+2
1.93199997E+2 1.00538426E+0 1.93199997E+2 2.89910000E+2
1.94100006E+2 1.00536883E+0 1.94199997E+2 2.89972500E+2
1.95100006E+2 1.00539006E+0 1.95199997E+2 2.89910000E+2
1.96100006E+2 1.00539354E+0 1.96199997E+2 2.89972500E+2
1.97100006E+2 1.00542900E+0 1.97199997E+2 2.89972500E+2
1.98100006E+2 1.00540064E+0 1.98199997E+2 2.89910000E+2
1.99100006E+2 1.00543187E+0 1.99199997E+2 2.89972500E+2
2.00100006E+2 1.00544056E+0 2.00199997E+2 2.89972500E+2
2.01100006E+2 1.00532345E+0 2.01199997E+2 2.89910000E+2
2.02100006E+2 1.00539501E+0 2.02199997E+2 2.89910000E+2
2.03100006E+2 1.00533967E+0 2.03199997E+2 2.89910000E+2
2.04100006E+2 1.00536981E+0 2.04199997E+2 2.89972500E+2
2.05100006E+2 1.00543038E+0 2.05199997E+2 2.89910000E+2
2.06100006E+2 1.00541998E+0 2.06199997E+2 2.89910000E+2
2.07100006E+2 1.00540090E+0 2.07199997E+2 2.89910000E+2
2.08100006E+2 1.00540993E+0 2.08199997E+2 2.89972500E+2
2.09100006E+2 1.00543567E+0 2.09199997E+2 2.89910000E+2
2.10100006E+2 1.00539379E+0 2.10199997E+2 2.89972500E+2
2.11199997E+2 1.00541239E+0 2.11199997E+2 2.89972500E+2
2.12100006E+2 1.00547164E+0 2.12199997E+2 2.89972500E+2
2.13100006E+2 1.00544391E+0 2.13199997E+2 2.89972500E+2
2.14100006E+2 1.00531796E+0 2.14199997E+2 2.89972500E+2
2.15100006E+2 1.00544610E+0 2.15199997E+2 2.89972500E+2
2.16100006E+2 1.00530542E+0 2.16199997E+2 2.89972500E+2
2.17100006E+2 1.00537370E+0 2.17199997E+2 2.89972500E+2
2.18100006E+2 1.00536047E+0 2.18199997E+2 2.89910000E+2
2.19100006E+2 1.00539981E+0 2.19199997E+2 2.89972500E+2
2.20100006E+2 1.00537289E+0 2.20199997E+2 2.89972500E+2
2.21100006E+2 1.00540975E+0 2.21199997E+2 2.89972500E+2
2.22100006E+2 1.00536453E+0 2.22199997E+2 2.89972500E+2
2.23100006E+2 1.00533687E+0 2.23199997E+2 2.89972500E+2
2.24100006E+2 1.00540126E+0 2.24199997E+2 2.89972500E+2
2.25100006E+2 1.00548881E+0 2.25199997E+2 2.89972500E+2
2.26100006E+2 1.00538712E+0 2.26199997E+2 2.89972500E+2
2.27100006E+2 1.00539420E+0 2.27199997E+2 2.89972500E+2
2.28100006E+2 1.00538302E+0 2.28199997E+2 2.89972500E+2
2.29100006E+2 1.00540388E+0 2.29199997E+2 2.89972500E+2
2.30100006E+2 1.00539281E+0 2.30199997E+2 2.89972500E+2
2.31100006E+2 1.00542768E+0 2.31199997E+2 2.89972500E+2
2.32100006E+2 1.00540179E+0 2.32199997E+2 2.89972500E+2
2.33100006E+2 1.00535914E+0 2.33199997E+2 2.89972500E+2
2.34100006E+2 1.00532815E+0 2.34199997E+2 2.89972500E+2
2.35100006E+2 1.00533689E+0 2.35199997E+2 2.89972500E+2
2.36100006E+2 1.00533827E+0 2.36199997E+2 2.89972500E+2
2.37100006E+2 1.00539339E+0 2.37199997E+2 2.89972500E+2
2.38100006E+2 1.00540555E+0 2.38199997E+2 2.89972500E+2
2.39100006E+2 1.00532250E+0 2.39199997E+2 2.89972500E+2
2.40100006E+2 1.00534472E+0 2.40199997E+2 2.89972500E+2
2.41100006E+2 1.00538935E+0 2.41199997E+2 2.89972500E+2
2.42100006E+2 1.00537642E+0 2.42199997E+2 2.89972500E+2
2.43100006E+2 1.00541868E+0 2.43199997E+2 2.89972500E+2
2.44100006E+2 1.00547690E+0 2.44199997E+2 2.89972500E+2
2.45100006E+2 1.00544016E+0 2.45199997E+2 2.89972500E+2
2.46100006E+2 1.00534998E+0 2.46199997E+2 2.89972500E+2
2.47100006E+2 1.00542849E+0 2.47199997E+2 2.89972500E+2
2.48100006E+2 1.00540113E+0 2.48199997E+2 2.89972500E+2
2.49100006E+2 1.00545592E+0 2.49199997E+2 2.89972500E+2
2.50100006E+2 1.00542791E+0 2.50199997E+2 2.89972500E+2
2.51100006E+2 1.00546808E+0 2.51199997E+2 2.89972500E+2
2.52100006E+2 1.00536456E+0 2.52199997E+2 2.89972500E+2
2.53100006E+2 1.00534201E+0 2.53199997E+2 2.89972500E+2
2.54100006E+2 1.00539891E+0 2.54199997E+2 2.89972500E+2
2.55100006E+2 1.00539040E+0 2.55199997E+2 2.89972500E+2
2.56100006E+2 1.00546667E+0 2.56200012E+2 2.89972500E+2
2.57100006E+2 1.00541430E+0 2.57200012E+2 2.89972500E+2
2.58100006E+2 1.00538693E+0 2.58200012E+2 2.89972500E+2
2.59100006E+2 1.00539180E+0 2.59200012E+2 2.89972500E+2
2.60100006E+2 1.00541120E+0 2.60200012E+2 2.89972500E+2
2.61100006E+2 1.00547226E+0 2.61200012E+2 2.89972500E+2
2.62100006E+2 1.00541463E+0 2.62200012E+2 2.89972500E+2
2.63100006E+2 1.00540869E+0 2.63200012E+2 2.89972500E+2
2.64100006E+2 1.00538989E+0 2.64200012E+2 2.89972500E+2
2.65100006E+2 1.00547015E+0 2.65200012E+2 2.89972500E+2
2.66100006E+2 1.00536771E+0 2.66200012E+2 2.89972500E+2
2.67200012E+2 1.00541073E+0 2.67200012E+2 2.89972500E+2
2.68100006E+2 1.00543272E+0 2.68200012E+2 2.89972500E+2
2.69200012E+2 1.00537258E+0 2.69200012E+2 2.89972500E+2
2.70100006E+2 1.00534888E+0 2.70200012E+2 2.89972500E+2
2.71100006E+2 1.00538105E+0 2.71200012E+2 2.89972500E+2
2.72200012E+2 1.00535409E+0 2.72200012E+2 2.89972500E+2
2.73200012E+2 1.00541241E+0 2.73200012E+2 2.89972500E+2
2.74100006E+2 1.00540370E+0 2.74200012E+2 2.89972500E+2
2.75100006E+2 1.00537814E+0 2.75200012E+2 2.89972500E+2
2.76100006E+2 1.00543393E+0 2.76200012E+2 2.89972500E+2
2.77100006E+2 1.00537507E+0 2.77200012E+2 2.89972500E+2
2.78100006E+2 1.00538176E+0 2.78200012E+2 2.89972500E+2
2.79200012E+2 1.00545793E+0 2.79200012E+2 2.89972500E+2
2.80100006E+2 1.00540340E+0 2.80200012E+2 2.89972500E+2
2.81100006E+2 1.00537878E+0 2.81200012E+2 2.89972500E+2
2.82100006E+2 1.00530261E+0 2.82200012E+2 2.89972500E+2
2.83100006E+2 1.00542258E+0 2.83200012E+2 2.89972500E+2
2.84100006E+2 1.00531499E+0 2.84200012E+2 2.89972500E+2
2.85100006E+2 1.00540523E+0 2.85200012E+2 2.89972500E+2
2.86100006E+2 1.00542919E+0 2.86200012E+2 2.89972500E+2
2.87200012E+2 1.00543180E+0 2.87200012E+2 2.89972500E+2
2.88100006E+2 1.00544309E+0 2.88200012E+2 2.89972500E+2
2.89100006E+2 1.00538239E+0 2.89200012E+2 2.89972500E+2
2.90100006E+2 1.00543126E+0 2.90200012E+2 2.89972500E+2
2.91200012E+2 1.00543922E+0 2.91200012E+2 2.89972500E+2
2.92100006E+2 1.00543350E+0 2.92200012E+2 2.89972500E+2
2.93100006E+2 1.00540441E+0 2.93200012E+2 2.89972500E+2
2.94100006E+2 1.00538810E+0 2.94200012E+2 2.89972500E+2
2.95100006E+2 1.00534486E+0 2.95200012E+2 2.89972500E+2
2.96100006E+2 1.00540674E+0 2.96200012E+2 2.89972500E+2
2.97100006E+2 1.00538301E+0 2.97200012E+2 2.89972500E+2
2.98200012E+2 1.00545524E+0 2.98200012E+2 2.89972500E+2
2.99100006E+2 1.00537495E+0 2.99200012E+2 2.89972500E+2
3.00100006E+2 1.00537086E+0 3.00200012E+2 2.89972500E+2
3.01100006E+2 1.00538707E+0 3.01200012E+2 2.89972500E+2
3.02100006E+2 1.00546189E+0 3.02200012E+2 2.89972500E+2
3.03100006E+2 1.00541416E+0 3.03200012E+2 2.89972500E+2
3.04200012E+2 1.00536703E+0 3.04200012E+2 2.89972500E+2
3.05100006E+2 1.00537589E+0 3.05200012E+2 2.89972500E+2
3.06200012E+2 1.00536730E+0 3.06200012E+2 2.89972500E+2
3.07100006E+2 1.00542136E+0 3.07200012E+2 2.89972500E+2
3.08100006E+2 1.00538072E+0 3.08200012E+2 2.89972500E+2
3.09100006E+2 1.00543589E+0 3.09200012E+2 2.89972500E+2
3.10100006E+2 1.00534685E+0 3.10200012E+2 2.89972500E+2
3.11100006E+2 1.00549253E+0 3.11200012E+2 2.89972500E+2
3.12100006E+2 1.00535862E+0 3.12200012E+2 2.89972500E+2
3.13100006E+2 1.00544738E+0 3.13200012E+2 2.89972500E+2
3.14100006E+2 1.00538924E+0 3.14200012E+2 2.89972500E+2
3.15100006E+2 1.00543515E+0 3.15200012E+2 2.89972500E+2
3.16100006E+2 1.00545681E+0 3.16200012E+2 2.89972500E+2
3.17100006E+2 1.00538359E+0 3.17200012E+2 2.89972500E+2
3.18100006E+2 1.00538199E+0 3.18200012E+2 2.89972500E+2
3.19100006E+2 1.00541880E+0 3.19200012E+2 2.89972500E+2
3.20100006E+2 1.00543587E+0 3.20200012E+2 2.89972500E+2
3.21100006E+2 1.00540460E+0 3.21200012E+2 2.89972500E+2
3.22200012E+2 1.00535777E+0 3.22200012E+2 2.89972500E+2
3.23200012E+2 1.00536965E+0 3.23200012E+2 2.89972500E+2
3.24200012E+2 1.00533416E+0 3.24200012E+2 2.89972500E+2
3.25100006E+2 1.00546464E+0 3.25200012E+2 2.89972500E+2
3.26200012E+2 1.00547994E+0 3.26200012E+2 2.89972500E+2
3.27200012E+2 1.00534007E+0 3.27200012E+2 2.89972500E+2
3.28100006E+2 1.00543914E+0 3.28200012E+2 2.89972500E+2
3.29100006E+2 1.00538673E+0 3.29200012E+2 2.89972500E+2
3.30100006E+2 1.00538001E+0 3.30200012E+2 2.89972500E+2
3.31100006E+2 1.00548766E+0 3.31200012E+2 2.89972500E+2
3.32200012E+2 1.00538725E+0 3.32200012E+2 2.89972500E+2
3.33100006E+2 1.00539467E+0 3.33200012E+2 2.89972500E+2
3.34100006E+2 1.00546621E+0 3.34200012E+2 2.89972500E+2
3.35100006E+2 1.00544703E+0 3.35200012E+2 2.89972500E+2
3.36200012E+2 1.00546445E+0 3.36200012E+2 2.89972500E+2
3.37100006E+2 1.00541959E+0 3.37200012E+2 2.89972500E+2
3.38100006E+2 1.00537389E+0 3.38200012E+2 2.89972500E+2
3.39100006E+2 1.00542524E+0 3.39200012E+2 2.89972500E+2
3.40100006E+2 1.00542061E+0 3.40200012E+2 2.89972500E+2
3.41100006E+2 1.00546829E+0 3.41200012E+2 2.89972500E+2
3.42200012E+2 1.00534689E+0 3.42200012E+2 2.89972500E+2
3.43100006E+2 1.00532958E+0 3.43200012E+2 2.89972500E+2
3.44100006E+2 1.00543058E+0 3.44200012E+2 2.89972500E+2
3.45200012E+2 1.00536852E+0 3.45200012E+2 2.89972500E+2
3.46100006E+2 1.00541056E+0 3.46200012E+2 2.89972500E+2
3.47100006E+2 1.00545202E+0 3.47200012E+2 2.89972500E+2
3.48100006E+2 1.00538213E+0 3.48200012E+2 2.89972500E+2
3.49100006E+2 1.00545699E+0 3.49200012E+2 2.89972500E+2
3.50100006E+2 1.00539608E+0 3.50200012E+2 2.89972500E+2
3.51100006E+2 1.00544841E+0 3.51200012E+2 2.89972500E+2
3.52200012E+2 1.00543881E+0 3.52200012E+2 2.89972500E+2
3.53100006E+2 1.00538515E+0 3.53200012E+2 2.89972500E+2
3.54200012E+2 1.00532803E+0 3.54200012E+2 2.89972500E+2
3.55100006E+2 1.00548655E+0 3.55200012E+2 2.89972500E+2
3.56100006E+2 1.00537437E+0 3.56200012E+2 2.89972500E+2
3.57100006E+2 1.00540316E+0 3.57200012E+2 2.89972500E+2
3.58100006E+2 1.00547799E+0 3.58200012E+2 2.89972500E+2
3.59100006E+2 1.00538849E+0 3.59200012E+2 2.89972500E+2
3.60100006E+2 1.00543618E+0 3.60200012E+2 2.89972500E+2
3.61200012E+2 1.00540093E+0 3.61200012E+2 2.89972500E+2
3.62100006E+2 1.00542107E+0 3.62200012E+2 2.89972500E+2
3.63200012E+2 1.00543858E+0 3.63200012E+2 2.89972500E+2
3.64100006E+2 1.00546768E+0 3.64200012E+2 2.89972500E+2
3.65100006E+2 1.00547025E+0 3.65200012E+2 2.89972500E+2
3.66100006E+2 1.00541066E+0 3.66200012E+2 2.89972500E+2
3.67100006E+2 1.00552071E+0 3.67200012E+2 2.89972500E+2
3.68100006E+2 1.00545131E+0 3.68200012E+2 2.89972500E+2
3.69100006E+2 1.00537206E+0 3.69200012E+2 2.89972500E+2
3.70100006E+2 1.00544257E+0 3.70200012E+2 2.89972500E+2
3.71100006E+2 1.00539569E+0 3.71200012E+2 2.89972500E+2
3.72100006E+2 1.00544743E+0 3.72200012E+2 2.89972500E+2
3.73100006E+2 1.00540401E+0 3.73200012E+2 2.89972500E+2
3.74100006E+2 1.00533875E+0 3.74200012E+2 2.89972500E+2
3.75100006E+2 1.00549481E+0 3.75200012E+2 2.89972500E+2
3.76100006E+2 1.00543595E+0 3.76200012E+2 2.89972500E+2
3.77100006E+2 1.00551200E+0 3.77200012E+2 2.89972500E+2
3.78100006E+2 1.00533298E+0 3.78200012E+2 2.89972500E+2
3.79100006E+2 1.00539738E+0 3.79200012E+2 2.89972500E+2
3.80100006E+2 1.00549342E+0 3.80200012E+2 2.89972500E+2
3.81200012E+2 1.00541122E+0 3.81200012E+2 2.89972500E+2
3.82100006E+2 1.00550892E+0 3.82200012E+2 2.89972500E+2
3.83100006E+2 1.00544590E+0 3.83200012E+2 2.89972500E+2
3.84100006E+2 1.00538411E+0 3.84200012E+2 2.89972500E+2
3.85100006E+2 1.00543629E+0 3.85200012E+2 2.89972500E+2
3.86100006E+2 1.00541619E+0 3.86200012E+2 2.89972500E+2
3.87100006E+2 1.00540777E+0 3.87200012E+2 2.89972500E+2
3.88100006E+2 1.00542302E+0 3.88200012E+2 2.89972500E+2
3.89100006E+2 1.00542643E+0 3.89200012E+2 2.89972500E+2
3.90200012E+2 1.00541769E+0 3.90200012E+2 2.89972500E+2
3.91100006E+2 1.00533866E+0 3.91200012E+2 2.89972500E+2
3.92100006E+2 1.00535006E+0 3.92200012E+2 2.89972500E+2
3.93100006E+2 1.00537178E+0 3.93200012E+2 2.89972500E+2
3.94100006E+2 1.00538104E+0 3.94200012E+2 2.89972500E+2
3.95100006E+2 1.00540646E+0 3.95200012E+2 2.89972500E+2
3.96100006E+2 1.00545264E+0 3.96200012E+2 2.89972500E+2
3.97100006E+2 1.00541128E+0 3.97200012E+2 2.89972500E+2
3.98100006E+2 1.00539552E+0 3.98200012E+2 2.89972500E+2
3.99200012E+2 1.00539352E+0 3.99200012E+2 2.89972500E+2
4.00100006E+2 1.00545775E+0 4.00200012E+2 2.89972500E+2
4.01100006E+2 1.00553338E+0 4.01200012E+2 2.89972500E+2
4.02100006E+2 1.00538560E+0 4.02200012E+2 2.89972500E+2
4.03100006E+2 1.00542492E+0 4.03200012E+2 2.89972500E+2
4.04100006E+2 1.00539460E+0 4.04200012E+2 2.89972500E+2
4.05100006E+2 1.00538337E+0 4.05200012E+2 2.89972500E+2
4.06100006E+2 1.00548414E+0 4.06200012E+2 2.89972500E+2
4.07100006E+2 1.00540055E+0 4.07200012E+2 2.89972500E+2
4.08100006E+2 1.00542255E+0 4.08200012E+2 2.89972500E+2
4.09100006E+2 1.00540414E+0 4.09200012E+2 2.89972500E+2
4.10100006E+2 1.00545483E+0 4.10200012E+2 2.89972500E+2
4.11100006E+2 1.00544771E+0 4.11200012E+2 2.89972500E+2
4.12100006E+2 1.00544141E+0 4.12200012E+2 2.89972500E+2
4.13100006E+2 1.00542417E+0 4.13200012E+2 2.89972500E+2
4.14100006E+2 1.00541802E+0 4.14200012E+2 2.89972500E+2
4.15100006E+2 1.00536417E+0 4.15200012E+2 2.89972500E+2
4.16100006E+2 1.00528452E+0 4.16200012E+2 2.89972500E+2
4.17100006E+2 1.00546588E+0 4.17200012E+2 2.89972500E+2
4.18100006E+2 1.00540296E+0 4.18200012E+2 2.89972500E+2
4.19200012E+2 1.00539213E+0 4.19200012E+2 2.89972500E+2
4.20100006E+2 1.00535483E+0 4.20200012E+2 2.89972500E+2
4.21100006E+2 1.00532724E+0 4.21200012E+2 2.89972500E+2
4.22100006E+2 1.00540596E+0 4.22200012E+2 2.89972500E+2
4.23100006E+2 1.00536493E+0 4.23200012E+2 2.89972500E+2
4.24100006E+2 1.00536616E+0 4.24200012E+2 2.89972500E+2
4.25100006E+2 1.00537045E+0 4.25200012E+2 2.89972500E+2
4.26100006E+2 1.00541298E+0 4.26200012E+2 2.90035000E+2
4.27100006E+2 1.00541424E+0 4.27200012E+2 2.89972500E+2
4.28200012E+2 1.00535612E+0 4.28200012E+2 2.90035000E+2
4.29100006E+2 1.00541317E+0 4.29200012E+2 2.89972500E+2
4.30100006E+2 1.00538064E+0 4.30200012E+2 2.90035000E+2
4.31100006E+2 1.00542315E+0 4.31200012E+2 2.89972500E+2
4.32100006E+2 1.00545492E+0 4.32200012E+2 2.89972500E+2
4.33100006E+2 1.00531203E+0 4.33200012E+2 2.89972500E+2
4.34100006E+2 1.00540558E+0 4.34200012E+2 2.89972500E+2
4.35200012E+2 1.00543498E+0 4.35200012E+2 2.89972500E+2
4.36100006E+2 1.00541090E+0 4.36200012E+2 2.89972500E+2
4.37100006E+2 1.00541080E+0 4.37200012E+2 2.89972500E+2
4.38100006E+2 1.00537569E+0 4.38200012E+2 2.89972500E+2
4.39100006E+2 1.00542255E+0 4.39200012E+2 2.89972500E+2
4.40100006E+2 1.00544644E+0 4.40200012E+2 2.89972500E+2
4.41200012E+2 1.00540986E+0 4.41200012E+2 2.89972500E+2
4.42100006E+2 1.00546173E+0 4.42200012E+2 2.90035000E+2
4.43200012E+2 1.00542422E+0 4.43200012E+2 2.89972500E+2
4.44100006E+2 1.00546475E+0 4.44200012E+2 2.89972500E+2
4.45100006E+2 1.00540113E+0 4.45200012E+2 2.89972500E+2
4.46100006E+2 1.00535099E+0 4.46200012E+2 2.90035000E+2
4.47100006E+2 1.00535883E+0 4.47200012E+2 2.90035000E+2
4.48100006E+2 1.00540996E+0 4.48200012E+2 2.89972500E+2
4.49100006E+2 1.00540544E+0 4.49200012E+2 2.90035000E+2
4.50100006E+2 1.00540495E+0 4.50200012E+2 2.89972500E+2
4.51100006E+2 1.00546379E+0 4.51200012E+2 2.90035000E+2
4.52100006E+2 1.00534325E+0 4.52200012E+2 2.89972500E+2
4.53100006E+2 1.00533373E+0 4.53200012E+2 2.89972500E+2
4.54100006E+2 1.00543834E+0 4.54200012E+2 2.90035000E+2
4.55200012E+2 1.00537859E+0 4.55200012E+2 2.90035000E+2
4.56100006E+2 1.00539149E+0 4.56200012E+2 2.90035000E+2
4.57100006E+2 1.00539625E+0 4.57200012E+2 2.89972500E+2
4.58100006E+2 1.00538361E+0 4.58200012E+2 2.89972500E+2
4.59100006E+2 1.00540592E+0 4.59200012E+2 2.89972500E+2
4.60100006E+2 1.00547015E+0 4.60200012E+2 2.89972500E+2
4.61100006E+2 1.00539181E+0 4.61200012E+2 2.89972500E+2
4.62100006E+2 1.00540831E+0 4.62200012E+2 2.89972500E+2
4.63100006E+2 1.00542490E+0 4.63200012E+2 2.90035000E+2
4.64100006E+2 1.00540537E+0 4.64200012E+2 2.89972500E+2
4.65100006E+2 1.00534353E+0 4.65200012E+2 2.89972500E+2
4.66100006E+2 1.00544001E+0 4.66200012E+2 2.90035000E+2
4.67100006E+2 1.00540467E+0 4.67200012E+2 2.90035000E+2
4.68200012E+2 1.00539622E+0 4.68200012E+2 2.89972500E+2
4.69100006E+2 1.00535950E+0 4.69200012E+2 2.89972500E+2
4.70100006E+2 1.00543607E+0 4.70200012E+2 2.89972500E+2
4.71100006E+2 1.00538929E+0 4.71200012E+2 2.89972500E+2
4.72100006E+2 1.00543143E+0 4.72200012E+2 2.89972500E+2
4.73100006E+2 1.00543247E+0 4.73200012E+2 2.89972500E+2
4.74100006E+2 1.00540958E+0 4.74200012E+2 2.89972500E+2
4.75100006E+2 1.00537323E+0 4.75200012E+2 2.89972500E+2
4.76100006E+2 1.00543101E+0 4.76200012E+2 2.90035000E+2
4.77100006E+2 1.00532447E+0 4.77200012E+2 2.90035000E+2
4.78100006E+2 1.00547703E+0 4.78200012E+2 2.90035000E+2
4.79100006E+2 1.00539098E+0 4.79200012E+2 2.89972500E+2
4.80200012E+2 1.00538774E+0 4.80200012E+2 2.90035000E+2
4.81200012E+2 1.00548998E+0 4.81200012E+2 2.90035000E+2
4.82100006E+2 1.00545312E+0 4.82200012E+2 2.89972500E+2
4.83100006E+2 1.00548727E+0 4.83200012E+2 2.90035000E+2
4.84100006E+2 1.00545554E+0 4.84200012E+2 2.90035000E+2
4.85100006E+2 1.00540955E+0 4.85200012E+2 2.90035000E+2
4.86100006E+2 1.00536811E+0 4.86200012E+2 2.90035000E+2
4.87100006E+2 1.00547379E+0 4.87200012E+2 2.89972500E+2
4.88100006E+2 1.00544130E+0 4.88200012E+2 2.90035000E+2
4.89100006E+2 1.00541703E+0 4.89200012E+2 2.90035000E+2
4.90100006E+2 1.00534615E+0 4.90200012E+2 2.89972500E+2
4.91200012E+2 1.00542740E+0 4.91200012E+2 2.90035000E+2
4.92100006E+2 1.00547585E+0 4.92200012E+2 2.90035000E+2
4.93100006E+2 1.00539376E+0 4.93200012E+2 2.90035000E+2
4.94100006E+2 1.00542620E+0 4.94200012E+2 2.90035000E+2
4.95100006E+2 1.00538594E+0 4.95200012E+2 2.90035000E+2
4.96100006E+2 1.00545438E+0 4.96200012E+2 2.90035000E+2
4.97100006E+2 1.00546156E+0 4.97200012E+2 2.89972500E+2
4.98100006E+2 1.00539392E+0 4.98200012E+2 2.90035000E+2
4.99100006E+2 1.00537530E+0 4.99200012E+2 2.90035000E+2
5.00100006E+2 1.00540721E+0 5.00200012E+2 2.90035000E+2
5.01100006E+2 1.00541097E+0 5.01200012E+2 2.90035000E+2
5.02100006E+2 1.00533338E+0 5.02200012E+2 2.90035000E+2
5.03100006E+2 1.00541389E+0 5.03200012E+2 2.90035000E+2
5.04100006E+2 1.00546335E+0 5.04200012E+2 2.90035000E+2
5.05100006E+2 1.00537045E+0 5.05200012E+2 2.90035000E+2
5.06100006E+2 1.00545896E+0 5.06200012E+2 2.90035000E+2
5.07100006E+2 1.00536708E+0 5.07200012E+2 2.90035000E+2
5.08100006E+2 1.00540671E+0 5.08200012E+2 2.90035000E+2
5.09100006E+2 1.00542793E+0 5.09200012E+2 2.90035000E+2
5.10100006E+2 1.00541328E+0 5.10200012E+2 2.90035000E+2
5.11100006E+2 1.00537908E+0 5.11200012E+2 2.90035000E+2
5.12099976E+2 1.00539793E+0 5.12200012E+2 2.90035000E+2
5.13099976E+2 1.00536180E+0 5.13200012E+2 2.90035000E+2
5.14200012E+2 1.00534600E+0 5.14200012E+2 2.90035000E+2
5.15099976E+2 1.00550087E+0 5.15200012E+2 2.90035000E+2
5.16099976E+2 1.00534129E+0 5.16200012E+2 2.90035000E+2
5.17099976E+2 1.00537120E+0 5.17200012E+2 2.90035000E+2
5.18099976E+2 1.00537684E+0 5.18200012E+2 2.90035000E+2
5.19099976E+2 1.00543657E+0 5.19200012E+2 2.90035000E+2
5.20099976E+2 1.00537909E+0 5.20200012E+2 2.90035000E+2
5.21099976E+2 1.00542649E+0 5.21200012E+2 2.90035000E+2
5.22099976E+2 1.00539433E+0 5.22200012E+2 2.90035000E+2
5.23099976E+2 1.00543107E+0 5.23200012E+2 2.90035000E+2
5.24099976E+2 1.00534357E+0 5.24200012E+2 2.89972500E+2
5.25200012E+2 1.00542651E+0 5.25200012E+2 2.90035000E+2
5.26099976E+2 1.00535314E+0 5.26200012E+2 2.90035000E+2
5.27099976E+2 1.00541854E+0 5.27200012E+2 2.90035000E+2
5.28099976E+2 1.00541417E+0 5.28200012E+2 2.90035000E+2
5.29099976E+2 1.00548460E+0 5.29200012E+2 2.90035000E+2
5.30099976E+2 1.00541654E+0 5.30200012E+2 2.90035000E+2
5.31099976E+2 1.00540351E+0 5.31200012E+2 2.90035000E+2
5.32099976E+2 1.00538625E+0 5.32200012E+2 2.90035000E+2
5.33099976E+2 1.00535752E+0 5.33200012E+2 2.90035000E+2
5.34099976E+2 1.00544477E+0 5.34200012E+2 2.90035000E+2
5.35099976E+2 1.00531742E+0 5.35200012E+2 2.90035000E+2
5.36099976E+2 1.00537617E+0 5.36200012E+2 2.89972500E+2
5.37099976E+2 1.00540994E+0 5.37200012E+2 2.90035000E+2
5.38099976E+2 1.00541578E+0 5.38200012E+2 2.90035000E+2
5.39099976E+2 1.00541630E+0 5.39200012E+2 2.90035000E+2
5.40200012E+2 1.00537909E+0 5.40200012E+2 2.90035000E+2
5.41099976E+2 1.00537824E+0 5.41200012E+2 2.90035000E+2
5.42099976E+2 1.00541031E+0 5.42200012E+2 2.90035000E+2
5.43099976E+2 1.00541258E+0 5.43200012E+2 2.90035000E+2
5.44099976E+2 1.00537190E+0 5.44200012E+2 2.90035000E+2
5.45200012E+2 1.00537174E+0 5.45200012E+2 2.90035000E+2
5.46099976E+2 1.00544796E+0 5.46200012E+2 2.90035000E+2
5.47099976E+2 1.00542872E+0 5.47200012E+2 2.90035000E+2
5.48099976E+2 1.00541302E+0 5.48200012E+2 2.90035000E+2
5.49099976E+2 1.00535488E+0 5.49200012E+2 2.90035000E+2
5.50099976E+2 1.00545222E+0 5.50200012E+2 2.90035000E+2
5.51099976E+2 1.00536946E+0 5.51200012E+2 2.90035000E+2
5.52099976E+2 1.00541893E+0 5.52200012E+2 2.90035000E+2
5.53099976E+2 1.00533775E+0 5.53200012E+2 2.90035000E+2
5.54099976E+2 1.00535409E+0 5.54200012E+2 2.90035000E+2
5.55099976E+2 1.00532278E+0 5.55200012E+2 2.90035000E+2
5.56099976E+2 1.00539963E+0 5.56200012E+2 2.90035000E+2
5.57099976E+2 1.00547502E+0 5.57200012E+2 2.90035000E+2
5.58099976E+2 1.00540231E+0 5.58200012E+2 2.90035000E+2
5.59099976E+2 1.00541100E+0 5.59200012E+2 2.90035000E+2
5.60099976E+2 1.00537266E+0 5.60200012E+2 2.90035000E+2
5.61099976E+2 1.00547233E+0 5.61200012E+2 2.90035000E+2
5.62200012E+2 1.00542000E+0 5.62200012E+2 2.90035000E+2
5.63099976E+2 1.00540229E+0 5.63200012E+2 2.90035000E+2
5.64099976E+2 1.00545703E+0 5.64200012E+2 2.90035000E+2
5.65099976E+2 1.00543365E+0 5.65200012E+2 2.90035000E+2
5.66099976E+2 1.00544581E+0 5.66200012E+2 2.90035000E+2
5.67099976E+2 1.00549009E+0 5.67200012E+2 2.90035000E+2
5.68099976E+2 1.00548708E+0 5.68200012E+2 2.90035000E+2
5.69200012E+2 1.00542197E+0 5.69200012E+2 2.90035000E+2
5.70099976E+2 1.00542010E+0 5.70200012E+2 2.90035000E+2
5.71099976E+2 1.00546110E+0 5.71200012E+2 2.90035000E+2
5.72099976E+2 1.00549653E+0 5.72200012E+2 2.90035000E+2
5.73099976E+2 1.00540805E+0 5.73200012E+2 2.90035000E+2
5.74099976E+2 1.00538024E+0 5.74200012E+2 2.90035000E+2
5.75200012E+2 1.00543162E+0 5.75200012E+2 2.90035000E+2
5.76099976E+2 1.00542817E+0 5.76200012E+2 2.90035000E+2
5.77099976E+2 1.00548777E+0 5.77200012E+2 2.90035000E+2
5.78099976E+2 1.00546938E+0 5.78200012E+2 2.90035000E+2
5.79099976E+2 1.00552124E+0 5.79200012E+2 2.90035000E+2
5.80099976E+2 1.00539512E+0 5.80200012E+2 2.90035000E+2
5.81200012E+2 1.00539811E+0 5.81200012E+2 2.90035000E+2
5.82099976E+2 1.00546061E+0 5.82200012E+2 2.90035000E+2
5.83099976E+2 1.00540608E+0 5.83200012E+2 2.90035000E+2
5.84099976E+2 1.00544284E+0 5.84200012E+2 2.90035000E+2
5.85099976E+2 1.00548543E+0 5.85200012E+2 2.90035000E+2
5.86099976E+2 1.00547040E+0 5.86200012E+2 2.90035000E+2
5.87200012E+2 1.00541693E+0 5.87200012E+2 2.90035000E+2
5.88099976E+2 1.00543980E+0 5.88200012E+2 2.90035000E+2
5.89099976E+2 1.00543105E+0 5.89200012E+2 2.90035000E+2
5.90099976E+2 1.00545654E+0 5.90200012E+2 2.90035000E+2
5.91099976E+2 1.00540085E+0 5.91200012E+2 2.90035000E+2
5.92200012E+2 1.00543579E+0 5.92200012E+2 2.90035000E+2
5.93099976E+2 1.00545197E+0 5.93200012E+2 2.90035000E+2
5.94099976E+2 1.00540931E+0 5.94200012E+2 2.90035000E+2
5.95099976E+2 1.00541648E+0 5.95200012E+2 2.90035000E+2
5.96099976E+2 1.00545628E+0 5.96200012E+2 2.90035000E+2
5.97099976E+2 1.00536552E+0 5.97200012E+2 2.90035000E+2
5.98099976E+2 1.00531426E+0 5.98200012E+2 2.90035000E+2
5.99099976E+2 1.00541986E+0 5.99200012E+2 2.90035000E+2
6.00099976E+2 1.00543672E+0 6.00200012E+2 2.90035000E+2
6.01099976E+2 1.00547227E+0 6.01200012E+2 2.90035000E+2
6.02099976E+2 1.00543039E+0 6.02200012E+2 2.90035000E+2
6.03099976E+2 1.00545018E+0 6.03200012E+2 2.90035000E+2
6.04099976E+2 1.00547571E+0 6.04200012E+2 2.90035000E+2
6.05099976E+2 1.00554164E+0 6.05200012E+2 2.90035000E+2
6.06099976E+2 1.00540379E+0 6.06200012E+2 2.90035000E+2
6.07099976E+2 1.00536720E+0 6.07200012E+2 2.90035000E+2
6.08099976E+2 1.00541485E+0 6.08200012E+2 2.90035000E+2
6.09099976E+2 1.00542721E+0 6.09200012E+2 2.90035000E+2
6.10200012E+2 1.00537263E+0 6.10200012E+2 2.90035000E+2
6.11099976E+2 1.00538310E+0 6.11200012E+2 2.90035000E+2
6.12099976E+2 1.00539544E+0 6.12200012E+2 2.90035000E+2
6.13099976E+2 1.00543459E+0 6.13200012E+2 2.90035000E+2
6.14099976E+2 1.00544779E+0 6.14200012E+2 2.90035000E+2
6.15099976E+2 1.00540743E+0 6.15200012E+2 2.90035000E+2
6.16099976E+2 1.00541317E+0 6.16200012E+2 2.90035000E+2
6.17099976E+2 1.00541031E+0 6.17200012E+2 2.90035000E+2
6.18099976E+2 1.00546430E+0 6.18200012E+2 2.90035000E+2
6.19099976E+2 1.00540925E+0 6.19200012E+2 2.90035000E+2
6.20099976E+2 1.00531561E+0 6.20200012E+2 2.90035000E+2
6.21099976E+2 1.00543915E+0 6.21200012E+2 2.90035000E+2
6.22099976E+2 1.00548652E+0 6.22200012E+2 2.90035000E+2
6.23200012E+2 1.00534046E+0 6.23200012E+2 2.90035000E+2
6.24099976E+2 1.00544072E+0 6.24200012E+2 2.90035000E+2
6.25200012E+2 1.00541659E+0 6.25200012E+2 2.90035000E+2
6.26099976E+2 1.00534707E+0 6.26200012E+2 2.90035000E+2
6.27099976E+2 1.00545818E+0 6.27200012E+2 2.90035000E+2
6.28099976E+2 1.00542620E+0 6.28200012E+2 2.90035000E+2
6.29099976E+2 1.00536760E+0 6.29200012E+2 2.90035000E+2
6.30099976E+2 1.00543060E+0 6.30200012E+2 2.90035000E+2
6.31099976E+2 1.00541796E+0 6.31200012E+2 2.90035000E+2
6.32099976E+2 1.00534928E+0 6.32200012E+2 2.90035000E+2
6.33099976E+2 1.00540129E+0 6.33200012E+2 2.90035000E+2
6.34099976E+2 1.00541795E+0 6.34200012E+2 2.90035000E+2
6.35099976E+2 1.00546349E+0 6.35200012E+2 2.90035000E+2
6.36099976E+2 1.00540783E+0 6.36200012E+2 2.90035000E+2
6.37099976E+2 1.00545784E+0 6.37200012E+2 2.90035000E+2
6.38099976E+2 1.00537687E+0 6.38200012E+2 2.90035000E+2
6.39200012E+2 1.00543750E+0 6.39200012E+2 2.90035000E+2
6.40099976E+2 1.00549767E+0 6.40200012E+2 2.90035000E+2
6.41099976E+2 1.00540093E+0 6.41200012E+2 2.90035000E+2
6.42099976E+2 1.00541593E+0 6.42200012E+2 2.90035000E+2
6.43099976E+2 1.00536781E+0 6.43200012E+2 2.90035000E+2
6.44099976E+2 1.00543253E+0 6.44200012E+2 2.90035000E+2
6.45200012E+2 1.00536423E+0 6.45200012E+2 2.90035000E+2
6.46099976E+2 1.00541130E+0 6.46200012E+2 2.90035000E+2
6.47099976E+2 1.00538020E+0 6.47200012E+2 2.90035000E+2
6.48099976E+2 1.00537049E+0 6.48200012E+2 2.90035000E+2
6.49099976E+2 1.00544297E+0 6.49200012E+2 2.90035000E+2
6.50099976E+2 1.00545311E+0 6.50200012E+2 2.90035000E+2
6.51099976E+2 1.00540765E+0 6.51200012E+2 2.90035000E+2
6.52099976E+2 1.00537947E+0 6.52200012E+2 2.90035000E+2
6.53099976E+2 1.00546362E+0 6.53200012E+2 2.90035000E+2
6.54099976E+2 1.00535944E+0 6.54200012E+2 2.90035000E+2
6.55099976E+2 1.00541756E+0 6.55200012E+2 2.90035000E+2
6.56099976E+2 1.00543153E+0 6.56200012E+2 2.90035000E+2
6.57200012E+2 1.00535823E+0 6.57200012E+2 2.90035000E+2
6.58099976E+2 1.00545487E+0 6.58200012E+2 2.90035000E+2
6.59099976E+2 1.00547970E+0 6.59200012E+2 2.90035000E+2
6.60200012E+2 1.00540756E+0 6.60200012E+2 2.90035000E+2
6.61099976E+2 1.00542994E+0 6.61200012E+2 2.90035000E+2
6.62200012E+2 1.00536677E+0 6.62200012E+2 2.90035000E+2
6.63200012E+2 1.00543266E+0 6.63200012E+2 2.90035000E+2
6.64099976E+2 1.00546627E+0 6.64200012E+2 2.90035000E+2
6.65099976E+2 1.00535437E+0 6.65200012E+2 2.90035000E+2
6.66200012E+2 1.00540924E+0 6.66200012E+2 2.90035000E+2
6.67099976E+2 1.00540441E+0 6.67200012E+2 2.90035000E+2
6.68099976E+2 1.00538967E+0 6.68200012E+2 2.90035000E+2
6.69099976E+2 1.00536110E+0 6.69200012E+2 2.90035000E+2
6.70099976E+2 1.00543736E+0 6.70200012E+2 2.90035000E+2
6.71099976E+2 1.00542210E+0 6.71200012E+2 2.90035000E+2
6.72099976E+2 1.00540418E+0 6.72200012E+2 2.90035000E+2
6.73099976E+2 1.00546698E+0 6.73200012E+2 2.90035000E+2
6.74099976E+2 1.00544630E+0 6.74200012E+2 2.90035000E+2
6.75200012E+2 1.00540739E+0 6.75200012E+2 2.90035000E+2
6.76099976E+2 1.00543559E+0 6.76200012E+2 2.90035000E+2
6.77099976E+2 1.00534962E+0 6.77200012E+2 2.90035000E+2
6.78099976E+2 1.00541365E+0 6.78200012E+2 2.90035000E+2
6.79099976E+2 1.00541470E+0 6.79200012E+2 2.90035000E+2
6.80099976E+2 1.00536298E+0 6.80200012E+2 2.90035000E+2
6.81099976E+2 1.00546104E+0 6.81200012E+2 2.90035000E+2
6.82099976E+2 1.00538934E+0 6.82200012E+2 2.90035000E+2
6.83099976E+2 1.00544007E+0 6.83200012E+2 2.90035000E+2
6.84099976E+2 1.00538969E+0 6.84200012E+2 2.90035000E+2
6.85099976E+2 1.00544549E+0 6.85200012E+2 2.90035000E+2
6.86099976E+2 1.00543333E+0 6.86200012E+2 2.90035000E+2
6.87099976E+2 1.00541593E+0 6.87200012E+2 2.90035000E+2
6.88099976E+2 1.00538516E+0 6.88200012E+2 2.90035000E+2
6.89099976E+2 1.00530518E+0 6.89200012E+2 2.90035000E+2
6.90099976E+2 1.00545009E+0 6.90200012E+2 2.90035000E+2
6.91099976E+2 1.00541693E+0 6.91200012E+2 2.90035000E+2
6.92099976E+2 1.00546423E+0 6.92200012E+2 2.90035000E+2
6.93099976E+2 1.00542903E+0 6.93200012E+2 2.90035000E+2
6.94099976E+2 1.00537312E+0 6.94200012E+2 2.90035000E+2
6.95099976E+2 1.00538194E+0 6.95200012E+2 2.90035000E+2
6.96099976E+2 1.00545507E+0 6.96200012E+2 2.90035000E+2
6.97099976E+2 1.00545010E+0 6.97200012E+2 2.90035000E+2
6.98099976E+2 1.00540019E+0 6.98200012E+2 2.90035000E+2
6.99099976E+2 1.00538282E+0 6.99200012E+2 2.90035000E+2
7.00099976E+2 1.00545344E+0 7.00200012E+2 2.90035000E+2
7.01099976E+2 1.00533395E+0 7.01200012E+2 2.90035000E+2
7.02099976E+2 1.00542421E+0 7.02200012E+2 2.90035000E+2
7.03099976E+2 1.00537502E+0 7.03200012E+2 2.90035000E+2
7.04099976E+2 1.00537581E+0 7.04200012E+2 2.90035000E+2
7.05099976E+2 1.00536057E+0 7.05200012E+2 2.90035000E+2
7.06099976E+2 1.00539442E+0 7.06200012E+2 2.90035000E+2
7.07099976E+2 1.00538614E+0 7.07200012E+2 2.90035000E+2
7.08099976E+2 1.00537265E+0 7.08200012E+2 2.90035000E+2
7.09099976E+2 1.00541436E+0 7.09200012E+2 2.90035000E+2
7.10099976E+2 1.00543310E+0 7.10200012E+2 2.90035000E+2
7.11200012E+2 1.00546476E+0 7.11200012E+2 2.90035000E+2
7.12099976E+2 1.00546386E+0 7.12200012E+2 2.90035000E+2
7.13099976E+2 1.00541496E+0 7.13200012E+2 2.90035000E+2
7.14099976E+2 1.00552857E+0 7.14200012E+2 2.90035000E+2
7.15200012E+2 1.00546193E+0 7.15200012E+2 2.90035000E+2
7.16099976E+2 1.00546121E+0 7.16200012E+2 2.90035000E+2
7.17099976E+2 1.00535054E+0 7.17200012E+2 2.90035000E+2
7.18099976E+2 1.00546698E+0 7.18200012E+2 2.90035000E+2
7.19099976E+2 1.00546329E+0 7.19200012E+2 2.90035000E+2
7.20099976E+2 1.00542290E+0 7.20200012E+2 2.90035000E+2
7.21099976E+2 1.00537801E+0 7.21200012E+2 2.90035000E+2
7.22099976E+2 1.00541650E+0 7.22200012E+2 2.90035000E+2
7.23200012E+2 1.00541903E+0 7.23200012E+2 2.90035000E+2
7.24099976E+2 1.00543913E+0 7.24200012E+2 2.90035000E+2
7.25099976E+2 1.00539634E+0 7.25200012E+2 2.90035000E+2
7.26099976E+2 1.00545735E+0 7.26200012E+2 2.90035000E+2
7.27099976E+2 1.00548111E+0 7.27200012E+2 2.90035000E+2
7.28099976E+2 1.00549280E+0 7.28200012E+2 2.90035000E+2
7.29099976E+2 1.00552238E+0 7.29200012E+2 2.90035000E+2
7.30099976E+2 1.00549489E+0 7.30200012E+2 2.90035000E+2
7.31099976E+2 1.00547787E+0 7.31200012E+2 2.90035000E+2
7.32099976E+2 1.00545139E+0 7.32200012E+2 2.90035000E+2
7.33099976E+2 1.00541403E+0 7.33200012E+2 2.90035000E+2
7.34099976E+2 1.00545850E+0 7.34200012E+2 2.90035000E+2
7.35200012E+2 1.00545099E+0 7.35200012E+2 2.90035000E+2
7.36099976E+2 1.00546618E+0 7.36200012E+2 2.90035000E+2
7.37099976E+2 1.00546551E+0 7.37200012E+2 2.90035000E+2
7.38099976E+2 1.00541118E+0 7.38200012E+2 2.90035000E+2
7.39099976E+2 1.00539384E+0 7.39200012E+2 2.90035000E+2
7.40099976E+2 1.00539247E+0 7.40200012E+2 2.90035000E+2
7.41099976E+2 1.00541729E+0 7.41200012E+2 2.90035000E+2
7.42099976E+2 1.00545769E+0 7.42200012E+2 2.90035000E+2
7.43099976E+2 1.00539173E+0 7.43200012E+2 2.90035000E+2
7.44099976E+2 1.00537058E+0 7.44200012E+2 2.90035000E+2
7.45099976E+2 1.00541441E+0 7.45200012E+2 2.90035000E+2
7.46099976E+2 1.00545174E+0 7.46200012E+2 2.90035000E+2
7.47099976E+2 1.00542188E+0 7.47200012E+2 2.90035000E+2
7.48099976E+2 1.00532486E+0 7.48200012E+2 2.90097500E+2
7.49099976E+2 1.00539761E+0 7.49200012E+2 2.90035000E+2
7.50099976E+2 1.00542683E+0 7.50200012E+2 2.90035000E+2
7.51099976E+2 1.00536101E+0 7.51200012E+2 2.90035000E+2
7.52099976E+2 1.00538509E+0 7.52200012E+2 2.90035000E+2
7.53099976E+2 1.00544413E+0 7.53200012E+2 2.90035000E+2
7.54099976E+2 1.00538577E+0 7.54200012E+2 2.90035000E+2
7.55099976E+2 1.00545341E+0 7.55200012E+2 2.90035000E+2
7.56099976E+2 1.00540527E+0 7.56200012E+2 2.90035000E+2
7.57099976E+2 1.00543121E+0 7.57200012E+2 2.90035000E+2
7.58099976E+2 1.00541435E+0 7.58200012E+2 2.90035000E+2
7.59200012E+2 1.00542362E+0 7.59200012E+2 2.90035000E+2
7.60099976E+2 1.00542013E+0 7.60200012E+2 2.90035000E+2
7.61099976E+2 1.00539160E+0 7.61200012E+2 2.90035000E+2
7.62099976E+2 1.00545890E+0 7.62200012E+2 2.90035000E+2
7.63099976E+2 1.00544587E+0 7.63200012E+2 2.90035000E+2
7.64099976E+2 1.00537384E+0 7.64200012E+2 2.90035000E+2
7.65099976E+2 1.00542815E+0 7.65200012E+2 2.90035000E+2
