0.00000000E+0 1.01190478E+0 1.00000001E-1 2.93347500E+2
1.20000005E+0 1.01556778E+0 1.20000005E+0 2.93347500E+2
2.20000005E+0 1.01068377E+0 2.29999995E+0 2.93347500E+2
3.20000005E+0 1.01068377E+0 3.29999995E+0 2.93347500E+2
4.19999981E+0 1.01190478E+0 4.30000019E+0 2.93347500E+2
5.19999981E+0 1.01068377E+0 5.30000019E+0 2.93347500E+2
6.19999981E+0 1.01068377E+0 6.30000019E+0 2.93410000E+2
7.19999981E+0 1.01190478E+0 7.30000019E+0 2.93347500E+2
8.19999981E+0 1.01098901E+0 8.30000019E+0 2.93347500E+2
9.19999981E+0 1.01068377E+0 9.30000019E+0 2.93347500E+2
1.01999998E+1 1.01556778E+0 1.03000002E+1 2.93347500E+2
1.11999998E+1 1.01556778E+0 1.13000002E+1 2.93347500E+2
1.21999998E+1 1.01068377E+0 1.23000002E+1 2.93347500E+2
1.31999998E+1 1.01129428E+0 1.33000002E+1 2.93347500E+2
1.41999998E+1 1.01159951E+0 1.43000002E+1 2.93347500E+2
1.51999998E+1 1.01068377E+0 1.53000002E+1 2.93347500E+2
1.62000008E+1 1.01556778E+0 1.62999992E+1 2.93347500E+2
1.72000008E+1 1.01556778E+0 1.72999992E+1 2.93347500E+2
1.82000008E+1 1.01526251E+0 1.82999992E+1 2.93347500E+2
1.92000008E+1 1.01098901E+0 1.92999992E+1 2.93347500E+2
2.02000008E+1 1.01068377E+0 2.02999992E+1 2.93347500E+2
2.12000008E+1 1.01098901E+0 2.12999992E+1 2.93347500E+2
2.22000008E+1 1.01129428E+0 2.22999992E+1 2.93347500E+2
2.32000008E+1 1.01098901E+0 2.32999992E+1 2.93347500E+2
2.42000008E+1 1.01068377E+0 2.42999992E+1 2.93347500E+2
2.52000008E+1 1.01068377E+0 2.52999992E+1 2.93347500E+2
2.62000008E+1 1.01068377E+0 2.62999992E+1 2.93347500E+2
2.72000008E+1 1.01037851E+0 2.72999992E+1 2.93410000E+2
2.82000008E+1 1.01098901E+0 2.82999992E+1 2.93410000E+2
2.92000008E+1 1.01556778E+0 2.92999992E+1 2.93347500E+2
3.02000008E+1 1.01098901E+0 3.02999992E+1 2.93347500E+2
3.12000008E+1 1.01098901E+0 3.12999992E+1 2.93347500E+2
3.22000008E+1 1.01068377E+0 3.22999992E+1 2.93347500E+2
3.32000008E+1 1.01037851E+0 3.32999992E+1 2.93347500E+2
3.42000008E+1 1.01159951E+0 3.42999992E+1 2.93347500E+2
3.52000008E+1 1.01129428E+0 3.52999992E+1 2.93347500E+2
3.62000008E+1 1.01129428E+0 3.62999992E+1 2.93347500E+2
3.72000008E+1 1.01098901E+0 3.72999992E+1 2.93347500E+2
3.82000008E+1 1.01068377E+0 3.82999992E+1 2.93347500E+2
3.92000008E+1 1.01312578E+0 3.92999992E+1 2.93347500E+2
4.02000008E+1 1.01129428E+0 4.02999992E+1 2.93347500E+2
4.12000008E+1 1.01098901E+0 4.12999992E+1 2.93347500E+2
4.22000008E+1 1.01129428E+0 4.22999992E+1 2.93347500E+2
4.32000008E+1 1.01556778E+0 4.32999992E+1 2.93347500E+2
4.42000008E+1 1.01068377E+0 4.42999992E+1 2.93347500E+2
4.52000008E+1 1.01037851E+0 4.52999992E+1 2.93410000E+2
4.62000008E+1 1.01068377E+0 4.62999992E+1 2.93410000E+2
4.72000008E+1 1.01098901E+0 4.72999992E+1 2.93347500E+2
4.82000008E+1 1.01129428E+0 4.82999992E+1 2.93410000E+2
4.92000008E+1 1.01556778E+0 4.92999992E+1 2.93347500E+2
5.02000008E+1 1.01556778E+0 5.02999992E+1 2.93347500E+2
5.12000008E+1 1.01129428E+0 5.12999992E+1 2.93347500E+2
5.22000008E+1 1.01068377E+0 5.22999992E+1 2.93347500E+2
5.32000008E+1 1.01098901E+0 5.32999992E+1 2.93347500E+2
5.42000008E+1 1.01129428E+0 5.42999992E+1 2.93410000E+2
5.52000008E+1 1.01098901E+0 5.52999992E+1 2.93410000E+2
5.62000008E+1 1.01098901E+0 5.62999992E+1 2.93410000E+2
5.72000008E+1 1.01129428E+0 5.72999992E+1 2.93410000E+2
5.82000008E+1 1.01556778E+0 5.82999992E+1 2.93347500E+2
5.92000008E+1 1.01556778E+0 5.92999992E+1 2.93347500E+2
6.02000008E+1 1.01556778E+0 6.02999992E+1 2.93347500E+2
6.12000008E+1 1.01068377E+0 6.12999992E+1 2.93347500E+2
6.22000008E+1 1.01556778E+0 6.22999992E+1 2.93347500E+2
6.32000008E+1 1.01098901E+0 6.32999992E+1 2.93347500E+2
6.41999969E+1 1.01526251E+0 6.43000031E+1 2.93347500E+2
6.51999969E+1 1.01129428E+0 6.53000031E+1 2.93410000E+2
6.61999969E+1 1.01556778E+0 6.63000031E+1 2.93347500E+2
6.71999969E+1 1.01129428E+0 6.73000031E+1 2.93410000E+2
6.81999969E+1 1.01129428E+0 6.83000031E+1 2.93347500E+2
6.91999969E+1 1.01068377E+0 6.93000031E+1 2.93410000E+2
7.01999969E+1 1.01556778E+0 7.03000031E+1 2.93410000E+2
7.11999969E+1 1.01068377E+0 7.13000031E+1 2.93410000E+2
7.21999969E+1 1.01556778E+0 7.23000031E+1 2.93347500E+2
7.31999969E+1 1.01068377E+0 7.33000031E+1 2.93410000E+2
7.41999969E+1 1.01098901E+0 7.43000031E+1 2.93347500E+2
7.51999969E+1 1.01312578E+0 7.53000031E+1 2.93347500E+2
7.61999969E+1 1.01526251E+0 7.63000031E+1 2.93410000E+2
7.71999969E+1 1.01068377E+0 7.73000031E+1 2.93347500E+2
7.81999969E+1 1.01129428E+0 7.83000031E+1 2.93410000E+2
7.91999969E+1 1.01068377E+0 7.93000031E+1 2.93410000E+2
8.01999969E+1 1.01526251E+0 8.03000031E+1 2.93347500E+2
8.11999969E+1 1.01068377E+0 8.13000031E+1 2.93410000E+2
8.21999969E+1 1.01190478E+0 8.23000031E+1 2.93347500E+2
8.31999969E+1 1.01556778E+0 8.33000031E+1 2.93347500E+2
8.41999969E+1 1.01556778E+0 8.43000031E+1 2.93347500E+2
8.51999969E+1 1.01129428E+0 8.53000031E+1 2.93347500E+2
8.61999969E+1 1.01037851E+0 8.63000031E+1 2.93347500E+2
8.71999969E+1 1.01007327E+0 8.73000031E+1 2.93410000E+2
8.81999969E+1 1.01068377E+0 8.83000031E+1 2.93347500E+2
8.91999969E+1 1.01129428E+0 8.93000031E+1 2.93347500E+2
9.01999969E+1 1.01190478E+0 9.03000031E+1 2.93347500E+2
9.11999969E+1 1.01007327E+0 9.13000031E+1 2.93347500E+2
9.21999969E+1 1.01129428E+0 9.23000031E+1 2.93410000E+2
9.31999969E+1 1.01190478E+0 9.33000031E+1 2.93347500E+2
9.41999969E+1 1.01159951E+0 9.43000031E+1 2.93347500E+2
9.51999969E+1 1.01068377E+0 9.53000031E+1 2.93410000E+2
9.61999969E+1 1.01556778E+0 9.63000031E+1 2.93347500E+2
9.71999969E+1 1.01129428E+0 9.73000031E+1 2.93410000E+2
9.81999969E+1 1.01129428E+0 9.83000031E+1 2.93410000E+2
9.91999969E+1 1.01556778E+0 9.93000031E+1 2.93347500E+2
1.00199997E+2 1.01526251E+0 1.00300003E+2 2.93410000E+2
1.01199997E+2 1.01129428E+0 1.01300003E+2 2.93347500E+2
1.02199997E+2 1.01129428E+0 1.02300003E+2 2.93347500E+2
1.03199997E+2 1.01129428E+0 1.03300003E+2 2.93347500E+2
1.04199997E+2 1.01098901E+0 1.04300003E+2 2.93347500E+2
1.05199997E+2 1.01556778E+0 1.05300003E+2 2.93347500E+2
1.06199997E+2 1.01190478E+0 1.06300003E+2 2.93347500E+2
1.07199997E+2 1.01556778E+0 1.07300003E+2 2.93410000E+2
1.08199997E+2 1.01556778E+0 1.08300003E+2 2.93347500E+2
1.09199997E+2 1.01068377E+0 1.09300003E+2 2.93410000E+2
1.10199997E+2 1.01556778E+0 1.10300003E+2 2.93410000E+2
1.11199997E+2 1.01129428E+0 1.11300003E+2 2.93410000E+2
1.12199997E+2 1.01068377E+0 1.12300003E+2 2.93410000E+2
1.13199997E+2 1.01556778E+0 1.13300003E+2 2.93410000E+2
1.14199997E+2 1.01129428E+0 1.14300003E+2 2.93410000E+2
1.15199997E+2 1.01556778E+0 1.15300003E+2 2.93347500E+2
1.16199997E+2 1.01068377E+0 1.16300003E+2 2.93347500E+2
1.17199997E+2 1.01098901E+0 1.17300003E+2 2.93347500E+2
1.18199997E+2 1.01068377E+0 1.18300003E+2 2.93347500E+2
1.19199997E+2 1.01068377E+0 1.19300003E+2 2.93347500E+2
1.20199997E+2 1.01556778E+0 1.20300003E+2 2.93410000E+2
1.21199997E+2 1.01129428E+0 1.21300003E+2 2.93410000E+2
1.22199997E+2 1.01129428E+0 1.22300003E+2 2.93347500E+2
1.23199997E+2 1.01556778E+0 1.23300003E+2 2.93410000E+2
1.24199997E+2 1.01556778E+0 1.24300003E+2 2.93410000E+2
1.25199997E+2 1.01190478E+0 1.25300003E+2 2.93410000E+2
1.26199997E+2 1.01159951E+0 1.26300003E+2 2.93410000E+2
1.27300003E+2 1.01129428E+0 1.27300003E+2 2.93410000E+2
1.28300003E+2 1.01556778E+0 1.28300003E+2 2.93410000E+2
1.29300003E+2 1.01556778E+0 1.29300003E+2 2.93410000E+2
1.30300003E+2 1.01068377E+0 1.30300003E+2 2.93410000E+2
1.31300003E+2 1.01556778E+0 1.31399994E+2 2.93347500E+2
1.32300003E+2 1.01556778E+0 1.32399994E+2 2.93347500E+2
1.33300003E+2 1.01556778E+0 1.33399994E+2 2.93410000E+2
1.34300003E+2 1.01098901E+0 1.34399994E+2 2.93410000E+2
1.35300003E+2 1.01129428E+0 1.35399994E+2 2.93410000E+2
1.36399994E+2 1.01068377E+0 1.36399994E+2 2.93410000E+2
1.37399994E+2 1.01556778E+0 1.37500000E+2 2.93410000E+2
1.38399994E+2 1.01190478E+0 1.38399994E+2 2.93347500E+2
1.39399994E+2 1.01098901E+0 1.39500000E+2 2.93410000E+2
1.40399994E+2 1.01129428E+0 1.40500000E+2 2.93410000E+2
1.41399994E+2 1.01556778E+0 1.41500000E+2 2.93410000E+2
1.42399994E+2 1.01526251E+0 1.42500000E+2 2.93347500E+2
1.43399994E+2 1.01556778E+0 1.43500000E+2 2.93347500E+2
1.44399994E+2 1.01129428E+0 1.44500000E+2 2.93410000E+2
1.45399994E+2 1.01556778E+0 1.45500000E+2 2.93410000E+2
1.46399994E+2 1.01068377E+0 1.46500000E+2 2.93410000E+2
1.47399994E+2 1.01129428E+0 1.47500000E+2 2.93410000E+2
1.48500000E+2 1.01129428E+0 1.48500000E+2 2.93410000E+2
1.49500000E+2 1.01190478E+0 1.49500000E+2 2.93410000E+2
1.50500000E+2 1.01556778E+0 1.50500000E+2 2.93347500E+2
1.51500000E+2 1.01190478E+0 1.51500000E+2 2.93410000E+2
1.52500000E+2 1.01129428E+0 1.52500000E+2 2.93410000E+2
1.53500000E+2 1.01129428E+0 1.53500000E+2 2.93410000E+2
1.54500000E+2 1.01190478E+0 1.54500000E+2 2.93347500E+2
1.55500000E+2 1.01098901E+0 1.55500000E+2 2.93410000E+2
1.56500000E+2 1.01190478E+0 1.56500000E+2 2.93410000E+2
1.57500000E+2 1.01190478E+0 1.57500000E+2 2.93410000E+2
1.58500000E+2 1.01068377E+0 1.58500000E+2 2.93347500E+2
1.59500000E+2 1.01556778E+0 1.59500000E+2 2.93347500E+2
1.60500000E+2 1.01190478E+0 1.60500000E+2 2.93410000E+2
1.61500000E+2 1.01129428E+0 1.61500000E+2 2.93410000E+2
1.62500000E+2 1.01129428E+0 1.62500000E+2 2.93410000E+2
1.63500000E+2 1.01129428E+0 1.63500000E+2 2.93410000E+2
1.64500000E+2 1.01068377E+0 1.64500000E+2 2.93410000E+2
1.65500000E+2 1.01190478E+0 1.65500000E+2 2.93410000E+2
1.66500000E+2 1.01068377E+0 1.66500000E+2 2.93410000E+2
1.67500000E+2 1.01068377E+0 1.67500000E+2 2.93410000E+2
1.68500000E+2 1.01129428E+0 1.68600006E+2 2.93410000E+2
1.69500000E+2 1.01098901E+0 1.69500000E+2 2.93410000E+2
1.70500000E+2 1.01068377E+0 1.70500000E+2 2.93410000E+2
1.71500000E+2 1.01098901E+0 1.71500000E+2 2.93410000E+2
1.72500000E+2 1.01129428E+0 1.72500000E+2 2.93410000E+2
1.73500000E+2 1.01129428E+0 1.73500000E+2 2.93410000E+2
1.74500000E+2 1.01556778E+0 1.74500000E+2 2.93347500E+2
1.75500000E+2 1.01159951E+0 1.75500000E+2 2.93410000E+2
1.76500000E+2 1.01190478E+0 1.76500000E+2 2.93410000E+2
1.77500000E+2 1.01129428E+0 1.77500000E+2 2.93410000E+2
1.78500000E+2 1.01129428E+0 1.78500000E+2 2.93410000E+2
1.79500000E+2 1.01098901E+0 1.79500000E+2 2.93347500E+2
1.80500000E+2 1.01159951E+0 1.80500000E+2 2.93410000E+2
1.81500000E+2 1.01129428E+0 1.81500000E+2 2.93410000E+2
1.82500000E+2 1.01098901E+0 1.82500000E+2 2.93410000E+2
1.83500000E+2 1.01129428E+0 1.83600006E+2 2.93410000E+2
1.84500000E+2 1.01068377E+0 1.84500000E+2 2.93410000E+2
1.85500000E+2 1.01159951E+0 1.85500000E+2 2.93410000E+2
1.86500000E+2 1.01068377E+0 1.86500000E+2 2.93347500E+2
1.87500000E+2 1.01068377E+0 1.87500000E+2 2.93410000E+2
1.88500000E+2 1.01129428E+0 1.88500000E+2 2.93410000E+2
1.89500000E+2 1.01556778E+0 1.89500000E+2 2.93410000E+2
1.90500000E+2 1.01129428E+0 1.90500000E+2 2.93410000E+2
1.91500000E+2 1.01556778E+0 1.91500000E+2 2.93347500E+2
1.92500000E+2 1.01068377E+0 1.92500000E+2 2.93410000E+2
1.93500000E+2 1.01556778E+0 1.93500000E+2 2.93410000E+2
1.94500000E+2 1.01068377E+0 1.94500000E+2 2.93410000E+2
1.95500000E+2 1.01190478E+0 1.95500000E+2 2.93410000E+2
1.96500000E+2 1.01129428E+0 1.96500000E+2 2.93410000E+2
1.97500000E+2 1.01129428E+0 1.97500000E+2 2.93410000E+2
1.98500000E+2 1.01129428E+0 1.98500000E+2 2.93347500E+2
1.99500000E+2 1.01068377E+0 1.99500000E+2 2.93410000E+2
2.00500000E+2 1.01068377E+0 2.00500000E+2 2.93410000E+2
2.01500000E+2 1.01068377E+0 2.01500000E+2 2.93410000E+2
2.02500000E+2 1.01129428E+0 2.02500000E+2 2.93410000E+2
2.03500000E+2 1.01129428E+0 2.03500000E+2 2.93410000E+2
2.04500000E+2 1.01098901E+0 2.04500000E+2 2.93410000E+2
2.05500000E+2 1.01129428E+0 2.05500000E+2 2.93410000E+2
2.06500000E+2 1.01068377E+0 2.06500000E+2 2.93410000E+2
2.07500000E+2 1.01190478E+0 2.07500000E+2 2.93410000E+2
2.08500000E+2 1.01129428E+0 2.08500000E+2 2.93410000E+2
2.09500000E+2 1.01190478E+0 2.09500000E+2 2.93410000E+2
2.10500000E+2 1.01037851E+0 2.10500000E+2 2.93347500E+2
2.11500000E+2 1.01190478E+0 2.11500000E+2 2.93410000E+2
2.12500000E+2 1.01098901E+0 2.12500000E+2 2.93410000E+2
2.13500000E+2 1.01129428E+0 2.13500000E+2 2.93410000E+2
2.14500000E+2 1.01556778E+0 2.14500000E+2 2.93410000E+2
2.15500000E+2 1.01129428E+0 2.15500000E+2 2.93410000E+2
2.16500000E+2 1.01129428E+0 2.16500000E+2 2.93410000E+2
2.17500000E+2 1.01556778E+0 2.17500000E+2 2.93410000E+2
2.18500000E+2 1.01068377E+0 2.18500000E+2 2.93410000E+2
2.19500000E+2 1.01129428E+0 2.19500000E+2 2.93410000E+2
2.20500000E+2 1.01098901E+0 2.20500000E+2 2.93410000E+2
2.21500000E+2 1.01190478E+0 2.21500000E+2 2.93410000E+2
2.22500000E+2 1.01129428E+0 2.22500000E+2 2.93410000E+2
2.23500000E+2 1.01556778E+0 2.23500000E+2 2.93410000E+2
2.24500000E+2 1.01098901E+0 2.24500000E+2 2.93410000E+2
2.25500000E+2 1.01190478E+0 2.25500000E+2 2.93410000E+2
2.26500000E+2 1.01190478E+0 2.26500000E+2 2.93410000E+2
2.27500000E+2 1.01129428E+0 2.27500000E+2 2.93410000E+2
2.28500000E+2 1.01129428E+0 2.28500000E+2 2.93410000E+2
2.29500000E+2 1.01190478E+0 2.29500000E+2 2.93410000E+2
2.30500000E+2 1.01190478E+0 2.30500000E+2 2.93410000E+2
2.31500000E+2 1.01098901E+0 2.31500000E+2 2.93347500E+2
2.32500000E+2 1.01098901E+0 2.32500000E+2 2.93410000E+2
2.33500000E+2 1.01556778E+0 2.33500000E+2 2.93410000E+2
2.34500000E+2 1.01129428E+0 2.34500000E+2 2.93410000E+2
2.35500000E+2 1.01556778E+0 2.35500000E+2 2.93410000E+2
2.36500000E+2 1.01068377E+0 2.36500000E+2 2.93410000E+2
2.37500000E+2 1.01556778E+0 2.37500000E+2 2.93410000E+2
2.38500000E+2 1.01068377E+0 2.38500000E+2 2.93410000E+2
2.39500000E+2 1.01068377E+0 2.39500000E+2 2.93410000E+2
2.40500000E+2 1.01098901E+0 2.40500000E+2 2.93410000E+2
2.41500000E+2 1.01129428E+0 2.41500000E+2 2.93410000E+2
2.42500000E+2 1.01129428E+0 2.42500000E+2 2.93410000E+2
2.43500000E+2 1.01190478E+0 2.43500000E+2 2.93410000E+2
2.44500000E+2 1.01556778E+0 2.44500000E+2 2.93410000E+2
2.45500000E+2 1.01068377E+0 2.45500000E+2 2.93410000E+2
2.46500000E+2 1.01556778E+0 2.46500000E+2 2.93410000E+2
2.47500000E+2 1.01068377E+0 2.47500000E+2 2.93410000E+2
2.48500000E+2 1.01129428E+0 2.48500000E+2 2.93410000E+2
2.49500000E+2 1.01129428E+0 2.49500000E+2 2.93410000E+2
2.50500000E+2 1.01129428E+0 2.50500000E+2 2.93410000E+2
2.51500000E+2 1.01068377E+0 2.51500000E+2 2.93347500E+2
2.52500000E+2 1.01129428E+0 2.52500000E+2 2.93410000E+2
2.53500000E+2 1.01098901E+0 2.53500000E+2 2.93410000E+2
2.54500000E+2 1.01129428E+0 2.54500000E+2 2.93410000E+2
2.55500000E+2 1.01068377E+0 2.55500000E+2 2.93410000E+2
2.56500000E+2 1.01068377E+0 2.56500000E+2 2.93410000E+2
2.57500000E+2 1.01068377E+0 2.57500000E+2 2.93410000E+2
2.58500000E+2 1.01068377E+0 2.58500000E+2 2.93410000E+2
2.59500000E+2 1.01068377E+0 2.59500000E+2 2.93410000E+2
2.60500000E+2 1.01068377E+0 2.60500000E+2 2.93410000E+2
2.61500000E+2 1.01068377E+0 2.61500000E+2 2.93410000E+2
2.62500000E+2 1.01068377E+0 2.62500000E+2 2.93410000E+2
2.63500000E+2 1.01098901E+0 2.63500000E+2 2.93410000E+2
2.64500000E+2 1.01556778E+0 2.64500000E+2 2.93347500E+2
2.65500000E+2 1.01526251E+0 2.65500000E+2 2.93410000E+2
2.66500000E+2 1.01129428E+0 2.66500000E+2 2.93410000E+2
2.67500000E+2 1.01190478E+0 2.67500000E+2 2.93410000E+2
2.68500000E+2 1.01495728E+0 2.68500000E+2 2.93410000E+2
2.69500000E+2 1.01556778E+0 2.69500000E+2 2.93410000E+2
2.70500000E+2 1.01129428E+0 2.70500000E+2 2.93410000E+2
2.71500000E+2 1.01129428E+0 2.71500000E+2 2.93410000E+2
2.72500000E+2 1.01098901E+0 2.72500000E+2 2.93410000E+2
2.73500000E+2 1.01129428E+0 2.73500000E+2 2.93410000E+2
2.74500000E+2 1.01556778E+0 2.74500000E+2 2.93410000E+2
2.75500000E+2 1.01068377E+0 2.75500000E+2 2.93410000E+2
2.76500000E+2 1.01556778E+0 2.76500000E+2 2.93410000E+2
2.77500000E+2 1.01068377E+0 2.77600006E+2 2.93410000E+2
2.78500000E+2 1.01129428E+0 2.78500000E+2 2.93410000E+2
2.79500000E+2 1.01556778E+0 2.79500000E+2 2.93410000E+2
2.80500000E+2 1.01129428E+0 2.80500000E+2 2.93410000E+2
2.81500000E+2 1.01098901E+0 2.81500000E+2 2.93410000E+2
2.82500000E+2 1.01098901E+0 2.82500000E+2 2.93410000E+2
2.83500000E+2 1.01159951E+0 2.83500000E+2 2.93410000E+2
2.84500000E+2 1.01098901E+0 2.84500000E+2 2.93410000E+2
2.85500000E+2 1.01068377E+0 2.85500000E+2 2.93410000E+2
2.86500000E+2 1.01068377E+0 2.86500000E+2 2.93410000E+2
2.87500000E+2 1.01251528E+0 2.87500000E+2 2.93410000E+2
2.88500000E+2 1.01037851E+0 2.88500000E+2 2.93410000E+2
2.89500000E+2 1.01556778E+0 2.89500000E+2 2.93410000E+2
2.90500000E+2 1.01098901E+0 2.90500000E+2 2.93410000E+2
2.91500000E+2 1.01556778E+0 2.91500000E+2 2.93347500E+2
2.92500000E+2 1.01556778E+0 2.92500000E+2 2.93410000E+2
2.93500000E+2 1.01068377E+0 2.93500000E+2 2.93410000E+2
2.94500000E+2 1.01129428E+0 2.94500000E+2 2.93410000E+2
2.95500000E+2 1.01556778E+0 2.95500000E+2 2.93410000E+2
2.96500000E+2 1.01129428E+0 2.96500000E+2 2.93410000E+2
2.97500000E+2 1.01190478E+0 2.97500000E+2 2.93410000E+2
2.98500000E+2 1.01098901E+0 2.98500000E+2 2.93410000E+2
2.99500000E+2 1.01556778E+0 2.99500000E+2 2.93410000E+2
3.00500000E+2 1.01190478E+0 3.00500000E+2 2.93410000E+2
3.01500000E+2 1.01129428E+0 3.01500000E+2 2.93410000E+2
3.02500000E+2 1.01129428E+0 3.02600006E+2 2.93410000E+2
3.03500000E+2 1.01159951E+0 3.03600006E+2 2.93410000E+2
3.04500000E+2 1.01129428E+0 3.04600006E+2 2.93410000E+2
3.05500000E+2 1.01556778E+0 3.05600006E+2 2.93410000E+2
3.06500000E+2 1.01068377E+0 3.06600006E+2 2.93410000E+2
3.07600006E+2 1.01129428E+0 3.07600006E+2 2.93410000E+2
3.08600006E+2 1.01129428E+0 3.08600006E+2 2.93410000E+2
3.09600006E+2 1.01098901E+0 3.09600006E+2 2.93410000E+2
3.10600006E+2 1.01129428E+0 3.10700012E+2 2.93410000E+2
3.11600006E+2 1.01556778E+0 3.11700012E+2 2.93410000E+2
3.12600006E+2 1.01129428E+0 3.12700012E+2 2.93410000E+2
3.13600006E+2 1.01129428E+0 3.13700012E+2 2.93410000E+2
3.14600006E+2 1.01190478E+0 3.14700012E+2 2.93410000E+2
3.15600006E+2 1.01556778E+0 3.15700012E+2 2.93410000E+2
3.16600006E+2 1.01282051E+0 3.16700012E+2 2.93410000E+2
3.17600006E+2 1.01556778E+0 3.17700012E+2 2.93410000E+2
3.18600006E+2 1.01098901E+0 3.18700012E+2 2.93410000E+2
3.19600006E+2 1.01159951E+0 3.19700012E+2 2.93410000E+2
3.20600006E+2 1.01068377E+0 3.20700012E+2 2.93410000E+2
3.21600006E+2 1.01068377E+0 3.21700012E+2 2.93410000E+2
3.22600006E+2 1.01129428E+0 3.22700012E+2 2.93410000E+2
3.23600006E+2 1.01068377E+0 3.23700012E+2 2.93410000E+2
3.24600006E+2 1.01129428E+0 3.24700012E+2 2.93410000E+2
3.25600006E+2 1.01129428E+0 3.25700012E+2 2.93410000E+2
3.26600006E+2 1.01129428E+0 3.26700012E+2 2.93410000E+2
3.27600006E+2 1.01129428E+0 3.27700012E+2 2.93410000E+2
3.28600006E+2 1.01098901E+0 3.28700012E+2 2.93410000E+2
3.29600006E+2 1.01098901E+0 3.29700012E+2 2.93410000E+2
3.30600006E+2 1.01098901E+0 3.30700012E+2 2.93410000E+2
3.31600006E+2 1.01556778E+0 3.31700012E+2 2.93410000E+2
3.32600006E+2 1.01556778E+0 3.32700012E+2 2.93410000E+2
3.33600006E+2 1.01404151E+0 3.33700012E+2 2.93410000E+2
3.34600006E+2 1.01098901E+0 3.34700012E+2 2.93410000E+2
3.35600006E+2 1.01098901E+0 3.35700012E+2 2.93410000E+2
3.36600006E+2 1.01129428E+0 3.36700012E+2 2.93410000E+2
3.37600006E+2 1.01068377E+0 3.37700012E+2 2.93410000E+2
3.38600006E+2 1.01556778E+0 3.38700012E+2 2.93410000E+2
3.39600006E+2 1.01556778E+0 3.39700012E+2 2.93410000E+2
3.40600006E+2 1.01068377E+0 3.40700012E+2 2.93410000E+2
3.41600006E+2 1.01068377E+0 3.41700012E+2 2.93410000E+2
3.42600006E+2 1.01190478E+0 3.42700012E+2 2.93410000E+2
3.43600006E+2 1.01159951E+0 3.43700012E+2 2.93410000E+2
3.44600006E+2 1.01129428E+0 3.44700012E+2 2.93410000E+2
3.45600006E+2 1.01190478E+0 3.45700012E+2 2.93410000E+2
3.46600006E+2 1.01129428E+0 3.46700012E+2 2.93410000E+2
3.47600006E+2 1.01129428E+0 3.47700012E+2 2.93410000E+2
3.48600006E+2 1.01129428E+0 3.48700012E+2 2.93410000E+2
3.49600006E+2 1.01526251E+0 3.49700012E+2 2.93410000E+2
3.50600006E+2 1.01159951E+0 3.50700012E+2 2.93410000E+2
3.51600006E+2 1.01190478E+0 3.51700012E+2 2.93410000E+2
3.52600006E+2 1.01068377E+0 3.52700012E+2 2.93410000E+2
3.53600006E+2 1.01098901E+0 3.53700012E+2 2.93410000E+2
3.54600006E+2 1.01190478E+0 3.54700012E+2 2.93410000E+2
3.55600006E+2 1.01129428E+0 3.55700012E+2 2.93410000E+2
3.56600006E+2 1.01190478E+0 3.56700012E+2 2.93410000E+2
3.57600006E+2 1.01129428E+0 3.57700012E+2 2.93410000E+2
3.58600006E+2 1.01098901E+0 3.58700012E+2 2.93410000E+2
3.59600006E+2 1.01159951E+0 3.59700012E+2 2.93410000E+2
3.60600006E+2 1.01098901E+0 3.60700012E+2 2.93410000E+2
3.61600006E+2 1.01068377E+0 3.61700012E+2 2.93410000E+2
3.62600006E+2 1.01129428E+0 3.62700012E+2 2.93410000E+2
3.63600006E+2 1.01556778E+0 3.63700012E+2 2.93410000E+2
3.64600006E+2 1.01037851E+0 3.64700012E+2 2.93410000E+2
3.65600006E+2 1.01068377E+0 3.65700012E+2 2.93410000E+2
3.66600006E+2 1.01129428E+0 3.66700012E+2 2.93410000E+2
3.67600006E+2 1.01098901E+0 3.67700012E+2 2.93410000E+2
3.68600006E+2 1.01037851E+0 3.68700012E+2 2.93410000E+2
3.69600006E+2 1.01129428E+0 3.69700012E+2 2.93410000E+2
3.70600006E+2 1.01098901E+0 3.70700012E+2 2.93410000E+2
3.71600006E+2 1.01098901E+0 3.71700012E+2 2.93410000E+2
3.72600006E+2 1.01190478E+0 3.72700012E+2 2.93410000E+2
3.73600006E+2 1.01190478E+0 3.73700012E+2 2.93410000E+2
3.74600006E+2 1.01037851E+0 3.74700012E+2 2.93410000E+2
3.75600006E+2 1.01098901E+0 3.75700012E+2 2.93410000E+2
3.76600006E+2 1.01098901E+0 3.76700012E+2 2.93410000E+2
3.77600006E+2 1.01129428E+0 3.77700012E+2 2.93410000E+2
3.78600006E+2 1.01556778E+0 3.78700012E+2 2.93410000E+2
3.79700012E+2 1.01129428E+0 3.79700012E+2 2.93410000E+2
3.80700012E+2 1.01129428E+0 3.80700012E+2 2.93410000E+2
3.81700012E+2 1.01068377E+0 3.81700012E+2 2.93410000E+2
3.82700012E+2 1.01098901E+0 3.82700012E+2 2.93410000E+2
3.83700012E+2 1.01037851E+0 3.83700012E+2 2.93410000E+2
3.84700012E+2 1.01556778E+0 3.84799988E+2 2.93410000E+2
3.85700012E+2 1.01129428E+0 3.85799988E+2 2.93410000E+2
3.86700012E+2 1.01129428E+0 3.86799988E+2 2.93410000E+2
3.87700012E+2 1.01159951E+0 3.87799988E+2 2.93410000E+2
3.88700012E+2 1.01129428E+0 3.88799988E+2 2.93410000E+2
3.89700012E+2 1.01037851E+0 3.89799988E+2 2.93410000E+2
3.90700012E+2 1.01068377E+0 3.90799988E+2 2.93410000E+2
3.91700012E+2 1.01098901E+0 3.91799988E+2 2.93410000E+2
3.92700012E+2 1.01129428E+0 3.92799988E+2 2.93410000E+2
3.93700012E+2 1.01098901E+0 3.93799988E+2 2.93410000E+2
3.94700012E+2 1.01190478E+0 3.94799988E+2 2.93410000E+2
3.95700012E+2 1.01068377E+0 3.95799988E+2 2.93410000E+2
3.96700012E+2 1.01526251E+0 3.96799988E+2 2.93410000E+2
3.97700012E+2 1.01098901E+0 3.97799988E+2 2.93410000E+2
3.98799988E+2 1.01129428E+0 3.98799988E+2 2.93410000E+2
3.99799988E+2 1.01190478E+0 3.99799988E+2 2.93410000E+2
4.00799988E+2 1.01556778E+0 4.00799988E+2 2.93410000E+2
4.01799988E+2 1.01068377E+0 4.01799988E+2 2.93410000E+2
4.02799988E+2 1.01190478E+0 4.02899994E+2 2.93410000E+2
4.03799988E+2 1.01129428E+0 4.03899994E+2 2.93410000E+2
4.04799988E+2 1.01190478E+0 4.04899994E+2 2.93410000E+2
4.05799988E+2 1.01098901E+0 4.05899994E+2 2.93410000E+2
4.06799988E+2 1.01129428E+0 4.06899994E+2 2.93410000E+2
4.07899994E+2 1.01129428E+0 4.07899994E+2 2.93410000E+2
4.08899994E+2 1.01556778E+0 4.08899994E+2 2.93410000E+2
4.09899994E+2 1.01098901E+0 4.09899994E+2 2.93410000E+2
4.10899994E+2 1.01098901E+0 4.10899994E+2 2.93410000E+2
4.11899994E+2 1.01098901E+0 4.12000000E+2 2.93410000E+2
4.12899994E+2 1.01129428E+0 4.13000000E+2 2.93410000E+2
4.13899994E+2 1.01068377E+0 4.14000000E+2 2.93410000E+2
4.14899994E+2 1.01190478E+0 4.15000000E+2 2.93410000E+2
4.15899994E+2 1.01190478E+0 4.16000000E+2 2.93410000E+2
4.16899994E+2 1.01068377E+0 4.17000000E+2 2.93410000E+2
4.17899994E+2 1.01098901E+0 4.18000000E+2 2.93410000E+2
4.19000000E+2 1.01556778E+0 4.19000000E+2 2.93410000E+2
4.20000000E+2 1.01129428E+0 4.20000000E+2 2.93410000E+2
4.21000000E+2 1.01098901E+0 4.21000000E+2 2.93410000E+2
4.22000000E+2 1.01068377E+0 4.22000000E+2 2.93410000E+2
4.23000000E+2 1.01251528E+0 4.23000000E+2 2.93410000E+2
4.24000000E+2 1.01129428E+0 4.24000000E+2 2.93410000E+2
4.25000000E+2 1.01129428E+0 4.25000000E+2 2.93410000E+2
4.26000000E+2 1.01129428E+0 4.26000000E+2 2.93410000E+2
4.27000000E+2 1.01068377E+0 4.27000000E+2 2.93410000E+2
4.28000000E+2 1.01129428E+0 4.28000000E+2 2.93410000E+2
4.29000000E+2 1.01037851E+0 4.29000000E+2 2.93410000E+2
4.30000000E+2 1.01098901E+0 4.30000000E+2 2.93410000E+2
4.31000000E+2 1.01526251E+0 4.31000000E+2 2.93410000E+2
4.32000000E+2 1.01068377E+0 4.32000000E+2 2.93410000E+2
4.33000000E+2 1.01068377E+0 4.33000000E+2 2.93410000E+2
4.34000000E+2 1.01556778E+0 4.34000000E+2 2.93410000E+2
4.35000000E+2 1.01556778E+0 4.35000000E+2 2.93410000E+2
4.36000000E+2 1.01068377E+0 4.36000000E+2 2.93410000E+2
4.37000000E+2 1.01556778E+0 4.37000000E+2 2.93410000E+2
4.38000000E+2 1.01068377E+0 4.38000000E+2 2.93410000E+2
4.39000000E+2 1.01556778E+0 4.39000000E+2 2.93410000E+2
4.40000000E+2 1.01129428E+0 4.40000000E+2 2.93410000E+2
4.41000000E+2 1.01068377E+0 4.41000000E+2 2.93410000E+2
4.42000000E+2 1.01068377E+0 4.42000000E+2 2.93410000E+2
4.43000000E+2 1.01129428E+0 4.43000000E+2 2.93410000E+2
4.44000000E+2 1.01190478E+0 4.44000000E+2 2.93410000E+2
4.45000000E+2 1.01098901E+0 4.45000000E+2 2.93410000E+2
4.46000000E+2 1.01068377E+0 4.46000000E+2 2.93410000E+2
4.47000000E+2 1.01556778E+0 4.47000000E+2 2.93410000E+2
4.48000000E+2 1.01037851E+0 4.48000000E+2 2.93410000E+2
4.49000000E+2 1.01037851E+0 4.49000000E+2 2.93410000E+2
4.50000000E+2 1.01068377E+0 4.50000000E+2 2.93410000E+2
4.51000000E+2 1.01129428E+0 4.51000000E+2 2.93410000E+2
4.52000000E+2 1.01129428E+0 4.52000000E+2 2.93410000E+2
4.53000000E+2 1.01098901E+0 4.53000000E+2 2.93410000E+2
4.54000000E+2 1.01068377E+0 4.54000000E+2 2.93410000E+2
4.55000000E+2 1.01129428E+0 4.55000000E+2 2.93410000E+2
4.56000000E+2 1.01068377E+0 4.56000000E+2 2.93410000E+2
4.57000000E+2 1.01068377E+0 4.57000000E+2 2.93410000E+2
4.58000000E+2 1.01190478E+0 4.58000000E+2 2.93410000E+2
4.59000000E+2 1.01068377E+0 4.59000000E+2 2.93410000E+2
4.60000000E+2 1.01129428E+0 4.60000000E+2 2.93410000E+2
4.61000000E+2 1.01129428E+0 4.61000000E+2 2.93410000E+2
4.62000000E+2 1.01037851E+0 4.62000000E+2 2.93410000E+2
4.63000000E+2 1.01129428E+0 4.63000000E+2 2.93410000E+2
4.64000000E+2 1.01190478E+0 4.64000000E+2 2.93410000E+2
4.65000000E+2 1.01129428E+0 4.65000000E+2 2.93410000E+2
4.66000000E+2 1.01190478E+0 4.66000000E+2 2.93410000E+2
4.67000000E+2 1.01098901E+0 4.67000000E+2 2.93410000E+2
4.68000000E+2 1.01037851E+0 4.68000000E+2 2.93410000E+2
4.69000000E+2 1.01190478E+0 4.69000000E+2 2.93410000E+2
4.70000000E+2 1.01129428E+0 4.70000000E+2 2.93410000E+2
4.71000000E+2 1.01098901E+0 4.71000000E+2 2.93410000E+2
4.72000000E+2 1.01068377E+0 4.72000000E+2 2.93410000E+2
4.73000000E+2 1.01007327E+0 4.73000000E+2 2.93410000E+2
4.74000000E+2 1.01129428E+0 4.74100006E+2 2.93410000E+2
4.75000000E+2 1.01556778E+0 4.75000000E+2 2.93410000E+2
4.76000000E+2 1.01556778E+0 4.76000000E+2 2.93410000E+2
4.77000000E+2 1.01129428E+0 4.77000000E+2 2.93410000E+2
4.78000000E+2 1.01068377E+0 4.78000000E+2 2.93410000E+2
4.79000000E+2 1.01556778E+0 4.79000000E+2 2.93410000E+2
4.80000000E+2 1.01556778E+0 4.80000000E+2 2.93410000E+2
4.81000000E+2 1.01068377E+0 4.81000000E+2 2.93410000E+2
4.82000000E+2 1.01068377E+0 4.82000000E+2 2.93410000E+2
4.83000000E+2 1.01556778E+0 4.83000000E+2 2.93410000E+2
4.84000000E+2 1.01129428E+0 4.84000000E+2 2.93410000E+2
4.85000000E+2 1.01068377E+0 4.85000000E+2 2.93410000E+2
4.86000000E+2 1.01068377E+0 4.86000000E+2 2.93410000E+2
4.87000000E+2 1.01129428E+0 4.87000000E+2 2.93410000E+2
4.88000000E+2 1.01129428E+0 4.88000000E+2 2.93410000E+2
4.89000000E+2 1.01098901E+0 4.89000000E+2 2.93410000E+2
4.90000000E+2 1.01129428E+0 4.90000000E+2 2.93410000E+2
4.91000000E+2 1.01129428E+0 4.91000000E+2 2.93410000E+2
4.92000000E+2 1.01190478E+0 4.92000000E+2 2.93410000E+2
4.93000000E+2 1.01159951E+0 4.93000000E+2 2.93410000E+2
4.94000000E+2 1.01129428E+0 4.94000000E+2 2.93410000E+2
4.95000000E+2 1.01129428E+0 4.95000000E+2 2.93410000E+2
4.96000000E+2 1.01129428E+0 4.96000000E+2 2.93410000E+2
4.97000000E+2 1.01129428E+0 4.97000000E+2 2.93410000E+2
4.98000000E+2 1.01098901E+0 4.98000000E+2 2.93410000E+2
4.99000000E+2 1.01098901E+0 4.99000000E+2 2.93410000E+2
5.00000000E+2 1.01037851E+0 5.00000000E+2 2.93410000E+2
5.01000000E+2 1.01526251E+0 5.01000000E+2 2.93410000E+2
5.02000000E+2 1.01068377E+0 5.02000000E+2 2.93410000E+2
5.03000000E+2 1.01556778E+0 5.03000000E+2 2.93410000E+2
5.04000000E+2 1.01129428E+0 5.04000000E+2 2.93410000E+2
5.05000000E+2 1.01129428E+0 5.05000000E+2 2.93410000E+2
5.06000000E+2 1.01129428E+0 5.06000000E+2 2.93410000E+2
5.07000000E+2 1.01068377E+0 5.07000000E+2 2.93410000E+2
5.08000000E+2 1.01495728E+0 5.08000000E+2 2.93410000E+2
5.09000000E+2 1.01129428E+0 5.09000000E+2 2.93410000E+2
5.10000000E+2 1.01495728E+0 5.10000000E+2 2.93410000E+2
5.11000000E+2 1.01098901E+0 5.11000000E+2 2.93410000E+2
5.12000000E+2 1.01068377E+0 5.12000000E+2 2.93410000E+2
5.13000000E+2 1.01098901E+0 5.13000000E+2 2.93410000E+2
5.14000000E+2 1.01068377E+0 5.14000000E+2 2.93410000E+2
5.15000000E+2 1.01159951E+0 5.15000000E+2 2.93410000E+2
5.16000000E+2 1.01159951E+0 5.16000000E+2 2.93410000E+2
5.17000000E+2 1.01190478E+0 5.17000000E+2 2.93410000E+2
5.18000000E+2 1.01556778E+0 5.18000000E+2 2.93410000E+2
5.19000000E+2 1.01129428E+0 5.19000000E+2 2.93410000E+2
5.20000000E+2 1.01098901E+0 5.20000000E+2 2.93410000E+2
5.21000000E+2 1.01129428E+0 5.21000000E+2 2.93410000E+2
5.22000000E+2 1.01129428E+0 5.22000000E+2 2.93410000E+2
5.23000000E+2 1.01190478E+0 5.23000000E+2 2.93410000E+2
5.24000000E+2 1.01129428E+0 5.24000000E+2 2.93410000E+2
5.25000000E+2 1.01129428E+0 5.25000000E+2 2.93410000E+2
5.26000000E+2 1.01129428E+0 5.26000000E+2 2.93410000E+2
5.27000000E+2 1.01129428E+0 5.27000000E+2 2.93410000E+2
5.28000000E+2 1.01556778E+0 5.28000000E+2 2.93410000E+2
5.29000000E+2 1.01129428E+0 5.29000000E+2 2.93410000E+2
5.30000000E+2 1.01098901E+0 5.30000000E+2 2.93410000E+2
5.31000000E+2 1.01068377E+0 5.31000000E+2 2.93410000E+2
5.32000000E+2 1.01129428E+0 5.32000000E+2 2.93410000E+2
5.33000000E+2 1.01098901E+0 5.33000000E+2 2.93410000E+2
5.34000000E+2 1.01098901E+0 5.34000000E+2 2.93410000E+2
5.35000000E+2 1.01159951E+0 5.35000000E+2 2.93410000E+2
5.36000000E+2 1.01068377E+0 5.36000000E+2 2.93410000E+2
5.37000000E+2 1.01129428E+0 5.37000000E+2 2.93410000E+2
5.38000000E+2 1.01098901E+0 5.38000000E+2 2.93410000E+2
5.39000000E+2 1.01068377E+0 5.39000000E+2 2.93410000E+2
5.40000000E+2 1.01129428E+0 5.40000000E+2 2.93410000E+2
5.41000000E+2 1.01190478E+0 5.41000000E+2 2.93410000E+2
5.42000000E+2 1.01556778E+0 5.42000000E+2 2.93410000E+2
5.43000000E+2 1.01556778E+0 5.43000000E+2 2.93410000E+2
5.44000000E+2 1.01098901E+0 5.44000000E+2 2.93410000E+2
5.45000000E+2 1.01129428E+0 5.45000000E+2 2.93410000E+2
5.46000000E+2 1.01098901E+0 5.46000000E+2 2.93410000E+2
5.47000000E+2 1.01129428E+0 5.47000000E+2 2.93410000E+2
5.48000000E+2 1.01190478E+0 5.48000000E+2 2.93410000E+2
5.49000000E+2 1.01098901E+0 5.49000000E+2 2.93410000E+2
5.50000000E+2 1.01129428E+0 5.50000000E+2 2.93410000E+2
5.51000000E+2 1.01556778E+0 5.51000000E+2 2.93410000E+2
5.52000000E+2 1.01556778E+0 5.52000000E+2 2.93410000E+2
5.53000000E+2 1.01068377E+0 5.53000000E+2 2.93410000E+2
5.54000000E+2 1.01556778E+0 5.54000000E+2 2.93410000E+2
5.55000000E+2 1.01190478E+0 5.55000000E+2 2.93410000E+2
5.56000000E+2 1.01129428E+0 5.56000000E+2 2.93410000E+2
5.57000000E+2 1.01129428E+0 5.57099976E+2 2.93410000E+2
5.58000000E+2 1.01068377E+0 5.58099976E+2 2.93410000E+2
5.59000000E+2 1.01129428E+0 5.59099976E+2 2.93410000E+2
5.60000000E+2 1.01068377E+0 5.60099976E+2 2.93410000E+2
5.61000000E+2 1.01129428E+0 5.61099976E+2 2.93410000E+2
5.62000000E+2 1.01190478E+0 5.62099976E+2 2.93410000E+2
5.63099976E+2 1.01068377E+0 5.63099976E+2 2.93410000E+2
5.64099976E+2 1.01556778E+0 5.64099976E+2 2.93410000E+2
5.65099976E+2 1.01556778E+0 5.65099976E+2 2.93410000E+2
5.66099976E+2 1.01129428E+0 5.66200012E+2 2.93410000E+2
5.67099976E+2 1.01068377E+0 5.67200012E+2 2.93410000E+2
5.68099976E+2 1.01129428E+0 5.68200012E+2 2.93410000E+2
5.69099976E+2 1.01129428E+0 5.69200012E+2 2.93410000E+2
5.70099976E+2 1.01556778E+0 5.70200012E+2 2.93410000E+2
5.71099976E+2 1.01129428E+0 5.71200012E+2 2.93410000E+2
5.72099976E+2 1.01098901E+0 5.72200012E+2 2.93410000E+2
5.73099976E+2 1.01556778E+0 5.73200012E+2 2.93410000E+2
5.74099976E+2 1.01129428E+0 5.74200012E+2 2.93410000E+2
5.75099976E+2 1.01068377E+0 5.75200012E+2 2.93410000E+2
5.76099976E+2 1.01098901E+0 5.76200012E+2 2.93410000E+2
5.77099976E+2 1.01190478E+0 5.77200012E+2 2.93410000E+2
5.78099976E+2 1.01190478E+0 5.78200012E+2 2.93410000E+2
5.79099976E+2 1.01068377E+0 5.79200012E+2 2.93410000E+2
5.80099976E+2 1.01068377E+0 5.80200012E+2 2.93410000E+2
5.81099976E+2 1.01068377E+0 5.81200012E+2 2.93410000E+2
5.82099976E+2 1.01098901E+0 5.82200012E+2 2.93410000E+2
5.83099976E+2 1.01129428E+0 5.83200012E+2 2.93410000E+2
5.84099976E+2 1.01159951E+0 5.84200012E+2 2.93410000E+2
5.85099976E+2 1.01129428E+0 5.85200012E+2 2.93410000E+2
5.86099976E+2 1.01068377E+0 5.86200012E+2 2.93410000E+2
5.87099976E+2 1.01526251E+0 5.87200012E+2 2.93410000E+2
5.88099976E+2 1.01373628E+0 5.88200012E+2 2.93410000E+2
5.89099976E+2 1.01098901E+0 5.89200012E+2 2.93410000E+2
5.90099976E+2 1.01129428E+0 5.90200012E+2 2.93410000E+2
5.91099976E+2 1.01068377E+0 5.91200012E+2 2.93410000E+2
5.92099976E+2 1.01129428E+0 5.92200012E+2 2.93410000E+2
5.93099976E+2 1.01129428E+0 5.93200012E+2 2.93410000E+2
5.94099976E+2 1.01526251E+0 5.94200012E+2 2.93410000E+2
5.95099976E+2 1.01129428E+0 5.95200012E+2 2.93410000E+2
5.96099976E+2 1.01068377E+0 5.96200012E+2 2.93410000E+2
5.97099976E+2 1.01556778E+0 5.97200012E+2 2.93410000E+2
5.98099976E+2 1.01129428E+0 5.98200012E+2 2.93410000E+2
5.99099976E+2 1.01159951E+0 5.99200012E+2 2.93410000E+2
6.00200012E+2 1.01556778E+0 6.00200012E+2 2.93410000E+2
6.01200012E+2 1.01556778E+0 6.01200012E+2 2.93410000E+2
6.02200012E+2 1.01190478E+0 6.02200012E+2 2.93410000E+2
6.03200012E+2 1.01037851E+0 6.03200012E+2 2.93410000E+2
6.04200012E+2 1.01098901E+0 6.04299988E+2 2.93410000E+2
6.05200012E+2 1.01129428E+0 6.05299988E+2 2.93410000E+2
6.06200012E+2 1.01068377E+0 6.06299988E+2 2.93410000E+2
6.07200012E+2 1.01556778E+0 6.07299988E+2 2.93410000E+2
6.08200012E+2 1.01098901E+0 6.08299988E+2 2.93410000E+2
6.09200012E+2 1.01556778E+0 6.09299988E+2 2.93410000E+2
6.10200012E+2 1.01098901E+0 6.10299988E+2 2.93410000E+2
6.11200012E+2 1.01129428E+0 6.11299988E+2 2.93410000E+2
6.12200012E+2 1.01068377E+0 6.12299988E+2 2.93410000E+2
6.13200012E+2 1.01556778E+0 6.13299988E+2 2.93410000E+2
6.14200012E+2 1.01129428E+0 6.14299988E+2 2.93410000E+2
6.15200012E+2 1.01129428E+0 6.15299988E+2 2.93410000E+2
6.16200012E+2 1.01556778E+0 6.16299988E+2 2.93410000E+2
6.17200012E+2 1.01190478E+0 6.17299988E+2 2.93410000E+2
6.18200012E+2 1.01068377E+0 6.18299988E+2 2.93410000E+2
6.19200012E+2 1.01556778E+0 6.19299988E+2 2.93410000E+2
6.20200012E+2 1.01129428E+0 6.20299988E+2 2.93410000E+2
6.21200012E+2 1.01159951E+0 6.21299988E+2 2.93410000E+2
6.22200012E+2 1.01129428E+0 6.22299988E+2 2.93410000E+2
6.23200012E+2 1.01098901E+0 6.23299988E+2 2.93410000E+2
6.24200012E+2 1.01068377E+0 6.24299988E+2 2.93410000E+2
6.25200012E+2 1.01068377E+0 6.25299988E+2 2.93410000E+2
6.26200012E+2 1.01129428E+0 6.26299988E+2 2.93410000E+2
6.27200012E+2 1.01098901E+0 6.27299988E+2 2.93410000E+2
6.28200012E+2 1.01556778E+0 6.28299988E+2 2.93410000E+2
6.29200012E+2 1.01556778E+0 6.29299988E+2 2.93410000E+2
6.30200012E+2 1.01556778E+0 6.30299988E+2 2.93410000E+2
6.31200012E+2 1.01098901E+0 6.31299988E+2 2.93410000E+2
6.32200012E+2 1.01098901E+0 6.32299988E+2 2.93410000E+2
6.33200012E+2 1.01129428E+0 6.33299988E+2 2.93410000E+2
6.34200012E+2 1.01098901E+0 6.34299988E+2 2.93410000E+2
6.35200012E+2 1.01190478E+0 6.35299988E+2 2.93410000E+2
6.36200012E+2 1.01129428E+0 6.36299988E+2 2.93410000E+2
6.37200012E+2 1.01556778E+0 6.37299988E+2 2.93410000E+2
6.38200012E+2 1.01068377E+0 6.38299988E+2 2.93410000E+2
6.39200012E+2 1.01190478E+0 6.39299988E+2 2.93410000E+2
6.40200012E+2 1.01556778E+0 6.40299988E+2 2.93410000E+2
6.41200012E+2 1.01129428E+0 6.41299988E+2 2.93410000E+2
6.42200012E+2 1.01129428E+0 6.42299988E+2 2.93410000E+2
6.43200012E+2 1.01129428E+0 6.43299988E+2 2.93410000E+2
6.44200012E+2 1.01556778E+0 6.44299988E+2 2.93410000E+2
6.45200012E+2 1.01159951E+0 6.45299988E+2 2.93410000E+2
6.46200012E+2 1.01129428E+0 6.46299988E+2 2.93410000E+2
6.47200012E+2 1.01068377E+0 6.47299988E+2 2.93410000E+2
6.48200012E+2 1.01556778E+0 6.48299988E+2 2.93410000E+2
6.49200012E+2 1.01068377E+0 6.49299988E+2 2.93410000E+2
6.50200012E+2 1.01068377E+0 6.50299988E+2 2.93410000E+2
6.51200012E+2 1.01098901E+0 6.51299988E+2 2.93410000E+2
6.52200012E+2 1.01129428E+0 6.52299988E+2 2.93410000E+2
6.53200012E+2 1.01129428E+0 6.53299988E+2 2.93410000E+2
6.54200012E+2 1.01068377E+0 6.54299988E+2 2.93410000E+2
6.55200012E+2 1.01556778E+0 6.55299988E+2 2.93410000E+2
6.56200012E+2 1.01037851E+0 6.56299988E+2 2.93410000E+2
6.57200012E+2 1.01129428E+0 6.57299988E+2 2.93410000E+2
6.58200012E+2 1.01404151E+0 6.58299988E+2 2.93410000E+2
6.59200012E+2 1.01068377E+0 6.59299988E+2 2.93410000E+2
6.60200012E+2 1.01068377E+0 6.60299988E+2 2.93410000E+2
6.61200012E+2 1.01068377E+0 6.61299988E+2 2.93410000E+2
6.62200012E+2 1.01556778E+0 6.62299988E+2 2.93410000E+2
6.63200012E+2 1.01556778E+0 6.63299988E+2 2.93410000E+2
6.64200012E+2 1.01556778E+0 6.64299988E+2 2.93410000E+2
6.65200012E+2 1.01129428E+0 6.65299988E+2 2.93410000E+2
6.66200012E+2 1.01556778E+0 6.66299988E+2 2.93410000E+2
6.67200012E+2 1.01068377E+0 6.67299988E+2 2.93410000E+2
6.68200012E+2 1.01556778E+0 6.68299988E+2 2.93410000E+2
6.69200012E+2 1.01098901E+0 6.69299988E+2 2.93410000E+2
6.70200012E+2 1.01129428E+0 6.70299988E+2 2.93410000E+2
6.71200012E+2 1.01190478E+0 6.71299988E+2 2.93410000E+2
6.72200012E+2 1.01190478E+0 6.72299988E+2 2.93410000E+2
6.73200012E+2 1.01556778E+0 6.73299988E+2 2.93410000E+2
6.74200012E+2 1.01098901E+0 6.74299988E+2 2.93410000E+2
6.75200012E+2 1.01098901E+0 6.75299988E+2 2.93410000E+2
6.76200012E+2 1.01190478E+0 6.76299988E+2 2.93410000E+2
6.77200012E+2 1.01098901E+0 6.77299988E+2 2.93410000E+2
6.78200012E+2 1.01129428E+0 6.78299988E+2 2.93410000E+2
6.79200012E+2 1.01068377E+0 6.79299988E+2 2.93410000E+2
6.80200012E+2 1.01190478E+0 6.80299988E+2 2.93410000E+2
6.81200012E+2 1.01068377E+0 6.81299988E+2 2.93410000E+2
6.82200012E+2 1.01098901E+0 6.82299988E+2 2.93410000E+2
6.83200012E+2 1.01556778E+0 6.83299988E+2 2.93410000E+2
6.84200012E+2 1.01129428E+0 6.84299988E+2 2.93410000E+2
6.85200012E+2 1.01556778E+0 6.85299988E+2 2.93410000E+2
6.86200012E+2 1.01037851E+0 6.86299988E+2 2.93410000E+2
6.87200012E+2 1.01037851E+0 6.87299988E+2 2.93410000E+2
6.88200012E+2 1.01037851E+0 6.88299988E+2 2.93410000E+2
6.89200012E+2 1.01556778E+0 6.89299988E+2 2.93410000E+2
6.90200012E+2 1.01556778E+0 6.90299988E+2 2.93410000E+2
6.91200012E+2 1.01068377E+0 6.91299988E+2 2.93410000E+2
6.92200012E+2 1.01037851E+0 6.92299988E+2 2.93410000E+2
6.93200012E+2 1.01129428E+0 6.93299988E+2 2.93410000E+2
6.94200012E+2 1.01190478E+0 6.94299988E+2 2.93410000E+2
6.95200012E+2 1.01556778E+0 6.95299988E+2 2.93410000E+2
6.96200012E+2 1.01068377E+0 6.96299988E+2 2.93410000E+2
6.97200012E+2 1.01556778E+0 6.97299988E+2 2.93410000E+2
6.98200012E+2 1.01068377E+0 6.98299988E+2 2.93410000E+2
6.99200012E+2 1.01098901E+0 6.99299988E+2 2.93410000E+2
7.00200012E+2 1.01068377E+0 7.00299988E+2 2.93410000E+2
7.01200012E+2 1.01556778E+0 7.01299988E+2 2.93410000E+2
7.02200012E+2 1.01159951E+0 7.02299988E+2 2.93410000E+2
7.03200012E+2 1.01129428E+0 7.03299988E+2 2.93410000E+2
7.04200012E+2 1.01068377E+0 7.04299988E+2 2.93410000E+2
7.05200012E+2 1.01068377E+0 7.05299988E+2 2.93410000E+2
7.06200012E+2 1.01190478E+0 7.06299988E+2 2.93410000E+2
7.07200012E+2 1.01129428E+0 7.07299988E+2 2.93410000E+2
7.08200012E+2 1.01190478E+0 7.08299988E+2 2.93410000E+2
7.09200012E+2 1.01098901E+0 7.09299988E+2 2.93410000E+2
7.10200012E+2 1.01129428E+0 7.10299988E+2 2.93410000E+2
7.11200012E+2 1.01129428E+0 7.11299988E+2 2.93410000E+2
7.12200012E+2 1.01129428E+0 7.12299988E+2 2.93410000E+2
7.13299988E+2 1.01129428E+0 7.13299988E+2 2.93410000E+2
7.14299988E+2 1.01129428E+0 7.14299988E+2 2.93410000E+2
7.15299988E+2 1.01129428E+0 7.15299988E+2 2.93410000E+2
7.16299988E+2 1.01129428E+0 7.16299988E+2 2.93410000E+2
7.17299988E+2 1.01129428E+0 7.17299988E+2 2.93410000E+2
7.18299988E+2 1.01129428E+0 7.18299988E+2 2.93410000E+2
7.19299988E+2 1.01129428E+0 7.19299988E+2 2.93410000E+2
7.20299988E+2 1.01068377E+0 7.20299988E+2 2.93410000E+2
7.21299988E+2 1.01556778E+0 7.21299988E+2 2.93410000E+2
7.22299988E+2 1.01129428E+0 7.22400024E+2 2.93410000E+2
7.23299988E+2 1.01556778E+0 7.23400024E+2 2.93410000E+2
7.24299988E+2 1.01190478E+0 7.24400024E+2 2.93410000E+2
7.25299988E+2 1.01556778E+0 7.25400024E+2 2.93410000E+2
7.26299988E+2 1.01190478E+0 7.26400024E+2 2.93410000E+2
7.27299988E+2 1.01556778E+0 7.27400024E+2 2.93410000E+2
7.28299988E+2 1.01526251E+0 7.28400024E+2 2.93410000E+2
7.29299988E+2 1.01190478E+0 7.29400024E+2 2.93410000E+2
7.30299988E+2 1.01098901E+0 7.30400024E+2 2.93410000E+2
7.31400024E+2 1.01068377E+0 7.31400024E+2 2.93410000E+2
7.32299988E+2 1.01190478E+0 7.32400024E+2 2.93410000E+2
7.33299988E+2 1.01068377E+0 7.33400024E+2 2.93410000E+2
7.34299988E+2 1.01190478E+0 7.34400024E+2 2.93410000E+2
7.35400024E+2 1.01098901E+0 7.35400024E+2 2.93410000E+2
7.36299988E+2 1.01068377E+0 7.36400024E+2 2.93410000E+2
7.37299988E+2 1.01098901E+0 7.37400024E+2 2.93410000E+2
7.38400024E+2 1.01098901E+0 7.38400024E+2 2.93410000E+2
7.39299988E+2 1.01556778E+0 7.39400024E+2 2.93410000E+2
7.40299988E+2 1.01068377E+0 7.40400024E+2 2.93410000E+2
7.41299988E+2 1.01129428E+0 7.41400024E+2 2.93410000E+2
7.42400024E+2 1.01037851E+0 7.42400024E+2 2.93410000E+2
7.43299988E+2 1.01129428E+0 7.43400024E+2 2.93410000E+2
7.44400024E+2 1.01129428E+0 7.44400024E+2 2.93410000E+2
7.45299988E+2 1.01129428E+0 7.45400024E+2 2.93410000E+2
7.46400024E+2 1.01129428E+0 7.46400024E+2 2.93410000E+2
7.47299988E+2 1.01068377E+0 7.47400024E+2 2.93410000E+2
7.48400024E+2 1.01526251E+0 7.48400024E+2 2.93410000E+2
7.49299988E+2 1.01068377E+0 7.49400024E+2 2.93410000E+2
7.50299988E+2 1.01098901E+0 7.50400024E+2 2.93410000E+2
7.51299988E+2 1.01129428E+0 7.51400024E+2 2.93410000E+2
7.52299988E+2 1.01190478E+0 7.52400024E+2 2.93410000E+2
7.53299988E+2 1.01129428E+0 7.53400024E+2 2.93410000E+2
7.54299988E+2 1.01098901E+0 7.54400024E+2 2.93410000E+2
7.55299988E+2 1.01556778E+0 7.55400024E+2 2.93410000E+2
7.56400024E+2 1.01037851E+0 7.56400024E+2 2.93410000E+2
7.57299988E+2 1.01129428E+0 7.57400024E+2 2.93410000E+2
7.58299988E+2 1.01556778E+0 7.58400024E+2 2.93410000E+2
7.59299988E+2 1.01129428E+0 7.59400024E+2 2.93410000E+2
7.60400024E+2 1.01190478E+0 7.60400024E+2 2.93410000E+2
7.61299988E+2 1.01068377E+0 7.61400024E+2 2.93410000E+2
7.62299988E+2 1.01556778E+0 7.62400024E+2 2.93410000E+2
7.63299988E+2 1.01068377E+0 7.63400024E+2 2.93410000E+2
7.64400024E+2 1.01190478E+0 7.64400024E+2 2.93410000E+2
7.65299988E+2 1.01129428E+0 7.65400024E+2 2.93410000E+2
7.66299988E+2 1.01129428E+0 7.66400024E+2 2.93410000E+2
7.67299988E+2 1.01098901E+0 7.67400024E+2 2.93410000E+2
7.68299988E+2 1.01098901E+0 7.68400024E+2 2.93410000E+2
7.69299988E+2 1.01159951E+0 7.69400024E+2 2.93410000E+2
7.70299988E+2 1.01129428E+0 7.70400024E+2 2.93410000E+2
7.71299988E+2 1.01068377E+0 7.71400024E+2 2.93410000E+2
7.72299988E+2 1.01556778E+0 7.72400024E+2 2.93410000E+2
7.73299988E+2 1.01098901E+0 7.73400024E+2 2.93410000E+2
7.74299988E+2 1.01190478E+0 7.74400024E+2 2.93410000E+2
7.75299988E+2 1.01068377E+0 7.75400024E+2 2.93410000E+2
7.76299988E+2 1.01068377E+0 7.76400024E+2 2.93410000E+2
7.77299988E+2 1.01556778E+0 7.77400024E+2 2.93410000E+2
7.78299988E+2 1.01068377E+0 7.78400024E+2 2.93410000E+2
7.79299988E+2 1.01068377E+0 7.79400024E+2 2.93410000E+2
7.80299988E+2 1.01098901E+0 7.80400024E+2 2.93410000E+2
7.81299988E+2 1.01068377E+0 7.81400024E+2 2.93410000E+2
7.82299988E+2 1.01129428E+0 7.82400024E+2 2.93410000E+2
7.83299988E+2 1.01068377E+0 7.83400024E+2 2.93410000E+2
7.84400024E+2 1.01556778E+0 7.84400024E+2 2.93410000E+2
7.85400024E+2 1.01098901E+0 7.85400024E+2 2.93410000E+2
7.86400024E+2 1.01068377E+0 7.86400024E+2 2.93410000E+2
7.87299988E+2 1.01098901E+0 7.87400024E+2 2.93410000E+2
7.88299988E+2 1.01129428E+0 7.88400024E+2 2.93410000E+2
7.89299988E+2 1.01190478E+0 7.89400024E+2 2.93410000E+2
7.90299988E+2 1.01068377E+0 7.90400024E+2 2.93410000E+2
7.91400024E+2 1.01129428E+0 7.91400024E+2 2.93410000E+2
7.92299988E+2 1.01556778E+0 7.92400024E+2 2.93410000E+2
7.93299988E+2 1.01129428E+0 7.93400024E+2 2.93410000E+2
7.94400024E+2 1.01526251E+0 7.94400024E+2 2.93410000E+2
7.95400024E+2 1.01068377E+0 7.95400024E+2 2.93410000E+2
7.96299988E+2 1.01068377E+0 7.96400024E+2 2.93410000E+2
7.97299988E+2 1.01526251E+0 7.97400024E+2 2.93410000E+2
7.98299988E+2 1.01556778E+0 7.98400024E+2 2.93410000E+2
7.99299988E+2 1.01098901E+0 7.99400024E+2 2.93410000E+2
8.00299988E+2 1.01098901E+0 8.00400024E+2 2.93410000E+2
8.01299988E+2 1.01159951E+0 8.01400024E+2 2.93410000E+2
8.02299988E+2 1.01190478E+0 8.02400024E+2 2.93410000E+2
8.03400024E+2 1.01556778E+0 8.03400024E+2 2.93410000E+2
8.04299988E+2 1.01129428E+0 8.04400024E+2 2.93410000E+2
8.05299988E+2 1.01037851E+0 8.05400024E+2 2.93410000E+2
8.06299988E+2 1.01129428E+0 8.06400024E+2 2.93410000E+2
8.07400024E+2 1.01068377E+0 8.07400024E+2 2.93410000E+2
8.08400024E+2 1.01190478E+0 8.08400024E+2 2.93410000E+2
8.09299988E+2 1.01556778E+0 8.09400024E+2 2.93410000E+2
8.10299988E+2 1.01190478E+0 8.10400024E+2 2.93410000E+2
8.11400024E+2 1.01129428E+0 8.11400024E+2 2.93410000E+2
8.12299988E+2 1.01068377E+0 8.12400024E+2 2.93410000E+2
8.13299988E+2 1.01526251E+0 8.13400024E+2 2.93410000E+2
8.14400024E+2 1.01556778E+0 8.14400024E+2 2.93410000E+2
8.15400024E+2 1.01068377E+0 8.15400024E+2 2.93410000E+2
8.16299988E+2 1.01098901E+0 8.16400024E+2 2.93410000E+2
8.17299988E+2 1.01190478E+0 8.17400024E+2 2.93410000E+2
8.18299988E+2 1.01098901E+0 8.18400024E+2 2.93410000E+2
8.19299988E+2 1.01129428E+0 8.19400024E+2 2.93410000E+2
8.20400024E+2 1.01129428E+0 8.20400024E+2 2.93410000E+2
8.21299988E+2 1.01068377E+0 8.21400024E+2 2.93410000E+2
8.22299988E+2 1.01556778E+0 8.22400024E+2 2.93410000E+2
8.23299988E+2 1.01068377E+0 8.23400024E+2 2.93410000E+2
8.24400024E+2 1.01556778E+0 8.24400024E+2 2.93410000E+2
8.25299988E+2 1.01129428E+0 8.25400024E+2 2.93410000E+2
8.26299988E+2 1.01068377E+0 8.26400024E+2 2.93410000E+2
8.27299988E+2 1.01129428E+0 8.27400024E+2 2.93410000E+2
8.28400024E+2 1.01098901E+0 8.28400024E+2 2.93410000E+2
8.29299988E+2 1.01068377E+0 8.29400024E+2 2.93410000E+2
8.30299988E+2 1.01190478E+0 8.30400024E+2 2.93410000E+2
8.31400024E+2 1.01556778E+0 8.31400024E+2 2.93410000E+2
8.32400024E+2 1.01098901E+0 8.32400024E+2 2.93410000E+2
8.33299988E+2 1.01098901E+0 8.33400024E+2 2.93410000E+2
8.34299988E+2 1.01556778E+0 8.34400024E+2 2.93410000E+2
8.35299988E+2 1.01129428E+0 8.35400024E+2 2.93410000E+2
8.36400024E+2 1.01068377E+0 8.36400024E+2 2.93410000E+2
8.37299988E+2 1.01068377E+0 8.37400024E+2 2.93410000E+2
8.38400024E+2 1.01129428E+0 8.38400024E+2 2.93410000E+2
8.39299988E+2 1.01129428E+0 8.39400024E+2 2.93410000E+2
8.40299988E+2 1.01098901E+0 8.40400024E+2 2.93410000E+2
8.41299988E+2 1.01129428E+0 8.41400024E+2 2.93410000E+2
8.42299988E+2 1.01556778E+0 8.42400024E+2 2.93410000E+2
8.43299988E+2 1.01556778E+0 8.43400024E+2 2.93410000E+2
8.44299988E+2 1.01037851E+0 8.44400024E+2 2.93410000E+2
8.45299988E+2 1.01190478E+0 8.45400024E+2 2.93410000E+2
8.46400024E+2 1.01434678E+0 8.46400024E+2 2.93410000E+2
8.47299988E+2 1.01068377E+0 8.47400024E+2 2.93410000E+2
8.48299988E+2 1.01159951E+0 8.48400024E+2 2.93410000E+2
8.49400024E+2 1.01190478E+0 8.49400024E+2 2.93410000E+2
8.50299988E+2 1.01129428E+0 8.50400024E+2 2.93410000E+2
8.51299988E+2 1.01098901E+0 8.51400024E+2 2.93410000E+2
8.52299988E+2 1.01129428E+0 8.52400024E+2 2.93410000E+2
8.53400024E+2 1.01190478E+0 8.53400024E+2 2.93410000E+2
8.54400024E+2 1.01129428E+0 8.54400024E+2 2.93410000E+2
8.55400024E+2 1.01068377E+0 8.55400024E+2 2.93410000E+2
8.56299988E+2 1.01526251E+0 8.56400024E+2 2.93410000E+2
8.57299988E+2 1.01098901E+0 8.57400024E+2 2.93472500E+2
8.58299988E+2 1.01129428E+0 8.58400024E+2 2.93410000E+2
8.59299988E+2 1.01129428E+0 8.59400024E+2 2.93410000E+2
8.60299988E+2 1.01068377E+0 8.60400024E+2 2.93410000E+2
8.61299988E+2 1.01190478E+0 8.61400024E+2 2.93410000E+2
8.62299988E+2 1.01068377E+0 8.62400024E+2 2.93410000E+2
8.63400024E+2 1.01129428E+0 8.63400024E+2 2.93410000E+2
8.64299988E+2 1.01068377E+0 8.64400024E+2 2.93410000E+2
