0.00000000E+0 1.01221001E+0 1.00000001E-1 2.93410000E+2
1.20000005E+0 1.01139601E+0 1.29999995E+0 2.93410000E+2
2.20000005E+0 1.01058201E+0 2.29999995E+0 2.93410000E+2
3.20000005E+0 1.01058201E+0 3.29999995E+0 2.93410000E+2
4.30000019E+0 1.01221001E+0 4.30000019E+0 2.93410000E+2
5.19999981E+0 1.01139601E+0 5.30000019E+0 2.93410000E+2
6.30000019E+0 1.01139601E+0 6.30000019E+0 2.93410000E+2
7.30000019E+0 1.01058201E+0 7.30000019E+0 2.93410000E+2
8.30000019E+0 1.01221001E+0 8.39999962E+0 2.93472500E+2
9.30000019E+0 1.01139601E+0 9.30000019E+0 2.93410000E+2
1.03000002E+1 1.01139601E+0 1.03999996E+1 2.93410000E+2
1.13000002E+1 1.01058201E+0 1.13000002E+1 2.93410000E+2
1.23000002E+1 1.01139601E+0 1.23000002E+1 2.93410000E+2
1.33000002E+1 1.01058201E+0 1.33000002E+1 2.93410000E+2
1.43000002E+1 1.01221001E+0 1.43000002E+1 2.93410000E+2
1.53000002E+1 1.01221001E+0 1.53999996E+1 2.93410000E+2
1.62999992E+1 1.01058201E+0 1.63999996E+1 2.93410000E+2
1.72999992E+1 1.01098901E+0 1.72999992E+1 2.93410000E+2
1.82999992E+1 1.01058201E+0 1.82999992E+1 2.93410000E+2
1.92999992E+1 1.01221001E+0 1.93999996E+1 2.93410000E+2
2.02999992E+1 1.01139601E+0 2.02999992E+1 2.93410000E+2
2.12999992E+1 1.01058201E+0 2.12999992E+1 2.93410000E+2
2.22999992E+1 1.01139601E+0 2.22999992E+1 2.93410000E+2
2.32999992E+1 1.01098901E+0 2.33999996E+1 2.93410000E+2
2.42999992E+1 1.01098901E+0 2.43999996E+1 2.93410000E+2
2.52999992E+1 1.01017501E+0 2.52999992E+1 2.93410000E+2
2.62999992E+1 1.01139601E+0 2.62999992E+1 2.93410000E+2
2.72999992E+1 1.01221001E+0 2.73999996E+1 2.93410000E+2
2.82999992E+1 1.01139601E+0 2.82999992E+1 2.93410000E+2
2.92999992E+1 1.01139601E+0 2.93999996E+1 2.93410000E+2
3.02999992E+1 1.01221001E+0 3.02999992E+1 2.93410000E+2
3.12999992E+1 1.01139601E+0 3.13999996E+1 2.93410000E+2
3.22999992E+1 1.01221001E+0 3.22999992E+1 2.93410000E+2
3.32999992E+1 1.01058201E+0 3.34000015E+1 2.93410000E+2
3.42999992E+1 1.01139601E+0 3.42999992E+1 2.93410000E+2
3.52999992E+1 1.01221001E+0 3.54000015E+1 2.93410000E+2
3.62999992E+1 1.01221001E+0 3.64000015E+1 2.93410000E+2
3.72999992E+1 1.01221001E+0 3.72999992E+1 2.93410000E+2
3.82999992E+1 1.01221001E+0 3.82999992E+1 2.93410000E+2
3.92999992E+1 1.01058201E+0 3.94000015E+1 2.93410000E+2
4.02999992E+1 1.01058201E+0 4.04000015E+1 2.93410000E+2
4.12999992E+1 1.01221001E+0 4.14000015E+1 2.93410000E+2
4.22999992E+1 1.01058201E+0 4.24000015E+1 2.93410000E+2
4.32999992E+1 1.01098901E+0 4.34000015E+1 2.93410000E+2
4.42999992E+1 1.01098901E+0 4.44000015E+1 2.93410000E+2
4.54000015E+1 1.01098901E+0 4.54000015E+1 2.93410000E+2
4.64000015E+1 1.01098901E+0 4.65000000E+1 2.93410000E+2
4.74000015E+1 1.01058201E+0 4.75000000E+1 2.93410000E+2
4.84000015E+1 1.01221001E+0 4.85000000E+1 2.93410000E+2
4.94000015E+1 1.01221001E+0 4.95000000E+1 2.93410000E+2
5.04000015E+1 1.01139601E+0 5.05000000E+1 2.93410000E+2
5.14000015E+1 1.01221001E+0 5.15000000E+1 2.93410000E+2
5.24000015E+1 1.01058201E+0 5.25000000E+1 2.93410000E+2
5.34000015E+1 1.01058201E+0 5.35000000E+1 2.93410000E+2
5.44000015E+1 1.01058201E+0 5.45000000E+1 2.93410000E+2
5.54000015E+1 1.01098901E+0 5.55000000E+1 2.93410000E+2
5.64000015E+1 1.01098901E+0 5.65000000E+1 2.93410000E+2
5.74000015E+1 1.01058201E+0 5.75000000E+1 2.93410000E+2
5.84000015E+1 1.01221001E+0 5.85000000E+1 2.93410000E+2
5.94000015E+1 1.01221001E+0 5.95000000E+1 2.93410000E+2
6.04000015E+1 1.01180301E+0 6.05000000E+1 2.93410000E+2
6.14000015E+1 1.01098901E+0 6.15000000E+1 2.93410000E+2
6.24000015E+1 1.01139601E+0 6.25000000E+1 2.93410000E+2
6.34000015E+1 1.01139601E+0 6.35000000E+1 2.93410000E+2
6.44000015E+1 1.01058201E+0 6.45000000E+1 2.93410000E+2
6.54000015E+1 1.01221001E+0 6.55000000E+1 2.93410000E+2
6.64000015E+1 1.01139601E+0 6.65000000E+1 2.93410000E+2
6.74000015E+1 1.01139601E+0 6.75000000E+1 2.93410000E+2
6.84000015E+1 1.01139601E+0 6.85000000E+1 2.93410000E+2
6.94000015E+1 1.01221001E+0 6.95000000E+1 2.93410000E+2
7.04000015E+1 1.01221001E+0 7.05000000E+1 2.93410000E+2
7.14000015E+1 1.01058201E+0 7.15000000E+1 2.93410000E+2
7.24000015E+1 1.01098901E+0 7.25000000E+1 2.93410000E+2
7.34000015E+1 1.01098901E+0 7.35000000E+1 2.93410000E+2
7.44000015E+1 1.01139601E+0 7.45000000E+1 2.93410000E+2
7.54000015E+1 1.01139601E+0 7.55000000E+1 2.93410000E+2
7.64000015E+1 1.01221001E+0 7.65000000E+1 2.93410000E+2
7.74000015E+1 1.01221001E+0 7.75000000E+1 2.93410000E+2
7.84000015E+1 1.01139601E+0 7.85000000E+1 2.93410000E+2
7.94000015E+1 1.01221001E+0 7.95000000E+1 2.93410000E+2
8.04000015E+1 1.01139601E+0 8.05000000E+1 2.93410000E+2
8.14000015E+1 1.01139601E+0 8.15000000E+1 2.93410000E+2
8.24000015E+1 1.01058201E+0 8.25000000E+1 2.93410000E+2
8.34000015E+1 1.01221001E+0 8.35000000E+1 2.93410000E+2
8.44000015E+1 1.01221001E+0 8.45000000E+1 2.93410000E+2
8.54000015E+1 1.01180301E+0 8.55000000E+1 2.93410000E+2
8.64000015E+1 1.01139601E+0 8.65000000E+1 2.93410000E+2
8.74000015E+1 1.01098901E+0 8.75000000E+1 2.93410000E+2
8.84000015E+1 1.01139601E+0 8.85000000E+1 2.93410000E+2
8.94000015E+1 1.01139601E+0 8.95000000E+1 2.93410000E+2
9.04000015E+1 1.01098901E+0 9.05000000E+1 2.93410000E+2
9.14000015E+1 1.01221001E+0 9.15000000E+1 2.93410000E+2
9.24000015E+1 1.01058201E+0 9.25000000E+1 2.93410000E+2
9.34000015E+1 1.01139601E+0 9.35000000E+1 2.93410000E+2
9.44000015E+1 1.01058201E+0 9.45000000E+1 2.93410000E+2
9.54000015E+1 1.01139601E+0 9.55000000E+1 2.93410000E+2
9.64000015E+1 1.01098901E+0 9.65000000E+1 2.93410000E+2
9.74000015E+1 1.01221001E+0 9.75000000E+1 2.93410000E+2
9.84000015E+1 1.01098901E+0 9.85000000E+1 2.93410000E+2
9.94000015E+1 1.01098901E+0 9.95000000E+1 2.93410000E+2
1.00400002E+2 1.01221001E+0 1.00500000E+2 2.93410000E+2
1.01400002E+2 1.01180301E+0 1.01500000E+2 2.93410000E+2
1.02400002E+2 1.01221001E+0 1.02500000E+2 2.93410000E+2
1.03400002E+2 1.01058201E+0 1.03500000E+2 2.93410000E+2
1.04400002E+2 1.01139601E+0 1.04500000E+2 2.93410000E+2
1.05400002E+2 1.01098901E+0 1.05500000E+2 2.93410000E+2
1.06400002E+2 1.01058201E+0 1.06500000E+2 2.93410000E+2
1.07400002E+2 1.01058201E+0 1.07500000E+2 2.93410000E+2
1.08400002E+2 1.01221001E+0 1.08500000E+2 2.93410000E+2
1.09400002E+2 1.01058201E+0 1.09500000E+2 2.93410000E+2
1.10400002E+2 1.01139601E+0 1.10500000E+2 2.93410000E+2
1.11400002E+2 1.01098901E+0 1.11500000E+2 2.93410000E+2
1.12400002E+2 1.01139601E+0 1.12500000E+2 2.93410000E+2
1.13400002E+2 1.01058201E+0 1.13500000E+2 2.93410000E+2
1.14400002E+2 1.01139601E+0 1.14500000E+2 2.93410000E+2
1.15400002E+2 1.01139601E+0 1.15500000E+2 2.93410000E+2
1.16400002E+2 1.01139601E+0 1.16500000E+2 2.93410000E+2
1.17400002E+2 1.01139601E+0 1.17500000E+2 2.93410000E+2
1.18400002E+2 1.01139601E+0 1.18500000E+2 2.93410000E+2
1.19400002E+2 1.01098901E+0 1.19500000E+2 2.93410000E+2
1.20400002E+2 1.01098901E+0 1.20500000E+2 2.93410000E+2
1.21400002E+2 1.01221001E+0 1.21500000E+2 2.93410000E+2
1.22400002E+2 1.01058201E+0 1.22500000E+2 2.93410000E+2
1.23400002E+2 1.01058201E+0 1.23500000E+2 2.93410000E+2
1.24400002E+2 1.01058201E+0 1.24500000E+2 2.93410000E+2
1.25400002E+2 1.01221001E+0 1.25500000E+2 2.93410000E+2
1.26400002E+2 1.01221001E+0 1.26500000E+2 2.93410000E+2
1.27400002E+2 1.01221001E+0 1.27500000E+2 2.93410000E+2
1.28399994E+2 1.01139601E+0 1.28500000E+2 2.93410000E+2
1.29399994E+2 1.01058201E+0 1.29500000E+2 2.93410000E+2
1.30399994E+2 1.01139601E+0 1.30500000E+2 2.93410000E+2
1.31399994E+2 1.01221001E+0 1.31500000E+2 2.93410000E+2
1.32399994E+2 1.01139601E+0 1.32500000E+2 2.93410000E+2
1.33399994E+2 1.01017501E+0 1.33500000E+2 2.93410000E+2
1.34399994E+2 1.01139601E+0 1.34500000E+2 2.93410000E+2
1.35399994E+2 1.01139601E+0 1.35500000E+2 2.93410000E+2
1.36399994E+2 1.01058201E+0 1.36500000E+2 2.93410000E+2
1.37399994E+2 1.01058201E+0 1.37500000E+2 2.93410000E+2
1.38399994E+2 1.01058201E+0 1.38500000E+2 2.93410000E+2
1.39399994E+2 1.01139601E+0 1.39500000E+2 2.93410000E+2
1.40399994E+2 1.01017501E+0 1.40500000E+2 2.93410000E+2
1.41399994E+2 1.01180301E+0 1.41500000E+2 2.93410000E+2
1.42399994E+2 1.01139601E+0 1.42500000E+2 2.93410000E+2
1.43399994E+2 1.01058201E+0 1.43500000E+2 2.93410000E+2
1.44399994E+2 1.01139601E+0 1.44500000E+2 2.93410000E+2
1.45399994E+2 1.01221001E+0 1.45500000E+2 2.93410000E+2
1.46399994E+2 1.01058201E+0 1.46500000E+2 2.93410000E+2
1.47399994E+2 1.01221001E+0 1.47500000E+2 2.93410000E+2
1.48399994E+2 1.01139601E+0 1.48500000E+2 2.93410000E+2
1.49399994E+2 1.01098901E+0 1.49500000E+2 2.93410000E+2
1.50399994E+2 1.01180301E+0 1.50500000E+2 2.93410000E+2
1.51399994E+2 1.01139601E+0 1.51500000E+2 2.93410000E+2
1.52399994E+2 1.01221001E+0 1.52500000E+2 2.93410000E+2
1.53399994E+2 1.01058201E+0 1.53500000E+2 2.93410000E+2
1.54399994E+2 1.01139601E+0 1.54500000E+2 2.93410000E+2
1.55399994E+2 1.01017501E+0 1.55500000E+2 2.93410000E+2
1.56399994E+2 1.01221001E+0 1.56500000E+2 2.93410000E+2
1.57399994E+2 1.01058201E+0 1.57500000E+2 2.93410000E+2
1.58399994E+2 1.01546601E+0 1.58500000E+2 2.93410000E+2
1.59399994E+2 1.01098901E+0 1.59500000E+2 2.93410000E+2
1.60399994E+2 1.01139601E+0 1.60500000E+2 2.93410000E+2
1.61399994E+2 1.01098901E+0 1.61500000E+2 2.93410000E+2
1.62399994E+2 1.01098901E+0 1.62500000E+2 2.93410000E+2
1.63399994E+2 1.01221001E+0 1.63500000E+2 2.93410000E+2
1.64399994E+2 1.01139601E+0 1.64500000E+2 2.93410000E+2
1.65399994E+2 1.01180301E+0 1.65500000E+2 2.93410000E+2
1.66399994E+2 1.01139601E+0 1.66500000E+2 2.93410000E+2
1.67399994E+2 1.01221001E+0 1.67500000E+2 2.93410000E+2
1.68399994E+2 1.01221001E+0 1.68500000E+2 2.93410000E+2
1.69399994E+2 1.01058201E+0 1.69500000E+2 2.93410000E+2
1.70399994E+2 1.01139601E+0 1.70500000E+2 2.93410000E+2
1.71399994E+2 1.01139601E+0 1.71500000E+2 2.93410000E+2
1.72399994E+2 1.01221001E+0 1.72500000E+2 2.93410000E+2
1.73399994E+2 1.01383801E+0 1.73500000E+2 2.93410000E+2
1.74399994E+2 1.01221001E+0 1.74500000E+2 2.93410000E+2
1.75399994E+2 1.01221001E+0 1.75500000E+2 2.93410000E+2
1.76399994E+2 1.01221001E+0 1.76500000E+2 2.93410000E+2
1.77399994E+2 1.01139601E+0 1.77500000E+2 2.93410000E+2
1.78399994E+2 1.01139601E+0 1.78500000E+2 2.93410000E+2
1.79399994E+2 1.01098901E+0 1.79500000E+2 2.93410000E+2
1.80399994E+2 1.01139601E+0 1.80500000E+2 2.93410000E+2
1.81399994E+2 1.01221001E+0 1.81500000E+2 2.93410000E+2
1.82399994E+2 1.01017501E+0 1.82500000E+2 2.93410000E+2
1.83399994E+2 1.01017501E+0 1.83500000E+2 2.93410000E+2
1.84399994E+2 1.01139601E+0 1.84500000E+2 2.93410000E+2
1.85399994E+2 1.01139601E+0 1.85500000E+2 2.93410000E+2
1.86399994E+2 1.01098901E+0 1.86500000E+2 2.93410000E+2
1.87399994E+2 1.01221001E+0 1.87500000E+2 2.93410000E+2
1.88500000E+2 1.01098901E+0 1.88500000E+2 2.93410000E+2
1.89500000E+2 1.01302401E+0 1.89500000E+2 2.93410000E+2
1.90500000E+2 1.01139601E+0 1.90500000E+2 2.93410000E+2
1.91500000E+2 1.01098901E+0 1.91500000E+2 2.93410000E+2
1.92500000E+2 1.01098901E+0 1.92600006E+2 2.93410000E+2
1.93500000E+2 1.01139601E+0 1.93600006E+2 2.93410000E+2
1.94500000E+2 1.01058201E+0 1.94600006E+2 2.93410000E+2
1.95500000E+2 1.01098901E+0 1.95600006E+2 2.93410000E+2
1.96500000E+2 1.01098901E+0 1.96600006E+2 2.93410000E+2
1.97500000E+2 1.01139601E+0 1.97600006E+2 2.93410000E+2
1.98500000E+2 1.01139601E+0 1.98600006E+2 2.93410000E+2
1.99500000E+2 1.01139601E+0 1.99600006E+2 2.93410000E+2
2.00500000E+2 1.01058201E+0 2.00600006E+2 2.93410000E+2
2.01500000E+2 1.01139601E+0 2.01600006E+2 2.93410000E+2
2.02500000E+2 1.01221001E+0 2.02600006E+2 2.93410000E+2
2.03500000E+2 1.01139601E+0 2.03600006E+2 2.93410000E+2
2.04500000E+2 1.01017501E+0 2.04600006E+2 2.93410000E+2
2.05500000E+2 1.01221001E+0 2.05600006E+2 2.93410000E+2
2.06500000E+2 1.01221001E+0 2.06600006E+2 2.93410000E+2
2.07500000E+2 1.01058201E+0 2.07600006E+2 2.93410000E+2
2.08500000E+2 1.01098901E+0 2.08600006E+2 2.93410000E+2
2.09500000E+2 1.01017501E+0 2.09600006E+2 2.93410000E+2
2.10500000E+2 1.01098901E+0 2.10600006E+2 2.93410000E+2
2.11500000E+2 1.01221001E+0 2.11600006E+2 2.93410000E+2
2.12500000E+2 1.01139601E+0 2.12600006E+2 2.93410000E+2
2.13500000E+2 1.01017501E+0 2.13600006E+2 2.93410000E+2
2.14600006E+2 1.01098901E+0 2.14600006E+2 2.93410000E+2
2.15600006E+2 1.01221001E+0 2.15600006E+2 2.93410000E+2
2.16600006E+2 1.01221001E+0 2.16600006E+2 2.93410000E+2
2.17600006E+2 1.01058201E+0 2.17699997E+2 2.93410000E+2
2.18600006E+2 1.01017501E+0 2.18699997E+2 2.93410000E+2
2.19600006E+2 1.01058201E+0 2.19699997E+2 2.93410000E+2
2.20600006E+2 1.01139601E+0 2.20699997E+2 2.93410000E+2
2.21600006E+2 1.01058201E+0 2.21699997E+2 2.93410000E+2
2.22600006E+2 1.01098901E+0 2.22699997E+2 2.93410000E+2
2.23600006E+2 1.01098901E+0 2.23699997E+2 2.93410000E+2
2.24699997E+2 1.01180301E+0 2.24699997E+2 2.93410000E+2
2.25699997E+2 1.01221001E+0 2.25699997E+2 2.93410000E+2
2.26699997E+2 1.01058201E+0 2.26699997E+2 2.93410000E+2
2.27699997E+2 1.01098901E+0 2.27699997E+2 2.93410000E+2
2.28699997E+2 1.01139601E+0 2.28699997E+2 2.93410000E+2
2.29699997E+2 1.01221001E+0 2.29699997E+2 2.93410000E+2
2.30699997E+2 1.01139601E+0 2.30699997E+2 2.93410000E+2
2.31699997E+2 1.01139601E+0 2.31800003E+2 2.93410000E+2
2.32699997E+2 1.01098901E+0 2.32800003E+2 2.93410000E+2
2.33699997E+2 1.01221001E+0 2.33800003E+2 2.93410000E+2
2.34699997E+2 1.01139601E+0 2.34800003E+2 2.93410000E+2
2.35699997E+2 1.01221001E+0 2.35800003E+2 2.93410000E+2
2.36699997E+2 1.01058201E+0 2.36800003E+2 2.93410000E+2
2.37699997E+2 1.01139601E+0 2.37800003E+2 2.93410000E+2
2.38699997E+2 1.01098901E+0 2.38800003E+2 2.93410000E+2
2.39699997E+2 1.01139601E+0 2.39800003E+2 2.93410000E+2
2.40699997E+2 1.01098901E+0 2.40800003E+2 2.93410000E+2
2.41800003E+2 1.01098901E+0 2.41800003E+2 2.93410000E+2
2.42800003E+2 1.01139601E+0 2.42800003E+2 2.93410000E+2
2.43800003E+2 1.01221001E+0 2.43800003E+2 2.93410000E+2
2.44800003E+2 1.01058201E+0 2.44800003E+2 2.93410000E+2
2.45800003E+2 1.01139601E+0 2.45899994E+2 2.93410000E+2
2.46800003E+2 1.01058201E+0 2.46899994E+2 2.93410000E+2
2.47800003E+2 1.01139601E+0 2.47800003E+2 2.93410000E+2
2.48800003E+2 1.01139601E+0 2.48899994E+2 2.93410000E+2
2.49800003E+2 1.01139601E+0 2.49899994E+2 2.93410000E+2
2.50800003E+2 1.01221001E+0 2.50800003E+2 2.93410000E+2
2.51800003E+2 1.00976801E+0 2.51800003E+2 2.93410000E+2
2.52800003E+2 1.01058201E+0 2.52899994E+2 2.93410000E+2
2.53800003E+2 1.01098901E+0 2.53800003E+2 2.93410000E+2
2.54800003E+2 1.01098901E+0 2.54899994E+2 2.93410000E+2
2.55800003E+2 1.01017501E+0 2.55800003E+2 2.93410000E+2
2.56799988E+2 1.01098901E+0 2.56799988E+2 2.93410000E+2
2.57799988E+2 1.01139601E+0 2.57799988E+2 2.93410000E+2
2.58799988E+2 1.01098901E+0 2.58899994E+2 2.93410000E+2
2.59799988E+2 1.01139601E+0 2.59899994E+2 2.93410000E+2
2.60799988E+2 1.01098901E+0 2.60899994E+2 2.93410000E+2
2.61799988E+2 1.01139601E+0 2.61899994E+2 2.93410000E+2
2.62799988E+2 1.01058201E+0 2.62899994E+2 2.93410000E+2
2.63799988E+2 1.01098901E+0 2.63899994E+2 2.93410000E+2
2.64799988E+2 1.01139601E+0 2.64899994E+2 2.93410000E+2
2.65799988E+2 1.01180301E+0 2.65899994E+2 2.93410000E+2
2.66899994E+2 1.01221001E+0 2.66899994E+2 2.93410000E+2
2.67799988E+2 1.01139601E+0 2.67899994E+2 2.93410000E+2
2.68899994E+2 1.01098901E+0 2.68899994E+2 2.93410000E+2
2.69899994E+2 1.01139601E+0 2.70000000E+2 2.93410000E+2
2.70899994E+2 1.01221001E+0 2.70899994E+2 2.93410000E+2
2.71899994E+2 1.01139601E+0 2.72000000E+2 2.93410000E+2
2.72899994E+2 1.01221001E+0 2.73000000E+2 2.93410000E+2
2.73899994E+2 1.01058201E+0 2.74000000E+2 2.93410000E+2
2.74899994E+2 1.01221001E+0 2.75000000E+2 2.93410000E+2
2.75899994E+2 1.01180301E+0 2.76000000E+2 2.93410000E+2
2.76899994E+2 1.01098901E+0 2.77000000E+2 2.93410000E+2
2.77899994E+2 1.01058201E+0 2.78000000E+2 2.93410000E+2
2.78899994E+2 1.01139601E+0 2.79000000E+2 2.93410000E+2
2.79899994E+2 1.01221001E+0 2.80000000E+2 2.93410000E+2
2.80899994E+2 1.01098901E+0 2.81000000E+2 2.93410000E+2
2.81899994E+2 1.01139601E+0 2.82000000E+2 2.93410000E+2
2.82899994E+2 1.01221001E+0 2.83000000E+2 2.93410000E+2
2.83899994E+2 1.01058201E+0 2.84000000E+2 2.93410000E+2
2.84899994E+2 1.01139601E+0 2.85000000E+2 2.93410000E+2
2.85899994E+2 1.01017501E+0 2.86000000E+2 2.93410000E+2
2.86899994E+2 1.01058201E+0 2.87000000E+2 2.93410000E+2
2.87899994E+2 1.01058201E+0 2.88000000E+2 2.93410000E+2
2.88899994E+2 1.01139601E+0 2.89000000E+2 2.93410000E+2
2.89899994E+2 1.01343101E+0 2.90000000E+2 2.93410000E+2
2.90899994E+2 1.01221001E+0 2.91000000E+2 2.93410000E+2
2.90899994E+2 1.01221001E+0 2.91000000E+2 2.93410000E+2
2.91899994E+2 1.01098901E+0 2.92000000E+2 2.93410000E+2
2.91899994E+2 1.01180301E+0 2.92000000E+2 2.93410000E+2
2.92899994E+2 1.01017501E+0 2.93000000E+2 2.93410000E+2
2.92899994E+2 1.01139601E+0 2.93000000E+2 2.93410000E+2
2.93899994E+2 1.01221001E+0 2.94000000E+2 2.93410000E+2
2.93899994E+2 1.00732601E+0 2.94000000E+2 2.93410000E+2
2.94899994E+2 1.01058201E+0 2.95000000E+2 2.93410000E+2
2.94899994E+2 1.00732601E+0 2.95000000E+2 2.93410000E+2
2.95899994E+2 1.01383801E+0 2.96000000E+2 2.93410000E+2
2.95899994E+2 1.00773301E+0 2.96000000E+2 2.93410000E+2
2.96899994E+2 1.01098901E+0 2.97000000E+2 2.93410000E+2
2.96899994E+2 1.00773301E+0 2.97000000E+2 2.93410000E+2
2.97899994E+2 1.01098901E+0 2.98000000E+2 2.93410000E+2
2.97899994E+2 1.00814001E+0 2.98000000E+2 2.93410000E+2
2.98899994E+2 1.01139601E+0 2.99000000E+2 2.93410000E+2
2.98899994E+2 1.00895401E+0 2.99000000E+2 2.93410000E+2
2.99899994E+2 1.01098901E+0 3.00000000E+2 2.93410000E+2
2.99899994E+2 1.00773301E+0 3.00000000E+2 2.93410000E+2
3.00899994E+2 1.01098901E+0 3.01000000E+2 2.93410000E+2
3.00899994E+2 1.00814001E+0 3.01000000E+2 2.93410000E+2
3.01899994E+2 1.01221001E+0 3.02000000E+2 2.93410000E+2
3.01899994E+2 1.00732601E+0 3.02000000E+2 2.93410000E+2
3.02899994E+2 1.01221001E+0 3.03000000E+2 2.93410000E+2
3.02899994E+2 1.00773301E+0 3.03000000E+2 2.93410000E+2
3.03899994E+2 1.01139601E+0 3.04000000E+2 2.93410000E+2
3.03899994E+2 1.00814001E+0 3.04000000E+2 2.93410000E+2
3.04899994E+2 1.01139601E+0 3.05000000E+2 2.93410000E+2
3.04899994E+2 1.00773301E+0 3.05000000E+2 2.93410000E+2
3.05899994E+2 1.01058201E+0 3.06000000E+2 2.93410000E+2
3.05899994E+2 1.00895401E+0 3.06000000E+2 2.93410000E+2
3.06899994E+2 1.01058201E+0 3.07000000E+2 2.93410000E+2
3.06899994E+2 1.00895401E+0 3.07000000E+2 2.93410000E+2
3.07899994E+2 1.01180301E+0 3.08000000E+2 2.93410000E+2
3.07899994E+2 1.00773301E+0 3.08000000E+2 2.93410000E+2
3.08899994E+2 1.01221001E+0 3.09000000E+2 2.93410000E+2
3.08899994E+2 1.00895401E+0 3.09000000E+2 2.93410000E+2
3.09899994E+2 1.01139601E+0 3.10000000E+2 2.93410000E+2
3.09899994E+2 1.00773301E+0 3.10000000E+2 2.93410000E+2
3.10899994E+2 1.01139601E+0 3.11000000E+2 2.93410000E+2
3.10899994E+2 1.00773301E+0 3.11000000E+2 2.93410000E+2
3.11899994E+2 1.01139601E+0 3.12000000E+2 2.93410000E+2
3.11899994E+2 1.00773301E+0 3.12000000E+2 2.93410000E+2
3.12899994E+2 1.01139601E+0 3.13000000E+2 2.93410000E+2
3.12899994E+2 1.00814001E+0 3.13000000E+2 2.93410000E+2
3.13899994E+2 1.01058201E+0 3.14000000E+2 2.93410000E+2
3.13899994E+2 1.00895401E+0 3.14000000E+2 2.93410000E+2
3.14899994E+2 1.01221001E+0 3.15000000E+2 2.93410000E+2
3.14899994E+2 1.00814001E+0 3.15000000E+2 2.93410000E+2
3.15899994E+2 1.01139601E+0 3.16000000E+2 2.93410000E+2
3.15899994E+2 1.00895401E+0 3.16000000E+2 2.93410000E+2
3.16899994E+2 1.01139601E+0 3.17000000E+2 2.93410000E+2
3.16899994E+2 1.00732601E+0 3.17000000E+2 2.93410000E+2
3.17899994E+2 1.01221001E+0 3.18000000E+2 2.93410000E+2
3.17899994E+2 1.00773301E+0 3.18000000E+2 2.93410000E+2
3.18899994E+2 1.01058201E+0 3.19000000E+2 2.93410000E+2
3.18899994E+2 1.00814001E+0 3.19000000E+2 2.93410000E+2
3.19899994E+2 1.01058201E+0 3.20000000E+2 2.93410000E+2
3.19899994E+2 1.00732601E+0 3.20000000E+2 2.93410000E+2
3.20899994E+2 1.01221001E+0 3.21000000E+2 2.93410000E+2
3.20899994E+2 1.00814001E+0 3.21000000E+2 2.93410000E+2
3.21899994E+2 1.01098901E+0 3.22000000E+2 2.93410000E+2
3.21899994E+2 1.00814001E+0 3.22000000E+2 2.93410000E+2
3.22899994E+2 1.01098901E+0 3.23000000E+2 2.93410000E+2
3.22899994E+2 1.00895401E+0 3.23000000E+2 2.93410000E+2
3.23899994E+2 1.01058201E+0 3.24000000E+2 2.93410000E+2
3.23899994E+2 1.00732601E+0 3.24000000E+2 2.93410000E+2
3.24899994E+2 1.01098901E+0 3.25000000E+2 2.93410000E+2
3.24899994E+2 1.00732601E+0 3.25000000E+2 2.93410000E+2
3.25899994E+2 1.01139601E+0 3.26000000E+2 2.93410000E+2
3.26000000E+2 1.00732601E+0 3.26000000E+2 2.93410000E+2
3.26899994E+2 1.01058201E+0 3.27000000E+2 2.93410000E+2
3.26899994E+2 1.00814001E+0 3.27000000E+2 2.93410000E+2
3.27899994E+2 1.01221001E+0 3.28000000E+2 2.93410000E+2
3.27899994E+2 1.00814001E+0 3.28000000E+2 2.93410000E+2
3.28899994E+2 1.01058201E+0 3.29000000E+2 2.93410000E+2
3.28899994E+2 1.00814001E+0 3.29000000E+2 2.93410000E+2
3.29899994E+2 1.01098901E+0 3.30000000E+2 2.93410000E+2
3.29899994E+2 1.00814001E+0 3.30000000E+2 2.93410000E+2
3.30899994E+2 1.01221001E+0 3.31000000E+2 2.93410000E+2
3.30899994E+2 1.00895401E+0 3.31000000E+2 2.93410000E+2
3.31899994E+2 1.01139601E+0 3.32000000E+2 2.93410000E+2
3.31899994E+2 1.00773301E+0 3.32000000E+2 2.93410000E+2
3.32899994E+2 1.01139601E+0 3.33000000E+2 2.93410000E+2
3.32899994E+2 1.00895401E+0 3.33000000E+2 2.93410000E+2
3.33899994E+2 1.01098901E+0 3.34000000E+2 2.93410000E+2
3.33899994E+2 1.00895401E+0 3.34000000E+2 2.93410000E+2
3.34899994E+2 1.01098901E+0 3.35000000E+2 2.93410000E+2
3.34899994E+2 1.00814001E+0 3.35000000E+2 2.93410000E+2
3.35899994E+2 1.01058201E+0 3.36000000E+2 2.93410000E+2
3.35899994E+2 1.00732601E+0 3.36000000E+2 2.93410000E+2
3.36899994E+2 1.01058201E+0 3.37000000E+2 2.93410000E+2
3.36899994E+2 1.00773301E+0 3.37000000E+2 2.93410000E+2
3.37899994E+2 1.01058201E+0 3.38000000E+2 2.93410000E+2
3.37899994E+2 1.00895401E+0 3.38000000E+2 2.93410000E+2
3.38899994E+2 1.01058201E+0 3.39000000E+2 2.93410000E+2
3.38899994E+2 1.00773301E+0 3.39000000E+2 2.93410000E+2
3.39899994E+2 1.01017501E+0 3.40000000E+2 2.93410000E+2
3.39899994E+2 1.00895401E+0 3.40000000E+2 2.93410000E+2
3.40899994E+2 1.01221001E+0 3.41000000E+2 2.93410000E+2
3.40899994E+2 1.00895401E+0 3.41000000E+2 2.93410000E+2
3.41899994E+2 1.01139601E+0 3.42000000E+2 2.93410000E+2
3.41899994E+2 1.00895401E+0 3.42000000E+2 2.93410000E+2
3.42899994E+2 1.01098901E+0 3.43000000E+2 2.93410000E+2
3.42899994E+2 1.00814001E+0 3.43000000E+2 2.93410000E+2
3.43899994E+2 1.01221001E+0 3.44000000E+2 2.93410000E+2
3.43899994E+2 1.00773301E+0 3.44000000E+2 2.93410000E+2
3.44899994E+2 1.01139601E+0 3.45000000E+2 2.93410000E+2
3.44899994E+2 1.00814001E+0 3.45000000E+2 2.93410000E+2
3.45899994E+2 1.01221001E+0 3.46000000E+2 2.93410000E+2
3.45899994E+2 1.00814001E+0 3.46000000E+2 2.93410000E+2
3.46899994E+2 1.01221001E+0 3.47000000E+2 2.93410000E+2
3.46899994E+2 1.00773301E+0 3.47000000E+2 2.93410000E+2
3.47899994E+2 1.01221001E+0 3.48000000E+2 2.93410000E+2
3.47899994E+2 1.00814001E+0 3.48000000E+2 2.93410000E+2
3.48899994E+2 1.01017501E+0 3.49000000E+2 2.93410000E+2
3.48899994E+2 1.00732601E+0 3.49000000E+2 2.93410000E+2
3.49899994E+2 1.01017501E+0 3.50000000E+2 2.93410000E+2
3.49899994E+2 1.00895401E+0 3.50000000E+2 2.93410000E+2
3.50899994E+2 1.01221001E+0 3.51000000E+2 2.93410000E+2
3.50899994E+2 1.00773301E+0 3.51000000E+2 2.93410000E+2
3.51899994E+2 1.01221001E+0 3.52000000E+2 2.93410000E+2
3.51899994E+2 1.00773301E+0 3.52000000E+2 2.93410000E+2
3.52899994E+2 1.01098901E+0 3.53000000E+2 2.93410000E+2
3.52899994E+2 1.00814001E+0 3.53000000E+2 2.93410000E+2
3.53899994E+2 1.01058201E+0 3.54000000E+2 2.93410000E+2
3.53899994E+2 1.00773301E+0 3.54000000E+2 2.93410000E+2
3.54899994E+2 1.01139601E+0 3.55000000E+2 2.93410000E+2
3.54899994E+2 1.00814001E+0 3.55000000E+2 2.93410000E+2
3.55899994E+2 1.01058201E+0 3.56000000E+2 2.93410000E+2
3.55899994E+2 1.00895401E+0 3.56000000E+2 2.93410000E+2
3.56899994E+2 1.01098901E+0 3.57000000E+2 2.93410000E+2
3.56899994E+2 1.00854701E+0 3.57000000E+2 2.93410000E+2
3.57899994E+2 1.01058201E+0 3.58000000E+2 2.93410000E+2
3.57899994E+2 1.00732601E+0 3.58000000E+2 2.93410000E+2
3.58899994E+2 1.01098901E+0 3.59000000E+2 2.93410000E+2
3.58899994E+2 1.00773301E+0 3.59000000E+2 2.93410000E+2
3.59899994E+2 1.01098901E+0 3.60000000E+2 2.93410000E+2
3.59899994E+2 1.00814001E+0 3.60000000E+2 2.93410000E+2
3.60899994E+2 1.01058201E+0 3.61000000E+2 2.93410000E+2
3.60899994E+2 1.00895401E+0 3.61000000E+2 2.93410000E+2
3.61899994E+2 1.01221001E+0 3.62000000E+2 2.93410000E+2
3.61899994E+2 1.00895401E+0 3.62000000E+2 2.93410000E+2
3.62899994E+2 1.01058201E+0 3.63000000E+2 2.93410000E+2
3.62899994E+2 1.00895401E+0 3.63000000E+2 2.93410000E+2
3.63899994E+2 1.01221001E+0 3.64000000E+2 2.93410000E+2
3.63899994E+2 1.00773301E+0 3.64000000E+2 2.93410000E+2
3.64899994E+2 1.01058201E+0 3.65000000E+2 2.93410000E+2
3.64899994E+2 1.00814001E+0 3.65000000E+2 2.93410000E+2
3.65899994E+2 1.01098901E+0 3.66000000E+2 2.93410000E+2
3.65899994E+2 1.00814001E+0 3.66000000E+2 2.93410000E+2
3.66899994E+2 1.01221001E+0 3.67000000E+2 2.93410000E+2
3.66899994E+2 1.00854701E+0 3.67000000E+2 2.93410000E+2
3.67899994E+2 1.01058201E+0 3.68000000E+2 2.93410000E+2
3.67899994E+2 1.00773301E+0 3.68000000E+2 2.93410000E+2
3.68899994E+2 1.00814001E+0 3.69000000E+2 2.93410000E+2
3.69899994E+2 1.00773301E+0 3.70000000E+2 2.93410000E+2
3.70899994E+2 1.00895401E+0 3.71000000E+2 2.93410000E+2
3.71899994E+2 1.00773301E+0 3.72000000E+2 2.93410000E+2
3.72899994E+2 1.00773301E+0 3.73000000E+2 2.93410000E+2
3.73899994E+2 1.00895401E+0 3.74000000E+2 2.93410000E+2
3.74899994E+2 1.00814001E+0 3.75000000E+2 2.93410000E+2
3.75899994E+2 1.00814001E+0 3.76000000E+2 2.93410000E+2
3.76899994E+2 1.00895401E+0 3.77000000E+2 2.93410000E+2
3.77899994E+2 1.00814001E+0 3.78000000E+2 2.93410000E+2
3.78899994E+2 1.00814001E+0 3.79000000E+2 2.93410000E+2
3.79899994E+2 1.00895401E+0 3.80000000E+2 2.93410000E+2
3.80899994E+2 1.00773301E+0 3.81000000E+2 2.93410000E+2
3.81899994E+2 1.00732601E+0 3.82000000E+2 2.93410000E+2
3.82899994E+2 1.00814001E+0 3.83000000E+2 2.93410000E+2
3.83899994E+2 1.00814001E+0 3.84000000E+2 2.93410000E+2
3.84899994E+2 1.00773301E+0 3.85000000E+2 2.93410000E+2
3.85899994E+2 1.00814001E+0 3.86000000E+2 2.93410000E+2
3.86899994E+2 1.00814001E+0 3.87000000E+2 2.93410000E+2
3.87899994E+2 1.00895401E+0 3.88000000E+2 2.93410000E+2
3.88899994E+2 1.00895401E+0 3.89000000E+2 2.93410000E+2
3.89899994E+2 1.00814001E+0 3.90000000E+2 2.93410000E+2
3.90899994E+2 1.00814001E+0 3.91000000E+2 2.93410000E+2
3.91899994E+2 1.00895401E+0 3.92000000E+2 2.93410000E+2
3.92899994E+2 1.00895401E+0 3.93000000E+2 2.93410000E+2
3.93899994E+2 1.00773301E+0 3.94000000E+2 2.93410000E+2
3.94899994E+2 1.00854701E+0 3.95000000E+2 2.93410000E+2
3.95899994E+2 1.00773301E+0 3.96000000E+2 2.93410000E+2
3.96899994E+2 1.00773301E+0 3.97000000E+2 2.93410000E+2
3.97899994E+2 1.00773301E+0 3.98000000E+2 2.93410000E+2
3.98899994E+2 1.00773301E+0 3.99000000E+2 2.93410000E+2
3.99899994E+2 1.00895401E+0 4.00000000E+2 2.93410000E+2
4.00899994E+2 1.00854701E+0 4.01000000E+2 2.93410000E+2
4.01899994E+2 1.00895401E+0 4.02000000E+2 2.93410000E+2
4.02899994E+2 1.00814001E+0 4.03000000E+2 2.93410000E+2
4.03899994E+2 1.00895401E+0 4.04000000E+2 2.93410000E+2
4.05000000E+2 1.00895401E+0 4.05000000E+2 2.93410000E+2
4.06000000E+2 1.00854701E+0 4.06000000E+2 2.93410000E+2
4.07000000E+2 1.00895401E+0 4.07000000E+2 2.93410000E+2
4.08000000E+2 1.00895401E+0 4.08000000E+2 2.93410000E+2
4.09000000E+2 1.00814001E+0 4.09000000E+2 2.93410000E+2
4.10000000E+2 1.00895401E+0 4.10000000E+2 2.93410000E+2
4.11000000E+2 1.00814001E+0 4.11000000E+2 2.93410000E+2
4.12000000E+2 1.00814001E+0 4.12000000E+2 2.93410000E+2
4.13000000E+2 1.00773301E+0 4.13000000E+2 2.93410000E+2
4.14000000E+2 1.00895401E+0 4.14000000E+2 2.93410000E+2
4.15000000E+2 1.00854701E+0 4.15100006E+2 2.93410000E+2
4.16000000E+2 1.00895401E+0 4.16100006E+2 2.93410000E+2
4.17000000E+2 1.00814001E+0 4.17100006E+2 2.93410000E+2
4.18000000E+2 1.00814001E+0 4.18100006E+2 2.93410000E+2
4.19000000E+2 1.00895401E+0 4.19100006E+2 2.93410000E+2
4.20000000E+2 1.00814001E+0 4.20100006E+2 2.93410000E+2
4.21000000E+2 1.00732601E+0 4.21100006E+2 2.93410000E+2
4.22000000E+2 1.00895401E+0 4.22100006E+2 2.93410000E+2
4.23000000E+2 1.00773301E+0 4.23100006E+2 2.93410000E+2
4.24000000E+2 1.00773301E+0 4.24100006E+2 2.93410000E+2
4.25000000E+2 1.00814001E+0 4.25100006E+2 2.93410000E+2
4.26000000E+2 1.00773301E+0 4.26100006E+2 2.93410000E+2
4.27000000E+2 1.00895401E+0 4.27100006E+2 2.93410000E+2
4.28000000E+2 1.00814001E+0 4.28100006E+2 2.93410000E+2
4.29000000E+2 1.00895401E+0 4.29100006E+2 2.93410000E+2
4.30000000E+2 1.00773301E+0 4.30100006E+2 2.93410000E+2
4.31000000E+2 1.00814001E+0 4.31100006E+2 2.93410000E+2
4.32000000E+2 1.00814001E+0 4.32100006E+2 2.93410000E+2
4.33000000E+2 1.00895401E+0 4.33100006E+2 2.93410000E+2
4.34000000E+2 1.00895401E+0 4.34100006E+2 2.93410000E+2
4.35000000E+2 1.00895401E+0 4.35100006E+2 2.93410000E+2
4.36000000E+2 1.00773301E+0 4.36100006E+2 2.93410000E+2
4.37000000E+2 1.00773301E+0 4.37100006E+2 2.93410000E+2
4.38000000E+2 1.00895401E+0 4.38100006E+2 2.93410000E+2
4.39000000E+2 1.00854701E+0 4.39100006E+2 2.93410000E+2
4.40000000E+2 1.00854701E+0 4.40100006E+2 2.93410000E+2
4.41000000E+2 1.00895401E+0 4.41100006E+2 2.93410000E+2
4.42000000E+2 1.00773301E+0 4.42100006E+2 2.93410000E+2
4.43000000E+2 1.00895401E+0 4.43100006E+2 2.93410000E+2
4.44000000E+2 1.00895401E+0 4.44100006E+2 2.93410000E+2
4.45000000E+2 1.00814001E+0 4.45100006E+2 2.93410000E+2
4.46000000E+2 1.00773301E+0 4.46100006E+2 2.93410000E+2
4.47000000E+2 1.00814001E+0 4.47100006E+2 2.93410000E+2
4.48000000E+2 1.00732601E+0 4.48100006E+2 2.93410000E+2
4.49000000E+2 1.00732601E+0 4.49100006E+2 2.93410000E+2
4.50000000E+2 1.00814001E+0 4.50100006E+2 2.93410000E+2
4.51000000E+2 1.00895401E+0 4.51100006E+2 2.93410000E+2
4.52000000E+2 1.00814001E+0 4.52100006E+2 2.93410000E+2
4.53000000E+2 1.00773301E+0 4.53100006E+2 2.93410000E+2
4.54000000E+2 1.00814001E+0 4.54100006E+2 2.93410000E+2
4.55000000E+2 1.00814001E+0 4.55100006E+2 2.93410000E+2
4.56000000E+2 1.00814001E+0 4.56100006E+2 2.93410000E+2
4.57000000E+2 1.00814001E+0 4.57100006E+2 2.93410000E+2
4.58000000E+2 1.00895401E+0 4.58100006E+2 2.93410000E+2
4.59000000E+2 1.00732601E+0 4.59100006E+2 2.93410000E+2
4.60000000E+2 1.00895401E+0 4.60100006E+2 2.93410000E+2
4.61000000E+2 1.00895401E+0 4.61100006E+2 2.93410000E+2
4.62000000E+2 1.00814001E+0 4.62100006E+2 2.93410000E+2
4.63000000E+2 1.00895401E+0 4.63100006E+2 2.93410000E+2
4.64000000E+2 1.00814001E+0 4.64100006E+2 2.93410000E+2
4.65000000E+2 1.00814001E+0 4.65100006E+2 2.93410000E+2
4.66000000E+2 1.00773301E+0 4.66100006E+2 2.93410000E+2
4.67000000E+2 1.00773301E+0 4.67100006E+2 2.93410000E+2
4.68000000E+2 1.00814001E+0 4.68100006E+2 2.93410000E+2
4.69000000E+2 1.00814001E+0 4.69100006E+2 2.93410000E+2
4.70000000E+2 1.00814001E+0 4.70100006E+2 2.93410000E+2
4.71000000E+2 1.00895401E+0 4.71100006E+2 2.93410000E+2
4.72000000E+2 1.00773301E+0 4.72100006E+2 2.93410000E+2
4.73000000E+2 1.00895401E+0 4.73100006E+2 2.93410000E+2
4.74000000E+2 1.00773301E+0 4.74100006E+2 2.93410000E+2
4.75000000E+2 1.00732601E+0 4.75100006E+2 2.93410000E+2
4.76000000E+2 1.00773301E+0 4.76100006E+2 2.93410000E+2
4.77000000E+2 1.00773301E+0 4.77100006E+2 2.93410000E+2
4.78000000E+2 1.00773301E+0 4.78100006E+2 2.93410000E+2
4.79000000E+2 1.00814001E+0 4.79100006E+2 2.93410000E+2
4.80000000E+2 1.00895401E+0 4.80100006E+2 2.93410000E+2
4.81000000E+2 1.00773301E+0 4.81100006E+2 2.93410000E+2
4.82000000E+2 1.00732601E+0 4.82100006E+2 2.93410000E+2
4.83000000E+2 1.00773301E+0 4.83100006E+2 2.93410000E+2
4.84000000E+2 1.00895401E+0 4.84100006E+2 2.93410000E+2
4.85000000E+2 1.00895401E+0 4.85100006E+2 2.93410000E+2
4.86000000E+2 1.00732601E+0 4.86100006E+2 2.93410000E+2
4.87000000E+2 1.00895401E+0 4.87100006E+2 2.93410000E+2
4.88000000E+2 1.00895401E+0 4.88100006E+2 2.93410000E+2
4.89000000E+2 1.00814001E+0 4.89100006E+2 2.93410000E+2
4.90000000E+2 1.00895401E+0 4.90100006E+2 2.93410000E+2
4.91000000E+2 1.00732601E+0 4.91100006E+2 2.93410000E+2
4.92000000E+2 1.00773301E+0 4.92100006E+2 2.93410000E+2
4.93000000E+2 1.00895401E+0 4.93100006E+2 2.93410000E+2
4.94000000E+2 1.00895401E+0 4.94100006E+2 2.93410000E+2
4.95000000E+2 1.00773301E+0 4.95100006E+2 2.93347500E+2
4.96000000E+2 1.00773301E+0 4.96100006E+2 2.93410000E+2
4.97000000E+2 1.00773301E+0 4.97100006E+2 2.93410000E+2
4.98000000E+2 1.00691901E+0 4.98100006E+2 2.93410000E+2
4.99000000E+2 1.00895401E+0 4.99100006E+2 2.93410000E+2
5.00000000E+2 1.00814001E+0 5.00100006E+2 2.93410000E+2
5.01000000E+2 1.00814001E+0 5.01100006E+2 2.93410000E+2
5.02000000E+2 1.00895401E+0 5.02100006E+2 2.93410000E+2
5.03000000E+2 1.00895401E+0 5.03100006E+2 2.93410000E+2
5.04000000E+2 1.00895401E+0 5.04100006E+2 2.93410000E+2
5.05000000E+2 1.00814001E+0 5.05100006E+2 2.93410000E+2
5.06000000E+2 1.00732601E+0 5.06100006E+2 2.93410000E+2
5.07000000E+2 1.00773301E+0 5.07100006E+2 2.93410000E+2
5.08000000E+2 1.00895401E+0 5.08100006E+2 2.93410000E+2
5.09000000E+2 1.00773301E+0 5.09100006E+2 2.93410000E+2
5.10000000E+2 1.00773301E+0 5.10100006E+2 2.93410000E+2
5.11000000E+2 1.00895401E+0 5.11100006E+2 2.93410000E+2
5.12000000E+2 1.00732601E+0 5.12099976E+2 2.93410000E+2
5.13000000E+2 1.00773301E+0 5.13099976E+2 2.93410000E+2
5.14000000E+2 1.00814001E+0 5.14099976E+2 2.93410000E+2
5.15000000E+2 1.00773301E+0 5.15099976E+2 2.93410000E+2
5.16000000E+2 1.00814001E+0 5.16099976E+2 2.93410000E+2
5.17000000E+2 1.00814001E+0 5.17099976E+2 2.93410000E+2
5.18000000E+2 1.00773301E+0 5.18099976E+2 2.93410000E+2
5.19000000E+2 1.00814001E+0 5.19099976E+2 2.93410000E+2
5.20000000E+2 1.00895401E+0 5.20099976E+2 2.93410000E+2
5.21000000E+2 1.00895401E+0 5.21099976E+2 2.93410000E+2
5.22000000E+2 1.00773301E+0 5.22099976E+2 2.93410000E+2
5.23000000E+2 1.00814001E+0 5.23099976E+2 2.93410000E+2
5.24000000E+2 1.00814001E+0 5.24099976E+2 2.93410000E+2
5.25000000E+2 1.00895401E+0 5.25099976E+2 2.93410000E+2
5.26000000E+2 1.00895401E+0 5.26099976E+2 2.93410000E+2
5.27000000E+2 1.00773301E+0 5.27099976E+2 2.93410000E+2
5.28000000E+2 1.00895401E+0 5.28099976E+2 2.93410000E+2
5.29000000E+2 1.00814001E+0 5.29099976E+2 2.93410000E+2
5.30000000E+2 1.00895401E+0 5.30099976E+2 2.93410000E+2
5.31000000E+2 1.00895401E+0 5.31099976E+2 2.93410000E+2
5.32000000E+2 1.00854701E+0 5.32099976E+2 2.93410000E+2
5.33000000E+2 1.00895401E+0 5.33099976E+2 2.93410000E+2
5.34000000E+2 1.00895401E+0 5.34099976E+2 2.93410000E+2
5.35000000E+2 1.00773301E+0 5.35099976E+2 2.93410000E+2
5.36000000E+2 1.00773301E+0 5.36099976E+2 2.93410000E+2
5.37000000E+2 1.00814001E+0 5.37099976E+2 2.93410000E+2
5.38000000E+2 1.00773301E+0 5.38099976E+2 2.93410000E+2
5.39000000E+2 1.00814001E+0 5.39099976E+2 2.93410000E+2
5.40000000E+2 1.00854701E+0 5.40099976E+2 2.93410000E+2
5.41000000E+2 1.00773301E+0 5.41099976E+2 2.93410000E+2
5.42000000E+2 1.00773301E+0 5.42099976E+2 2.93410000E+2
5.43000000E+2 1.00773301E+0 5.43099976E+2 2.93410000E+2
5.44000000E+2 1.00814001E+0 5.44099976E+2 2.93410000E+2
5.45000000E+2 1.00814001E+0 5.45099976E+2 2.93410000E+2
5.46000000E+2 1.00773301E+0 5.46099976E+2 2.93347500E+2
5.47000000E+2 1.00773301E+0 5.47099976E+2 2.93410000E+2
5.48000000E+2 1.00773301E+0 5.48099976E+2 2.93410000E+2
5.49000000E+2 1.00895401E+0 5.49099976E+2 2.93410000E+2
5.49700012E+2 1.00895401E+0 5.49799988E+2 2.93410000E+2
5.50000000E+2 1.00773301E+0 5.50099976E+2 2.93410000E+2
5.50799988E+2 1.00773301E+0 5.50799988E+2 2.93410000E+2
5.51000000E+2 1.00814001E+0 5.51099976E+2 2.93410000E+2
5.51700012E+2 1.00895401E+0 5.51799988E+2 2.93410000E+2
5.52000000E+2 1.00814001E+0 5.52099976E+2 2.93410000E+2
5.52700012E+2 1.00895401E+0 5.52799988E+2 2.93410000E+2
5.53000000E+2 1.00814001E+0 5.53099976E+2 2.93410000E+2
5.53700012E+2 1.00814001E+0 5.53799988E+2 2.93410000E+2
5.54000000E+2 1.00814001E+0 5.54099976E+2 2.93410000E+2
5.54700012E+2 1.00773301E+0 5.54799988E+2 2.93410000E+2
5.55000000E+2 1.00814001E+0 5.55099976E+2 2.93410000E+2
5.55799988E+2 1.00814001E+0 5.55799988E+2 2.93410000E+2
5.56000000E+2 1.00895401E+0 5.56099976E+2 2.93410000E+2
5.56799988E+2 1.00773301E+0 5.56799988E+2 2.93410000E+2
5.57000000E+2 1.00814001E+0 5.57099976E+2 2.93410000E+2
5.57700012E+2 1.00732601E+0 5.57799988E+2 2.93410000E+2
5.58000000E+2 1.00773301E+0 5.58099976E+2 2.93410000E+2
5.58700012E+2 1.00773301E+0 5.58799988E+2 2.93410000E+2
5.59000000E+2 1.00895401E+0 5.59099976E+2 2.93410000E+2
5.59700012E+2 1.00773301E+0 5.59799988E+2 2.93410000E+2
5.60000000E+2 1.00773301E+0 5.60099976E+2 2.93410000E+2
5.60700012E+2 1.00895401E+0 5.60799988E+2 2.93410000E+2
5.61700012E+2 1.00895401E+0 5.61799988E+2 2.93410000E+2
5.62700012E+2 1.00895401E+0 5.62799988E+2 2.93410000E+2
5.63700012E+2 1.00814001E+0 5.63799988E+2 2.93410000E+2
5.64700012E+2 1.00814001E+0 5.64799988E+2 2.93410000E+2
5.65700012E+2 1.00773301E+0 5.65799988E+2 2.93410000E+2
5.66700012E+2 1.00814001E+0 5.66799988E+2 2.93410000E+2
5.67799988E+2 1.00895401E+0 5.67799988E+2 2.93410000E+2
5.68799988E+2 1.00814001E+0 5.68799988E+2 2.93347500E+2
5.69700012E+2 1.00895401E+0 5.69799988E+2 2.93410000E+2
5.70700012E+2 1.00895401E+0 5.70799988E+2 2.93410000E+2
5.71700012E+2 1.00732601E+0 5.71799988E+2 2.93410000E+2
5.72799988E+2 1.00895401E+0 5.72799988E+2 2.93347500E+2
5.73799988E+2 1.00814001E+0 5.73799988E+2 2.93410000E+2
5.74799988E+2 1.00814001E+0 5.74799988E+2 2.93410000E+2
5.75799988E+2 1.00814001E+0 5.75799988E+2 2.93410000E+2
5.76799988E+2 1.00895401E+0 5.76799988E+2 2.93410000E+2
5.77799988E+2 1.00773301E+0 5.77799988E+2 2.93410000E+2
5.78799988E+2 1.00895401E+0 5.78799988E+2 2.93410000E+2
5.79799988E+2 1.00732601E+0 5.79799988E+2 2.93410000E+2
5.80799988E+2 1.00854701E+0 5.80799988E+2 2.93410000E+2
5.81799988E+2 1.00732601E+0 5.81900024E+2 2.93410000E+2
5.82799988E+2 1.00895401E+0 5.82900024E+2 2.93410000E+2
5.83799988E+2 1.00895401E+0 5.83900024E+2 2.93347500E+2
5.84799988E+2 1.00732601E+0 5.84900024E+2 2.93410000E+2
5.85799988E+2 1.00814001E+0 5.85900024E+2 2.93410000E+2
5.86900024E+2 1.00732601E+0 5.86900024E+2 2.93410000E+2
5.87900024E+2 1.00773301E+0 5.87900024E+2 2.93410000E+2
5.88900024E+2 1.00773301E+0 5.88900024E+2 2.93410000E+2
5.89900024E+2 1.00732601E+0 5.89900024E+2 2.93410000E+2
5.90900024E+2 1.00895401E+0 5.90900024E+2 2.93410000E+2
5.91900024E+2 1.00895401E+0 5.91900024E+2 2.93410000E+2
5.92900024E+2 1.00732601E+0 5.92900024E+2 2.93347500E+2
5.93900024E+2 1.00814001E+0 5.93900024E+2 2.93410000E+2
5.94900024E+2 1.00814001E+0 5.94900024E+2 2.93410000E+2
5.95900024E+2 1.00895401E+0 5.95900024E+2 2.93410000E+2
5.96900024E+2 1.00895401E+0 5.96900024E+2 2.93347500E+2
5.97900024E+2 1.00773301E+0 5.97900024E+2 2.93410000E+2
5.98900024E+2 1.00814001E+0 5.98900024E+2 2.93410000E+2
5.99900024E+2 1.00814001E+0 5.99900024E+2 2.93410000E+2
6.00900024E+2 1.00895401E+0 6.00900024E+2 2.93410000E+2
6.01900024E+2 1.00895401E+0 6.01900024E+2 2.93410000E+2
6.02900024E+2 1.00773301E+0 6.02900024E+2 2.93410000E+2
6.03900024E+2 1.00773301E+0 6.03900024E+2 2.93410000E+2
6.04900024E+2 1.00814001E+0 6.04900024E+2 2.93347500E+2
6.05900024E+2 1.00773301E+0 6.05900024E+2 2.93410000E+2
6.06900024E+2 1.00773301E+0 6.06900024E+2 2.93410000E+2
6.07900024E+2 1.00773301E+0 6.07900024E+2 2.93410000E+2
6.08900024E+2 1.00773301E+0 6.08900024E+2 2.93410000E+2
6.09900024E+2 1.00814001E+0 6.09900024E+2 2.93410000E+2
6.10900024E+2 1.00895401E+0 6.10900024E+2 2.93410000E+2
6.11900024E+2 1.00773301E+0 6.11900024E+2 2.93410000E+2
6.12900024E+2 1.00814001E+0 6.12900024E+2 2.93410000E+2
6.13900024E+2 1.00773301E+0 6.13900024E+2 2.93410000E+2
6.14900024E+2 1.00895401E+0 6.14900024E+2 2.93410000E+2
6.15900024E+2 1.00773301E+0 6.15900024E+2 2.93347500E+2
6.16900024E+2 1.00814001E+0 6.16900024E+2 2.93410000E+2
6.17900024E+2 1.00895401E+0 6.17900024E+2 2.93347500E+2
6.18900024E+2 1.00895401E+0 6.18900024E+2 2.93410000E+2
6.19900024E+2 1.00895401E+0 6.19900024E+2 2.93410000E+2
6.20900024E+2 1.00895401E+0 6.20900024E+2 2.93410000E+2
6.21900024E+2 1.00732601E+0 6.21900024E+2 2.93410000E+2
6.22900024E+2 1.00895401E+0 6.22900024E+2 2.93410000E+2
6.23900024E+2 1.00814001E+0 6.23900024E+2 2.93410000E+2
6.24900024E+2 1.00773301E+0 6.24900024E+2 2.93410000E+2
6.25900024E+2 1.00814001E+0 6.25900024E+2 2.93347500E+2
6.26900024E+2 1.00773301E+0 6.26900024E+2 2.93410000E+2
6.27900024E+2 1.00773301E+0 6.27900024E+2 2.93347500E+2
6.28900024E+2 1.00814001E+0 6.28900024E+2 2.93347500E+2
6.29900024E+2 1.00773301E+0 6.29900024E+2 2.93347500E+2
6.30900024E+2 1.00895401E+0 6.30900024E+2 2.93410000E+2
6.31900024E+2 1.00814001E+0 6.31900024E+2 2.93410000E+2
6.32900024E+2 1.00773301E+0 6.32900024E+2 2.93410000E+2
6.33900024E+2 1.00814001E+0 6.34000000E+2 2.93410000E+2
6.34900024E+2 1.00732601E+0 6.35000000E+2 2.93410000E+2
6.35900024E+2 1.00814001E+0 6.36000000E+2 2.93347500E+2
6.36900024E+2 1.00814001E+0 6.37000000E+2 2.93410000E+2
6.37900024E+2 1.00814001E+0 6.38000000E+2 2.93410000E+2
6.38900024E+2 1.00814001E+0 6.39000000E+2 2.93410000E+2
6.39900024E+2 1.00814001E+0 6.40000000E+2 2.93347500E+2
6.40900024E+2 1.00732601E+0 6.41000000E+2 2.93347500E+2
6.41900024E+2 1.00773301E+0 6.42000000E+2 2.93410000E+2
6.42900024E+2 1.00814001E+0 6.43000000E+2 2.93410000E+2
6.43900024E+2 1.00773301E+0 6.44000000E+2 2.93410000E+2
6.45000000E+2 1.00895401E+0 6.45000000E+2 2.93410000E+2
6.46000000E+2 1.00773301E+0 6.46099976E+2 2.93410000E+2
6.47000000E+2 1.00814001E+0 6.47000000E+2 2.93347500E+2
6.48000000E+2 1.00814001E+0 6.48099976E+2 2.93410000E+2
6.49000000E+2 1.00773301E+0 6.49099976E+2 2.93347500E+2
6.50000000E+2 1.00814001E+0 6.50099976E+2 2.93410000E+2
6.51000000E+2 1.00773301E+0 6.51099976E+2 2.93410000E+2
6.52000000E+2 1.00732601E+0 6.52099976E+2 2.93410000E+2
6.53000000E+2 1.00895401E+0 6.53099976E+2 2.93410000E+2
6.54000000E+2 1.00773301E+0 6.54099976E+2 2.93347500E+2
6.55000000E+2 1.00814001E+0 6.55099976E+2 2.93410000E+2
6.56000000E+2 1.00895401E+0 6.56099976E+2 2.93410000E+2
6.57000000E+2 1.00773301E+0 6.57099976E+2 2.93347500E+2
6.58000000E+2 1.00814001E+0 6.58099976E+2 2.93410000E+2
6.59000000E+2 1.00732601E+0 6.59099976E+2 2.93410000E+2
6.60000000E+2 1.00814001E+0 6.60099976E+2 2.93410000E+2
6.61000000E+2 1.00854701E+0 6.61099976E+2 2.93410000E+2
6.62000000E+2 1.00773301E+0 6.62099976E+2 2.93347500E+2
6.63000000E+2 1.00814001E+0 6.63099976E+2 2.93347500E+2
6.64000000E+2 1.00895401E+0 6.64099976E+2 2.93410000E+2
6.65000000E+2 1.00773301E+0 6.65099976E+2 2.93347500E+2
6.66000000E+2 1.00895401E+0 6.66099976E+2 2.93347500E+2
6.67000000E+2 1.00773301E+0 6.67099976E+2 2.93410000E+2
6.68000000E+2 1.00773301E+0 6.68099976E+2 2.93410000E+2
6.69000000E+2 1.00814001E+0 6.69099976E+2 2.93347500E+2
6.70000000E+2 1.00814001E+0 6.70099976E+2 2.93410000E+2
6.71000000E+2 1.00814001E+0 6.71099976E+2 2.93347500E+2
6.72000000E+2 1.00773301E+0 6.72099976E+2 2.93347500E+2
6.73000000E+2 1.00895401E+0 6.73099976E+2 2.93410000E+2
6.74000000E+2 1.00895401E+0 6.74099976E+2 2.93347500E+2
6.75000000E+2 1.00895401E+0 6.75099976E+2 2.93410000E+2
6.76000000E+2 1.00814001E+0 6.76099976E+2 2.93410000E+2
6.77000000E+2 1.00773301E+0 6.77099976E+2 2.93347500E+2
6.78000000E+2 1.00854701E+0 6.78099976E+2 2.93410000E+2
6.79000000E+2 1.00814001E+0 6.79099976E+2 2.93347500E+2
6.80000000E+2 1.00814001E+0 6.80099976E+2 2.93410000E+2
6.81000000E+2 1.00773301E+0 6.81099976E+2 2.93410000E+2
6.82000000E+2 1.00814001E+0 6.82099976E+2 2.93347500E+2
6.83000000E+2 1.00895401E+0 6.83099976E+2 2.93410000E+2
6.84000000E+2 1.00773301E+0 6.84099976E+2 2.93347500E+2
6.85000000E+2 1.00732601E+0 6.85099976E+2 2.93347500E+2
6.86000000E+2 1.00854701E+0 6.86099976E+2 2.93347500E+2
6.87000000E+2 1.00854701E+0 6.87099976E+2 2.93410000E+2
6.88000000E+2 1.00773301E+0 6.88099976E+2 2.93410000E+2
6.89000000E+2 1.00732601E+0 6.89099976E+2 2.93347500E+2
6.90000000E+2 1.00773301E+0 6.90099976E+2 2.93410000E+2
6.91000000E+2 1.00773301E+0 6.91099976E+2 2.93410000E+2
6.92000000E+2 1.00773301E+0 6.92099976E+2 2.93410000E+2
6.93000000E+2 1.00814001E+0 6.93099976E+2 2.93347500E+2
6.94000000E+2 1.00895401E+0 6.94099976E+2 2.93410000E+2
6.95000000E+2 1.00773301E+0 6.95099976E+2 2.93347500E+2
6.96000000E+2 1.00895401E+0 6.96099976E+2 2.93410000E+2
6.97000000E+2 1.00814001E+0 6.97099976E+2 2.93347500E+2
6.98000000E+2 1.00814001E+0 6.98099976E+2 2.93347500E+2
6.99000000E+2 1.00732601E+0 6.99099976E+2 2.93347500E+2
7.00000000E+2 1.00895401E+0 7.00099976E+2 2.93347500E+2
7.01000000E+2 1.00814001E+0 7.01099976E+2 2.93410000E+2
7.02000000E+2 1.00773301E+0 7.02099976E+2 2.93347500E+2
7.03000000E+2 1.00814001E+0 7.03099976E+2 2.93410000E+2
7.04000000E+2 1.00814001E+0 7.04099976E+2 2.93410000E+2
7.05000000E+2 1.00814001E+0 7.05099976E+2 2.93410000E+2
7.06000000E+2 1.00814001E+0 7.06099976E+2 2.93347500E+2
7.07000000E+2 1.00814001E+0 7.07099976E+2 2.93410000E+2
7.08000000E+2 1.00814001E+0 7.08099976E+2 2.93347500E+2
7.09000000E+2 1.00895401E+0 7.09099976E+2 2.93347500E+2
7.10000000E+2 1.00895401E+0 7.10099976E+2 2.93347500E+2
7.11000000E+2 1.00895401E+0 7.11099976E+2 2.93347500E+2
7.12000000E+2 1.00895401E+0 7.12099976E+2 2.93347500E+2
7.13000000E+2 1.00814001E+0 7.13099976E+2 2.93410000E+2
7.14000000E+2 1.00773301E+0 7.14099976E+2 2.93410000E+2
7.15000000E+2 1.00895401E+0 7.15099976E+2 2.93410000E+2
7.16000000E+2 1.00814001E+0 7.16099976E+2 2.93410000E+2
7.17000000E+2 1.00814001E+0 7.17099976E+2 2.93347500E+2
7.18000000E+2 1.00773301E+0 7.18099976E+2 2.93347500E+2
7.19000000E+2 1.00895401E+0 7.19099976E+2 2.93347500E+2
7.20000000E+2 1.00732601E+0 7.20099976E+2 2.93410000E+2
7.21000000E+2 1.00773301E+0 7.21099976E+2 2.93410000E+2
7.22000000E+2 1.00773301E+0 7.22099976E+2 2.93410000E+2
7.23000000E+2 1.00773301E+0 7.23099976E+2 2.93410000E+2
7.24000000E+2 1.00895401E+0 7.24099976E+2 2.93410000E+2
7.25000000E+2 1.00814001E+0 7.25099976E+2 2.93410000E+2
7.26000000E+2 1.00814001E+0 7.26099976E+2 2.93410000E+2
7.27000000E+2 1.00814001E+0 7.27099976E+2 2.93347500E+2
7.28000000E+2 1.00895401E+0 7.28099976E+2 2.93410000E+2
7.29000000E+2 1.00895401E+0 7.29099976E+2 2.93410000E+2
7.30000000E+2 1.00773301E+0 7.30099976E+2 2.93347500E+2
7.31000000E+2 1.00854701E+0 7.31099976E+2 2.93347500E+2
7.32000000E+2 1.00814001E+0 7.32099976E+2 2.93347500E+2
7.33000000E+2 1.00895401E+0 7.33099976E+2 2.93347500E+2
7.34000000E+2 1.00814001E+0 7.34099976E+2 2.93347500E+2
7.35000000E+2 1.00814001E+0 7.35099976E+2 2.93347500E+2
7.36000000E+2 1.00732601E+0 7.36099976E+2 2.93347500E+2
7.37000000E+2 1.00895401E+0 7.37099976E+2 2.93410000E+2
7.38000000E+2 1.00814001E+0 7.38099976E+2 2.93347500E+2
7.39000000E+2 1.00773301E+0 7.39099976E+2 2.93410000E+2
7.40000000E+2 1.00773301E+0 7.40099976E+2 2.93410000E+2
7.41000000E+2 1.00773301E+0 7.41099976E+2 2.93347500E+2
7.42000000E+2 1.00732601E+0 7.42099976E+2 2.93347500E+2
7.43000000E+2 1.00814001E+0 7.43099976E+2 2.93347500E+2
7.44000000E+2 1.00773301E+0 7.44099976E+2 2.93347500E+2
7.45000000E+2 1.00814001E+0 7.45099976E+2 2.93347500E+2
7.46000000E+2 1.00773301E+0 7.46099976E+2 2.93347500E+2
7.47000000E+2 1.00895401E+0 7.47099976E+2 2.93410000E+2
7.48000000E+2 1.00814001E+0 7.48099976E+2 2.93410000E+2
7.49000000E+2 1.00814001E+0 7.49099976E+2 2.93347500E+2
7.50000000E+2 1.00895401E+0 7.50099976E+2 2.93347500E+2
7.51000000E+2 1.00773301E+0 7.51099976E+2 2.93347500E+2
7.52000000E+2 1.00895401E+0 7.52099976E+2 2.93347500E+2
7.53000000E+2 1.00773301E+0 7.53099976E+2 2.93410000E+2
7.54000000E+2 1.00895401E+0 7.54099976E+2 2.93347500E+2
7.55000000E+2 1.00895401E+0 7.55099976E+2 2.93347500E+2
7.56000000E+2 1.00814001E+0 7.56099976E+2 2.93347500E+2
7.57000000E+2 1.00773301E+0 7.57099976E+2 2.93347500E+2
7.58000000E+2 1.00895401E+0 7.58099976E+2 2.93410000E+2
7.59000000E+2 1.00814001E+0 7.59099976E+2 2.93347500E+2
7.60000000E+2 1.00895401E+0 7.60099976E+2 2.93347500E+2
7.61000000E+2 1.00814001E+0 7.61099976E+2 2.93347500E+2
7.62000000E+2 1.00773301E+0 7.62099976E+2 2.93410000E+2
7.63000000E+2 1.00773301E+0 7.63099976E+2 2.93410000E+2
7.64000000E+2 1.00814001E+0 7.64099976E+2 2.93347500E+2
7.65000000E+2 1.00732601E+0 7.65099976E+2 2.93410000E+2
7.66000000E+2 1.00895401E+0 7.66099976E+2 2.93347500E+2
7.67000000E+2 1.00773301E+0 7.67099976E+2 2.93347500E+2
7.68000000E+2 1.00895401E+0 7.68099976E+2 2.93347500E+2
7.69000000E+2 1.00895401E+0 7.69099976E+2 2.93347500E+2
7.70000000E+2 1.00895401E+0 7.70099976E+2 2.93347500E+2
7.71000000E+2 1.00814001E+0 7.71099976E+2 2.93347500E+2
7.72000000E+2 1.00773301E+0 7.72099976E+2 2.93347500E+2
7.73000000E+2 1.00814001E+0 7.73099976E+2 2.93410000E+2
7.74000000E+2 1.00773301E+0 7.74099976E+2 2.93347500E+2
7.75000000E+2 1.00814001E+0 7.75099976E+2 2.93347500E+2
7.76099976E+2 1.00814001E+0 7.76099976E+2 2.93347500E+2
7.77099976E+2 1.00732601E+0 7.77099976E+2 2.93347500E+2
7.78099976E+2 1.00814001E+0 7.78099976E+2 2.93347500E+2
7.79099976E+2 1.00773301E+0 7.79099976E+2 2.93347500E+2
7.80099976E+2 1.00773301E+0 7.80200012E+2 2.93347500E+2
7.81099976E+2 1.00814001E+0 7.81200012E+2 2.93347500E+2
7.82099976E+2 1.00732601E+0 7.82200012E+2 2.93347500E+2
7.83099976E+2 1.00895401E+0 7.83200012E+2 2.93410000E+2
7.84099976E+2 1.00895401E+0 7.84200012E+2 2.93347500E+2
7.85099976E+2 1.00773301E+0 7.85200012E+2 2.93347500E+2
7.86099976E+2 1.00773301E+0 7.86200012E+2 2.93347500E+2
7.87099976E+2 1.00895401E+0 7.87200012E+2 2.93410000E+2
7.88099976E+2 1.00814001E+0 7.88200012E+2 2.93410000E+2
7.89099976E+2 1.00773301E+0 7.89200012E+2 2.93347500E+2
7.90099976E+2 1.00814001E+0 7.90200012E+2 2.93347500E+2
7.91099976E+2 1.00773301E+0 7.91200012E+2 2.93347500E+2
7.92099976E+2 1.00895401E+0 7.92200012E+2 2.93347500E+2
7.93099976E+2 1.00732601E+0 7.93200012E+2 2.93347500E+2
7.94099976E+2 1.00732601E+0 7.94200012E+2 2.93410000E+2
7.95099976E+2 1.00773301E+0 7.95200012E+2 2.93347500E+2
7.96099976E+2 1.00773301E+0 7.96200012E+2 2.93347500E+2
7.97099976E+2 1.00854701E+0 7.97200012E+2 2.93347500E+2
7.98099976E+2 1.00732601E+0 7.98200012E+2 2.93347500E+2
7.99099976E+2 1.00814001E+0 7.99200012E+2 2.93347500E+2
8.00099976E+2 1.00895401E+0 8.00200012E+2 2.93347500E+2
8.01099976E+2 1.00773301E+0 8.01200012E+2 2.93347500E+2
8.02099976E+2 1.00814001E+0 8.02200012E+2 2.93347500E+2
8.03099976E+2 1.00895401E+0 8.03200012E+2 2.93347500E+2
8.04099976E+2 1.00895401E+0 8.04200012E+2 2.93347500E+2
8.05099976E+2 1.00773301E+0 8.05200012E+2 2.93347500E+2
8.06099976E+2 1.00773301E+0 8.06200012E+2 2.93347500E+2
8.07099976E+2 1.00773301E+0 8.07200012E+2 2.93347500E+2
8.08099976E+2 1.00773301E+0 8.08200012E+2 2.93347500E+2
8.09099976E+2 1.00895401E+0 8.09200012E+2 2.93347500E+2
8.10099976E+2 1.00773301E+0 8.10200012E+2 2.93347500E+2
8.11099976E+2 1.00732601E+0 8.11200012E+2 2.93347500E+2
8.12099976E+2 1.00895401E+0 8.12200012E+2 2.93347500E+2
8.13099976E+2 1.00773301E+0 8.13200012E+2 2.93410000E+2
8.14099976E+2 1.00895401E+0 8.14200012E+2 2.93347500E+2
8.15099976E+2 1.00895401E+0 8.15200012E+2 2.93347500E+2
8.16099976E+2 1.00773301E+0 8.16200012E+2 2.93347500E+2
8.17099976E+2 1.00732601E+0 8.17200012E+2 2.93347500E+2
8.18099976E+2 1.00814001E+0 8.18200012E+2 2.93347500E+2
8.19099976E+2 1.00773301E+0 8.19200012E+2 2.93347500E+2
8.20099976E+2 1.00773301E+0 8.20200012E+2 2.93347500E+2
8.21099976E+2 1.00814001E+0 8.21200012E+2 2.93347500E+2
8.22099976E+2 1.00732601E+0 8.22200012E+2 2.93347500E+2
8.23099976E+2 1.00814001E+0 8.23200012E+2 2.93347500E+2
8.24099976E+2 1.00773301E+0 8.24200012E+2 2.93347500E+2
8.25099976E+2 1.00814001E+0 8.25200012E+2 2.93347500E+2
8.26099976E+2 1.00895401E+0 8.26200012E+2 2.93347500E+2
8.27099976E+2 1.00814001E+0 8.27200012E+2 2.93347500E+2
8.28099976E+2 1.00814001E+0 8.28200012E+2 2.93347500E+2
8.29099976E+2 1.00814001E+0 8.29200012E+2 2.93347500E+2
8.30099976E+2 1.00895401E+0 8.30200012E+2 2.93347500E+2
8.31099976E+2 1.00814001E+0 8.31200012E+2 2.93347500E+2
8.32099976E+2 1.00814001E+0 8.32200012E+2 2.93347500E+2
8.33099976E+2 1.00814001E+0 8.33200012E+2 2.93347500E+2
8.34099976E+2 1.00773301E+0 8.34200012E+2 2.93347500E+2
8.35099976E+2 1.00854701E+0 8.35200012E+2 2.93347500E+2
8.36099976E+2 1.00814001E+0 8.36200012E+2 2.93347500E+2
8.37099976E+2 1.00773301E+0 8.37200012E+2 2.93347500E+2
8.38099976E+2 1.00773301E+0 8.38200012E+2 2.93347500E+2
8.39099976E+2 1.00854701E+0 8.39200012E+2 2.93347500E+2
8.40099976E+2 1.00895401E+0 8.40200012E+2 2.93347500E+2
8.41099976E+2 1.00814001E+0 8.41200012E+2 2.93347500E+2
8.42099976E+2 1.00814001E+0 8.42200012E+2 2.93410000E+2
8.43099976E+2 1.00814001E+0 8.43200012E+2 2.93347500E+2
8.44099976E+2 1.00895401E+0 8.44200012E+2 2.93347500E+2
8.45099976E+2 1.00895401E+0 8.45200012E+2 2.93410000E+2
8.46099976E+2 1.00895401E+0 8.46200012E+2 2.93347500E+2
8.47099976E+2 1.00895401E+0 8.47200012E+2 2.93347500E+2
8.48099976E+2 1.00814001E+0 8.48200012E+2 2.93347500E+2
8.49099976E+2 1.00732601E+0 8.49200012E+2 2.93347500E+2
8.50099976E+2 1.00773301E+0 8.50200012E+2 2.93347500E+2
8.51099976E+2 1.00895401E+0 8.51200012E+2 2.93347500E+2
8.52099976E+2 1.00773301E+0 8.52200012E+2 2.93347500E+2
8.53099976E+2 1.00814001E+0 8.53200012E+2 2.93347500E+2
8.54099976E+2 1.00773301E+0 8.54200012E+2 2.93347500E+2
8.55099976E+2 1.00732601E+0 8.55200012E+2 2.93347500E+2
8.56099976E+2 1.00895401E+0 8.56200012E+2 2.93347500E+2
8.57099976E+2 1.00773301E+0 8.57200012E+2 2.93347500E+2
8.58099976E+2 1.00773301E+0 8.58200012E+2 2.93347500E+2
8.59099976E+2 1.00895401E+0 8.59200012E+2 2.93347500E+2
8.60099976E+2 1.00814001E+0 8.60200012E+2 2.93347500E+2
8.61099976E+2 1.00814001E+0 8.61200012E+2 2.93347500E+2
8.62099976E+2 1.00814001E+0 8.62200012E+2 2.93347500E+2
8.63099976E+2 1.00732601E+0 8.63200012E+2 2.93347500E+2
8.64099976E+2 1.00773301E+0 8.64200012E+2 2.93347500E+2
8.65099976E+2 1.00814001E+0 8.65200012E+2 2.93347500E+2
8.66099976E+2 1.00895401E+0 8.66200012E+2 2.93347500E+2
8.67099976E+2 1.00814001E+0 8.67200012E+2 2.93347500E+2
8.68099976E+2 1.00773301E+0 8.68200012E+2 2.93347500E+2
8.69099976E+2 1.00732601E+0 8.69200012E+2 2.93347500E+2
8.70099976E+2 1.00814001E+0 8.70200012E+2 2.93347500E+2
8.71099976E+2 1.00814001E+0 8.71200012E+2 2.93347500E+2
8.72099976E+2 1.00773301E+0 8.72200012E+2 2.93347500E+2
8.73099976E+2 1.00895401E+0 8.73200012E+2 2.93347500E+2
8.74099976E+2 1.00814001E+0 8.74200012E+2 2.93347500E+2
8.75099976E+2 1.00814001E+0 8.75200012E+2 2.93347500E+2
8.76099976E+2 1.00895401E+0 8.76200012E+2 2.93347500E+2
8.77099976E+2 1.00895401E+0 8.77200012E+2 2.93347500E+2
8.78099976E+2 1.00854701E+0 8.78200012E+2 2.93347500E+2
8.79099976E+2 1.00814001E+0 8.79200012E+2 2.93347500E+2
8.80099976E+2 1.00814001E+0 8.80200012E+2 2.93347500E+2
8.81099976E+2 1.00814001E+0 8.81200012E+2 2.93347500E+2
8.82099976E+2 1.00814001E+0 8.82200012E+2 2.93347500E+2
8.83099976E+2 1.00814001E+0 8.83200012E+2 2.93347500E+2
8.84099976E+2 1.00691901E+0 8.84200012E+2 2.93347500E+2
8.85099976E+2 1.00773301E+0 8.85200012E+2 2.93347500E+2
8.86099976E+2 1.00895401E+0 8.86200012E+2 2.93347500E+2
8.87099976E+2 1.00814001E+0 8.87200012E+2 2.93347500E+2
8.88099976E+2 1.00814001E+0 8.88200012E+2 2.93347500E+2
8.89099976E+2 1.00773301E+0 8.89200012E+2 2.93347500E+2
8.90099976E+2 1.00814001E+0 8.90200012E+2 2.93347500E+2
8.91099976E+2 1.00814001E+0 8.91200012E+2 2.93347500E+2
8.92099976E+2 1.00814001E+0 8.92200012E+2 2.93347500E+2
8.93099976E+2 1.00773301E+0 8.93200012E+2 2.93347500E+2
8.94099976E+2 1.00773301E+0 8.94200012E+2 2.93347500E+2
8.95099976E+2 1.00773301E+0 8.95200012E+2 2.93347500E+2
8.96099976E+2 1.00773301E+0 8.96200012E+2 2.93347500E+2
8.97099976E+2 1.00814001E+0 8.97200012E+2 2.93347500E+2
8.98099976E+2 1.00814001E+0 8.98200012E+2 2.93347500E+2
8.99099976E+2 1.00895401E+0 8.99200012E+2 2.93347500E+2
9.00099976E+2 1.00895401E+0 9.00200012E+2 2.93347500E+2
9.01099976E+2 1.00814001E+0 9.01200012E+2 2.93347500E+2
9.02099976E+2 1.00895401E+0 9.02200012E+2 2.93347500E+2
9.03099976E+2 1.00895401E+0 9.03200012E+2 2.93347500E+2
9.04099976E+2 1.00895401E+0 9.04200012E+2 2.93347500E+2
9.05099976E+2 1.00732601E+0 9.05200012E+2 2.93347500E+2
9.06099976E+2 1.00895401E+0 9.06200012E+2 2.93347500E+2
9.07099976E+2 1.00895401E+0 9.07200012E+2 2.93347500E+2
9.08099976E+2 1.00773301E+0 9.08200012E+2 2.93347500E+2
9.09099976E+2 1.00814001E+0 9.09200012E+2 2.93347500E+2
9.10099976E+2 1.00895401E+0 9.10200012E+2 2.93347500E+2
9.11099976E+2 1.00814001E+0 9.11200012E+2 2.93347500E+2
9.12099976E+2 1.00773301E+0 9.12200012E+2 2.93347500E+2
9.13099976E+2 1.00773301E+0 9.13200012E+2 2.93347500E+2
9.14099976E+2 1.00732601E+0 9.14200012E+2 2.93347500E+2
9.15099976E+2 1.00814001E+0 9.15200012E+2 2.93347500E+2
9.16099976E+2 1.00814001E+0 9.16200012E+2 2.93347500E+2
9.17099976E+2 1.00773301E+0 9.17200012E+2 2.93347500E+2
9.18099976E+2 1.00814001E+0 9.18200012E+2 2.93347500E+2
9.19099976E+2 1.00895401E+0 9.19200012E+2 2.93347500E+2
9.20099976E+2 1.00814001E+0 9.20200012E+2 2.93347500E+2
9.21099976E+2 1.00895401E+0 9.21200012E+2 2.93347500E+2
9.22099976E+2 1.00814001E+0 9.22200012E+2 2.93347500E+2
9.23099976E+2 1.00814001E+0 9.23200012E+2 2.93347500E+2
9.24099976E+2 1.00773301E+0 9.24200012E+2 2.93347500E+2
9.25099976E+2 1.00895401E+0 9.25200012E+2 2.93347500E+2
9.26099976E+2 1.00895401E+0 9.26200012E+2 2.93347500E+2
9.27099976E+2 1.00773301E+0 9.27200012E+2 2.93347500E+2
9.28099976E+2 1.00773301E+0 9.28200012E+2 2.93347500E+2
9.29099976E+2 1.00895401E+0 9.29200012E+2 2.93347500E+2
9.30099976E+2 1.00814001E+0 9.30200012E+2 2.93347500E+2
9.31099976E+2 1.00895401E+0 9.31200012E+2 2.93347500E+2
9.32099976E+2 1.00814001E+0 9.32200012E+2 2.93347500E+2
9.33099976E+2 1.00895401E+0 9.33200012E+2 2.93347500E+2
9.34099976E+2 1.00895401E+0 9.34200012E+2 2.93347500E+2
9.35099976E+2 1.00814001E+0 9.35200012E+2 2.93347500E+2
9.36099976E+2 1.00773301E+0 9.36200012E+2 2.93347500E+2
9.37099976E+2 1.00814001E+0 9.37200012E+2 2.93347500E+2
9.38099976E+2 1.00773301E+0 9.38200012E+2 2.93347500E+2
9.39099976E+2 1.00814001E+0 9.39200012E+2 2.93347500E+2
9.40099976E+2 1.00814001E+0 9.40200012E+2 2.93347500E+2
9.41099976E+2 1.00895401E+0 9.41200012E+2 2.93347500E+2
9.42099976E+2 1.00773301E+0 9.42200012E+2 2.93347500E+2
9.43099976E+2 1.00895401E+0 9.43200012E+2 2.93347500E+2
9.44099976E+2 1.00895401E+0 9.44200012E+2 2.93347500E+2
9.45099976E+2 1.00814001E+0 9.45200012E+2 2.93347500E+2
9.46099976E+2 1.00895401E+0 9.46200012E+2 2.93347500E+2
9.47099976E+2 1.00773301E+0 9.47200012E+2 2.93347500E+2
9.48099976E+2 1.00773301E+0 9.48200012E+2 2.93347500E+2
9.49099976E+2 1.00773301E+0 9.49200012E+2 2.93347500E+2
9.50099976E+2 1.00895401E+0 9.50200012E+2 2.93347500E+2
9.51099976E+2 1.00773301E+0 9.51200012E+2 2.93347500E+2
9.52099976E+2 1.00895401E+0 9.52200012E+2 2.93347500E+2
9.53099976E+2 1.00773301E+0 9.53200012E+2 2.93347500E+2
9.54099976E+2 1.00773301E+0 9.54200012E+2 2.93347500E+2
9.55099976E+2 1.00732601E+0 9.55200012E+2 2.93347500E+2
9.56099976E+2 1.00773301E+0 9.56200012E+2 2.93347500E+2
9.57099976E+2 1.00814001E+0 9.57200012E+2 2.93347500E+2
9.58099976E+2 1.00773301E+0 9.58200012E+2 2.93347500E+2
9.59099976E+2 1.00773301E+0 9.59200012E+2 2.93347500E+2
9.60099976E+2 1.00773301E+0 9.60200012E+2 2.93347500E+2
9.61099976E+2 1.00895401E+0 9.61200012E+2 2.93347500E+2
9.62099976E+2 1.00773301E+0 9.62200012E+2 2.93347500E+2
9.63099976E+2 1.00814001E+0 9.63200012E+2 2.93347500E+2
9.64099976E+2 1.00895401E+0 9.64200012E+2 2.93347500E+2
9.65099976E+2 1.00895401E+0 9.65200012E+2 2.93347500E+2
9.66099976E+2 1.00895401E+0 9.66200012E+2 2.93347500E+2
9.67099976E+2 1.00814001E+0 9.67200012E+2 2.93347500E+2
9.68099976E+2 1.00773301E+0 9.68200012E+2 2.93347500E+2
9.69099976E+2 1.00814001E+0 9.69200012E+2 2.93347500E+2
9.70099976E+2 1.00895401E+0 9.70200012E+2 2.93347500E+2
9.71099976E+2 1.00854701E+0 9.71200012E+2 2.93347500E+2
9.72099976E+2 1.00732601E+0 9.72200012E+2 2.93347500E+2
9.73099976E+2 1.00895401E+0 9.73200012E+2 2.93347500E+2
9.74099976E+2 1.00895401E+0 9.74200012E+2 2.93347500E+2
9.75099976E+2 1.00895401E+0 9.75200012E+2 2.93347500E+2
9.76099976E+2 1.00814001E+0 9.76200012E+2 2.93347500E+2
9.77099976E+2 1.00895401E+0 9.77200012E+2 2.93347500E+2
9.78099976E+2 1.00814001E+0 9.78200012E+2 2.93347500E+2
9.79099976E+2 1.00773301E+0 9.79200012E+2 2.93347500E+2
9.80200012E+2 1.00773301E+0 9.80200012E+2 2.93347500E+2
9.81200012E+2 1.00814001E+0 9.81200012E+2 2.93347500E+2
9.82200012E+2 1.00814001E+0 9.82200012E+2 2.93347500E+2
9.83200012E+2 1.00773301E+0 9.83200012E+2 2.93347500E+2
9.84200012E+2 1.00895401E+0 9.84200012E+2 2.93347500E+2
9.85200012E+2 1.00895401E+0 9.85200012E+2 2.93347500E+2
9.86200012E+2 1.00773301E+0 9.86200012E+2 2.93347500E+2
9.87200012E+2 1.00773301E+0 9.87200012E+2 2.93347500E+2
9.88200012E+2 1.00814001E+0 9.88200012E+2 2.93347500E+2
9.89200012E+2 1.00773301E+0 9.89200012E+2 2.93347500E+2
9.90200012E+2 1.00814001E+0 9.90299988E+2 2.93347500E+2
9.91200012E+2 1.00895401E+0 9.91299988E+2 2.93347500E+2
9.92200012E+2 1.00814001E+0 9.92299988E+2 2.93347500E+2
9.93200012E+2 1.00895401E+0 9.93299988E+2 2.93347500E+2
9.94200012E+2 1.00773301E+0 9.94299988E+2 2.93347500E+2
9.95299988E+2 1.00814001E+0 9.95299988E+2 2.93347500E+2
9.96200012E+2 1.00814001E+0 9.96299988E+2 2.93347500E+2
9.97200012E+2 1.00773301E+0 9.97299988E+2 2.93347500E+2
9.98200012E+2 1.00732601E+0 9.98299988E+2 2.93347500E+2
9.99200012E+2 1.00691901E+0 9.99299988E+2 2.93347500E+2
1.00020001E+3 1.00773301E+0 1.00029999E+3 2.93347500E+2
1.00120001E+3 1.00814001E+0 1.00129999E+3 2.93347500E+2
1.00229999E+3 1.00895401E+0 1.00229999E+3 2.93347500E+2
1.00320001E+3 1.00895401E+0 1.00329999E+3 2.93347500E+2
1.00420001E+3 1.00814001E+0 1.00429999E+3 2.93347500E+2
1.00520001E+3 1.00814001E+0 1.00529999E+3 2.93347500E+2
1.00620001E+3 1.00814001E+0 1.00629999E+3 2.93347500E+2
1.00720001E+3 1.00773301E+0 1.00729999E+3 2.93347500E+2
1.00820001E+3 1.00732601E+0 1.00829999E+3 2.93347500E+2
1.00920001E+3 1.00773301E+0 1.00929999E+3 2.93347500E+2
1.01020001E+3 1.00773301E+0 1.01029999E+3 2.93347500E+2
1.01129999E+3 1.00814001E+0 1.01129999E+3 2.93347500E+2
1.01229999E+3 1.00814001E+0 1.01229999E+3 2.93347500E+2
1.01320001E+3 1.00814001E+0 1.01329999E+3 2.93347500E+2
1.01420001E+3 1.00773301E+0 1.01429999E+3 2.93347500E+2
1.01520001E+3 1.00814001E+0 1.01529999E+3 2.93347500E+2
1.01620001E+3 1.00773301E+0 1.01629999E+3 2.93347500E+2
1.01720001E+3 1.00814001E+0 1.01729999E+3 2.93347500E+2
1.01820001E+3 1.00773301E+0 1.01829999E+3 2.93347500E+2
1.01920001E+3 1.00895401E+0 1.01929999E+3 2.93347500E+2
1.02029999E+3 1.00773301E+0 1.02029999E+3 2.93347500E+2
1.02120001E+3 1.00895401E+0 1.02129999E+3 2.93347500E+2
1.02220001E+3 1.00814001E+0 1.02229999E+3 2.93347500E+2
1.02320001E+3 1.00895401E+0 1.02329999E+3 2.93347500E+2
1.02419995E+3 1.00895401E+0 1.02430005E+3 2.93347500E+2
1.02519995E+3 1.00732601E+0 1.02530005E+3 2.93347500E+2
1.02619995E+3 1.00895401E+0 1.02630005E+3 2.93347500E+2
1.02730005E+3 1.00814001E+0 1.02730005E+3 2.93347500E+2
1.02819995E+3 1.00773301E+0 1.02830005E+3 2.93347500E+2
1.02919995E+3 1.00895401E+0 1.02930005E+3 2.93347500E+2
1.03019995E+3 1.00814001E+0 1.03030005E+3 2.93347500E+2
1.03119995E+3 1.00895401E+0 1.03130005E+3 2.93347500E+2
1.03219995E+3 1.00895401E+0 1.03230005E+3 2.93347500E+2
1.03330005E+3 1.00732601E+0 1.03330005E+3 2.93347500E+2
1.03419995E+3 1.00814001E+0 1.03430005E+3 2.93347500E+2
1.03519995E+3 1.00895401E+0 1.03530005E+3 2.93347500E+2
1.03630005E+3 1.00773301E+0 1.03630005E+3 2.93347500E+2
1.03719995E+3 1.00895401E+0 1.03730005E+3 2.93347500E+2
1.03819995E+3 1.00854701E+0 1.03830005E+3 2.93347500E+2
1.03930005E+3 1.00773301E+0 1.03930005E+3 2.93347500E+2
1.04019995E+3 1.00732601E+0 1.04030005E+3 2.93347500E+2
1.04130005E+3 1.00814001E+0 1.04130005E+3 2.93347500E+2
1.04219995E+3 1.00895401E+0 1.04230005E+3 2.93347500E+2
1.04319995E+3 1.00773301E+0 1.04330005E+3 2.93347500E+2
1.04419995E+3 1.00814001E+0 1.04430005E+3 2.93347500E+2
1.04519995E+3 1.00814001E+0 1.04530005E+3 2.93347500E+2
1.04619995E+3 1.00895401E+0 1.04630005E+3 2.93347500E+2
1.04719995E+3 1.00895401E+0 1.04730005E+3 2.93347500E+2
1.04830005E+3 1.00854701E+0 1.04830005E+3 2.93347500E+2
1.04919995E+3 1.00773301E+0 1.04930005E+3 2.93347500E+2
1.05030005E+3 1.00895401E+0 1.05030005E+3 2.93347500E+2
1.05119995E+3 1.00814001E+0 1.05130005E+3 2.93347500E+2
1.05219995E+3 1.00814001E+0 1.05230005E+3 2.93347500E+2
1.05319995E+3 1.00773301E+0 1.05330005E+3 2.93347500E+2
1.05419995E+3 1.00773301E+0 1.05430005E+3 2.93347500E+2
1.05519995E+3 1.00895401E+0 1.05530005E+3 2.93347500E+2
1.05630005E+3 1.00773301E+0 1.05630005E+3 2.93347500E+2
1.05719995E+3 1.00895401E+0 1.05730005E+3 2.93347500E+2
1.05819995E+3 1.00732601E+0 1.05830005E+3 2.93347500E+2
1.05919995E+3 1.00773301E+0 1.05930005E+3 2.93347500E+2
1.06019995E+3 1.00895401E+0 1.06030005E+3 2.93347500E+2
1.06119995E+3 1.00814001E+0 1.06130005E+3 2.93347500E+2
1.06219995E+3 1.00895401E+0 1.06230005E+3 2.93347500E+2
1.06319995E+3 1.00895401E+0 1.06330005E+3 2.93347500E+2
1.06419995E+3 1.00732601E+0 1.06430005E+3 2.93347500E+2
1.06519995E+3 1.00773301E+0 1.06530005E+3 2.93347500E+2
1.06630005E+3 1.00814001E+0 1.06630005E+3 2.93347500E+2
1.06719995E+3 1.00895401E+0 1.06730005E+3 2.93347500E+2
1.06819995E+3 1.00814001E+0 1.06830005E+3 2.93347500E+2
1.06930005E+3 1.00895401E+0 1.06930005E+3 2.93347500E+2
1.07019995E+3 1.00773301E+0 1.07030005E+3 2.93347500E+2
1.07119995E+3 1.00773301E+0 1.07130005E+3 2.93347500E+2
1.07219995E+3 1.00814001E+0 1.07230005E+3 2.93347500E+2
1.07319995E+3 1.00814001E+0 1.07330005E+3 2.93347500E+2
1.07419995E+3 1.00895401E+0 1.07430005E+3 2.93347500E+2
1.07519995E+3 1.00814001E+0 1.07530005E+3 2.93347500E+2
1.07619995E+3 1.00895401E+0 1.07630005E+3 2.93347500E+2
1.07719995E+3 1.00773301E+0 1.07730005E+3 2.93347500E+2
1.07819995E+3 1.00814001E+0 1.07830005E+3 2.93347500E+2
1.07919995E+3 1.00773301E+0 1.07930005E+3 2.93347500E+2
1.08019995E+3 1.00773301E+0 1.08030005E+3 2.93347500E+2
1.08130005E+3 1.00814001E+0 1.08130005E+3 2.93347500E+2
1.08219995E+3 1.00814001E+0 1.08230005E+3 2.93347500E+2
1.08330005E+3 1.00814001E+0 1.08330005E+3 2.93347500E+2
1.08419995E+3 1.00895401E+0 1.08430005E+3 2.93347500E+2
1.08519995E+3 1.00732601E+0 1.08530005E+3 2.93347500E+2
1.08619995E+3 1.00814001E+0 1.08630005E+3 2.93347500E+2
1.08719995E+3 1.00895401E+0 1.08730005E+3 2.93347500E+2
1.08819995E+3 1.00773301E+0 1.08830005E+3 2.93347500E+2
1.08919995E+3 1.00814001E+0 1.08930005E+3 2.93347500E+2
1.09030005E+3 1.00773301E+0 1.09030005E+3 2.93347500E+2
1.09119995E+3 1.00773301E+0 1.09130005E+3 2.93347500E+2
1.09219995E+3 1.00895401E+0 1.09230005E+3 2.93347500E+2
1.09319995E+3 1.00814001E+0 1.09330005E+3 2.93347500E+2
1.09419995E+3 1.00895401E+0 1.09430005E+3 2.93347500E+2
1.09530005E+3 1.00895401E+0 1.09530005E+3 2.93347500E+2
1.09619995E+3 1.00773301E+0 1.09630005E+3 2.93347500E+2
1.09719995E+3 1.00773301E+0 1.09730005E+3 2.93347500E+2
1.09819995E+3 1.00814001E+0 1.09830005E+3 2.93347500E+2
1.09919995E+3 1.00773301E+0 1.09930005E+3 2.93347500E+2
1.10019995E+3 1.00895401E+0 1.10030005E+3 2.93347500E+2
1.10119995E+3 1.00895401E+0 1.10130005E+3 2.93347500E+2
1.10219995E+3 1.00814001E+0 1.10230005E+3 2.93347500E+2
1.10319995E+3 1.00854701E+0 1.10330005E+3 2.93347500E+2
1.10430005E+3 1.00895401E+0 1.10430005E+3 2.93347500E+2
1.10519995E+3 1.00773301E+0 1.10530005E+3 2.93347500E+2
1.10619995E+3 1.00814001E+0 1.10630005E+3 2.93347500E+2
1.10730005E+3 1.00895401E+0 1.10730005E+3 2.93347500E+2
1.10830005E+3 1.00895401E+0 1.10830005E+3 2.93347500E+2
1.10930005E+3 1.00895401E+0 1.10940002E+3 2.93347500E+2
1.11030005E+3 1.00895401E+0 1.11040002E+3 2.93347500E+2
1.11130005E+3 1.00854701E+0 1.11140002E+3 2.93347500E+2
1.11230005E+3 1.00773301E+0 1.11240002E+3 2.93347500E+2
1.11330005E+3 1.00814001E+0 1.11340002E+3 2.93347500E+2
1.11430005E+3 1.00773301E+0 1.11440002E+3 2.93347500E+2
1.11530005E+3 1.00895401E+0 1.11540002E+3 2.93347500E+2
1.11640002E+3 1.00732601E+0 1.11640002E+3 2.93347500E+2
1.11740002E+3 1.00814001E+0 1.11740002E+3 2.93347500E+2
1.11840002E+3 1.00773301E+0 1.11840002E+3 2.93347500E+2
1.11940002E+3 1.00895401E+0 1.11940002E+3 2.93347500E+2
1.12040002E+3 1.00773301E+0 1.12040002E+3 2.93347500E+2
1.12140002E+3 1.00814001E+0 1.12140002E+3 2.93347500E+2
1.12240002E+3 1.00814001E+0 1.12240002E+3 2.93347500E+2
1.12340002E+3 1.00895401E+0 1.12340002E+3 2.93347500E+2
1.12440002E+3 1.00895401E+0 1.12440002E+3 2.93347500E+2
1.12540002E+3 1.00814001E+0 1.12540002E+3 2.93347500E+2
1.12640002E+3 1.00895401E+0 1.12640002E+3 2.93347500E+2
1.12740002E+3 1.00895401E+0 1.12740002E+3 2.93347500E+2
1.12840002E+3 1.00895401E+0 1.12850000E+3 2.93347500E+2
1.12940002E+3 1.00732601E+0 1.12950000E+3 2.93347500E+2
1.13040002E+3 1.00814001E+0 1.13050000E+3 2.93347500E+2
1.13140002E+3 1.00854701E+0 1.13150000E+3 2.93347500E+2
1.13240002E+3 1.00732601E+0 1.13250000E+3 2.93347500E+2
1.13350000E+3 1.00895401E+0 1.13350000E+3 2.93347500E+2
1.13450000E+3 1.00773301E+0 1.13450000E+3 2.93347500E+2
1.13550000E+3 1.00773301E+0 1.13550000E+3 2.93347500E+2
1.13650000E+3 1.00773301E+0 1.13659998E+3 2.93347500E+2
1.13750000E+3 1.00732601E+0 1.13759998E+3 2.93347500E+2
1.13850000E+3 1.00895401E+0 1.13859998E+3 2.93347500E+2
1.13950000E+3 1.00895401E+0 1.13959998E+3 2.93347500E+2
1.14050000E+3 1.00773301E+0 1.14059998E+3 2.93347500E+2
1.14150000E+3 1.00814001E+0 1.14159998E+3 2.93347500E+2
1.14250000E+3 1.00814001E+0 1.14259998E+3 2.93347500E+2
1.14350000E+3 1.00732601E+0 1.14359998E+3 2.93347500E+2
1.14450000E+3 1.00814001E+0 1.14459998E+3 2.93347500E+2
1.14550000E+3 1.00895401E+0 1.14559998E+3 2.93347500E+2
1.14650000E+3 1.00814001E+0 1.14659998E+3 2.93347500E+2
1.14750000E+3 1.00773301E+0 1.14759998E+3 2.93347500E+2
1.14850000E+3 1.00773301E+0 1.14859998E+3 2.93347500E+2
1.14950000E+3 1.00773301E+0 1.14959998E+3 2.93347500E+2
1.15050000E+3 1.00814001E+0 1.15059998E+3 2.93347500E+2
1.15150000E+3 1.00814001E+0 1.15159998E+3 2.93347500E+2
1.15250000E+3 1.00773301E+0 1.15259998E+3 2.93347500E+2
1.15350000E+3 1.00895401E+0 1.15359998E+3 2.93347500E+2
1.15450000E+3 1.00895401E+0 1.15459998E+3 2.93347500E+2
1.15550000E+3 1.00814001E+0 1.15559998E+3 2.93347500E+2
1.15650000E+3 1.00773301E+0 1.15659998E+3 2.93347500E+2
1.15750000E+3 1.00895401E+0 1.15759998E+3 2.93347500E+2
1.15850000E+3 1.00814001E+0 1.15859998E+3 2.93347500E+2
1.15950000E+3 1.00814001E+0 1.15959998E+3 2.93347500E+2
1.16050000E+3 1.00732601E+0 1.16059998E+3 2.93347500E+2
1.16150000E+3 1.00814001E+0 1.16159998E+3 2.93347500E+2
1.16250000E+3 1.00814001E+0 1.16259998E+3 2.93347500E+2
1.16350000E+3 1.00895401E+0 1.16359998E+3 2.93347500E+2
1.16450000E+3 1.00895401E+0 1.16459998E+3 2.93347500E+2
1.16550000E+3 1.00895401E+0 1.16559998E+3 2.93347500E+2
1.16650000E+3 1.00814001E+0 1.16659998E+3 2.93347500E+2
1.16750000E+3 1.00773301E+0 1.16759998E+3 2.93347500E+2
1.16850000E+3 1.01505901E+0 1.16859998E+3 2.93347500E+2
1.16950000E+3 1.00895401E+0 1.16959998E+3 2.93347500E+2
1.17050000E+3 1.00895401E+0 1.17059998E+3 2.93347500E+2
1.17150000E+3 1.00814001E+0 1.17159998E+3 2.93347500E+2
1.17250000E+3 1.00895401E+0 1.17259998E+3 2.93347500E+2
1.17350000E+3 1.00895401E+0 1.17359998E+3 2.93347500E+2
1.17450000E+3 1.00814001E+0 1.17459998E+3 2.93347500E+2
1.17550000E+3 1.00814001E+0 1.17559998E+3 2.93347500E+2
1.17650000E+3 1.00895401E+0 1.17659998E+3 2.93347500E+2
1.17750000E+3 1.00732601E+0 1.17759998E+3 2.93347500E+2
1.17850000E+3 1.00854701E+0 1.17859998E+3 2.93347500E+2
1.17950000E+3 1.00895401E+0 1.17959998E+3 2.93347500E+2
1.18050000E+3 1.00773301E+0 1.18059998E+3 2.93347500E+2
1.18150000E+3 1.00895401E+0 1.18159998E+3 2.93347500E+2
1.18250000E+3 1.00814001E+0 1.18259998E+3 2.93347500E+2
1.18350000E+3 1.00895401E+0 1.18359998E+3 2.93347500E+2
1.18450000E+3 1.00773301E+0 1.18459998E+3 2.93347500E+2
1.18550000E+3 1.00773301E+0 1.18559998E+3 2.93347500E+2
1.18650000E+3 1.00732601E+0 1.18659998E+3 2.93347500E+2
1.18750000E+3 1.00895401E+0 1.18759998E+3 2.93347500E+2
1.18850000E+3 1.00895401E+0 1.18859998E+3 2.93347500E+2
1.18950000E+3 1.00814001E+0 1.18959998E+3 2.93347500E+2
1.19050000E+3 1.00773301E+0 1.19059998E+3 2.93347500E+2
1.19150000E+3 1.00773301E+0 1.19159998E+3 2.93347500E+2
1.19250000E+3 1.00814001E+0 1.19259998E+3 2.93347500E+2
1.19350000E+3 1.00895401E+0 1.19359998E+3 2.93347500E+2
1.19450000E+3 1.00732601E+0 1.19459998E+3 2.93347500E+2
1.19550000E+3 1.00895401E+0 1.19559998E+3 2.93347500E+2
1.19650000E+3 1.00895401E+0 1.19659998E+3 2.93347500E+2
1.19750000E+3 1.00773301E+0 1.19759998E+3 2.93347500E+2
1.19850000E+3 1.00895401E+0 1.19859998E+3 2.93347500E+2
1.19950000E+3 1.00732601E+0 1.19959998E+3 2.93347500E+2
1.20050000E+3 1.00732601E+0 1.20059998E+3 2.93347500E+2
1.20150000E+3 1.00773301E+0 1.20159998E+3 2.93347500E+2
1.20250000E+3 1.00773301E+0 1.20259998E+3 2.93347500E+2
1.20350000E+3 1.00814001E+0 1.20359998E+3 2.93347500E+2
1.20450000E+3 1.00773301E+0 1.20459998E+3 2.93347500E+2
1.20550000E+3 1.00773301E+0 1.20559998E+3 2.93347500E+2
1.20650000E+3 1.00895401E+0 1.20659998E+3 2.93347500E+2
1.20750000E+3 1.00773301E+0 1.20759998E+3 2.93347500E+2
1.20850000E+3 1.00895401E+0 1.20859998E+3 2.93347500E+2
1.20950000E+3 1.00814001E+0 1.20950000E+3 2.93347500E+2
1.21050000E+3 1.00814001E+0 1.21059998E+3 2.93347500E+2
1.21150000E+3 1.00773301E+0 1.21159998E+3 2.93347500E+2
1.21250000E+3 1.00773301E+0 1.21259998E+3 2.93347500E+2
1.21350000E+3 1.00814001E+0 1.21359998E+3 2.93285000E+2
1.21450000E+3 1.00814001E+0 1.21459998E+3 2.93347500E+2
1.21550000E+3 1.00814001E+0 1.21559998E+3 2.93347500E+2
1.21650000E+3 1.00814001E+0 1.21659998E+3 2.93347500E+2
1.21750000E+3 1.00895401E+0 1.21759998E+3 2.93347500E+2
1.21850000E+3 1.00773301E+0 1.21859998E+3 2.93347500E+2
1.21950000E+3 1.00814001E+0 1.21959998E+3 2.93347500E+2
1.22050000E+3 1.00773301E+0 1.22059998E+3 2.93347500E+2
1.22150000E+3 1.00773301E+0 1.22159998E+3 2.93347500E+2
1.22250000E+3 1.00895401E+0 1.22259998E+3 2.93347500E+2
1.22350000E+3 1.00814001E+0 1.22359998E+3 2.93347500E+2
1.22450000E+3 1.00814001E+0 1.22459998E+3 2.93347500E+2
1.22550000E+3 1.00773301E+0 1.22559998E+3 2.93347500E+2
1.22650000E+3 1.00773301E+0 1.22659998E+3 2.93347500E+2
1.22750000E+3 1.00773301E+0 1.22759998E+3 2.93347500E+2
1.22850000E+3 1.00814001E+0 1.22859998E+3 2.93347500E+2
1.22950000E+3 1.00895401E+0 1.22959998E+3 2.93347500E+2
1.23050000E+3 1.00732601E+0 1.23050000E+3 2.93347500E+2
1.23150000E+3 1.00895401E+0 1.23159998E+3 2.93347500E+2
1.23250000E+3 1.00814001E+0 1.23259998E+3 2.93347500E+2
1.23350000E+3 1.00814001E+0 1.23359998E+3 2.93347500E+2
1.23450000E+3 1.00814001E+0 1.23459998E+3 2.93347500E+2
1.23550000E+3 1.00895401E+0 1.23559998E+3 2.93347500E+2
1.23650000E+3 1.00732601E+0 1.23659998E+3 2.93347500E+2
1.23750000E+3 1.00814001E+0 1.23759998E+3 2.93347500E+2
1.23850000E+3 1.00895401E+0 1.23859998E+3 2.93347500E+2
1.23950000E+3 1.00773301E+0 1.23959998E+3 2.93347500E+2
1.24050000E+3 1.00895401E+0 1.24059998E+3 2.93347500E+2
1.24150000E+3 1.00895401E+0 1.24159998E+3 2.93347500E+2
1.24250000E+3 1.00814001E+0 1.24259998E+3 2.93347500E+2
1.24350000E+3 1.00814001E+0 1.24359998E+3 2.93347500E+2
1.24450000E+3 1.00773301E+0 1.24459998E+3 2.93347500E+2
1.24550000E+3 1.00773301E+0 1.24559998E+3 2.93347500E+2
1.24650000E+3 1.00854701E+0 1.24659998E+3 2.93285000E+2
1.24750000E+3 1.00773301E+0 1.24750000E+3 2.93347500E+2
1.24850000E+3 1.00732601E+0 1.24859998E+3 2.93347500E+2
1.24950000E+3 1.00773301E+0 1.24959998E+3 2.93347500E+2
1.25050000E+3 1.00895401E+0 1.25059998E+3 2.93347500E+2
1.25150000E+3 1.00895401E+0 1.25159998E+3 2.93347500E+2
1.25250000E+3 1.00814001E+0 1.25259998E+3 2.93347500E+2
1.25350000E+3 1.00773301E+0 1.25359998E+3 2.93347500E+2
1.25450000E+3 1.00773301E+0 1.25459998E+3 2.93347500E+2
1.25550000E+3 1.00895401E+0 1.25559998E+3 2.93347500E+2
1.25650000E+3 1.00895401E+0 1.25659998E+3 2.93347500E+2
1.25750000E+3 1.00814001E+0 1.25759998E+3 2.93347500E+2
1.25850000E+3 1.00814001E+0 1.25859998E+3 2.93347500E+2
1.25950000E+3 1.00814001E+0 1.25959998E+3 2.93347500E+2
1.26050000E+3 1.00773301E+0 1.26059998E+3 2.93347500E+2
1.26150000E+3 1.00895401E+0 1.26159998E+3 2.93347500E+2
1.26250000E+3 1.00814001E+0 1.26259998E+3 2.93347500E+2
1.26350000E+3 1.00814001E+0 1.26359998E+3 2.93347500E+2
1.26450000E+3 1.00773301E+0 1.26459998E+3 2.93347500E+2
1.26550000E+3 1.00773301E+0 1.26559998E+3 2.93347500E+2
1.26650000E+3 1.00895401E+0 1.26659998E+3 2.93347500E+2
1.26750000E+3 1.00814001E+0 1.26759998E+3 2.93347500E+2
1.26850000E+3 1.00773301E+0 1.26859998E+3 2.93347500E+2
1.26950000E+3 1.00814001E+0 1.26959998E+3 2.93347500E+2
1.27050000E+3 1.00773301E+0 1.27059998E+3 2.93347500E+2
1.27150000E+3 1.00854701E+0 1.27159998E+3 2.93347500E+2
1.27250000E+3 1.00773301E+0 1.27259998E+3 2.93347500E+2
1.27350000E+3 1.00773301E+0 1.27359998E+3 2.93347500E+2
1.27450000E+3 1.00732601E+0 1.27459998E+3 2.93285000E+2
1.27559998E+3 1.00814001E+0 1.27559998E+3 2.93347500E+2
1.27659998E+3 1.00895401E+0 1.27659998E+3 2.93347500E+2
1.27759998E+3 1.00814001E+0 1.27759998E+3 2.93347500E+2
1.27859998E+3 1.00814001E+0 1.27859998E+3 2.93347500E+2
1.27959998E+3 1.00814001E+0 1.27969995E+3 2.93347500E+2
1.28059998E+3 1.00814001E+0 1.28059998E+3 2.93347500E+2
1.28159998E+3 1.00814001E+0 1.28159998E+3 2.93347500E+2
1.28259998E+3 1.00773301E+0 1.28269995E+3 2.93347500E+2
1.28359998E+3 1.00895401E+0 1.28369995E+3 2.93347500E+2
1.28459998E+3 1.00732601E+0 1.28469995E+3 2.93347500E+2
1.28559998E+3 1.00814001E+0 1.28569995E+3 2.93347500E+2
1.28659998E+3 1.00895401E+0 1.28669995E+3 2.93347500E+2
1.28759998E+3 1.00814001E+0 1.28769995E+3 2.93347500E+2
1.28859998E+3 1.00895401E+0 1.28869995E+3 2.93347500E+2
1.28959998E+3 1.00814001E+0 1.28969995E+3 2.93347500E+2
1.29059998E+3 1.00773301E+0 1.29069995E+3 2.93347500E+2
1.29159998E+3 1.00814001E+0 1.29169995E+3 2.93347500E+2
1.29259998E+3 1.00773301E+0 1.29269995E+3 2.93347500E+2
1.29359998E+3 1.00773301E+0 1.29369995E+3 2.93347500E+2
1.29459998E+3 1.00814001E+0 1.29469995E+3 2.93347500E+2
1.29559998E+3 1.00732601E+0 1.29569995E+3 2.93347500E+2
1.29659998E+3 1.00895401E+0 1.29669995E+3 2.93347500E+2
1.29769995E+3 1.00814001E+0 1.29780005E+3 2.93285000E+2
1.29869995E+3 1.00854701E+0 1.29869995E+3 2.93347500E+2
1.29969995E+3 1.00895401E+0 1.29980005E+3 2.93347500E+2
1.30069995E+3 1.00732601E+0 1.30069995E+3 2.93347500E+2
1.30169995E+3 1.00732601E+0 1.30169995E+3 2.93347500E+2
1.30280005E+3 1.00773301E+0 1.30290002E+3 2.93347500E+2
1.30369995E+3 1.00895401E+0 1.30369995E+3 2.93347500E+2
