0.00000000E+0 1.00967450E+0 1.00000001E-1 2.90160000E+2
1.20000005E+0 1.00962754E+0 1.29999995E+0 2.90160000E+2
2.20000005E+0 1.00963757E+0 2.29999995E+0 2.90222500E+2
3.20000005E+0 1.00963602E+0 3.29999995E+0 2.90160000E+2
4.19999981E+0 1.00970470E+0 4.30000019E+0 2.90160000E+2
5.19999981E+0 1.00965357E+0 5.30000019E+0 2.90160000E+2
6.19999981E+0 1.00968147E+0 6.30000019E+0 2.90160000E+2
7.19999981E+0 1.00964251E+0 7.19999981E+0 2.90160000E+2
8.19999981E+0 1.00967222E+0 8.30000019E+0 2.90160000E+2
9.19999981E+0 1.00961213E+0 9.30000019E+0 2.90160000E+2
1.01999998E+1 1.00966115E+0 1.03000002E+1 2.90160000E+2
1.11999998E+1 1.00961213E+0 1.13000002E+1 2.90160000E+2
1.21999998E+1 1.00965169E+0 1.21999998E+1 2.90160000E+2
1.31999998E+1 1.00956774E+0 1.33000002E+1 2.90160000E+2
1.41999998E+1 1.00964326E+0 1.43000002E+1 2.90160000E+2
1.51999998E+1 1.00965210E+0 1.51999998E+1 2.90160000E+2
1.62000008E+1 1.00966106E+0 1.62000008E+1 2.90160000E+2
1.72000008E+1 1.00963054E+0 1.72999992E+1 2.90160000E+2
1.82000008E+1 1.00963848E+0 1.82999992E+1 2.90160000E+2
1.92000008E+1 1.00961423E+0 1.92999992E+1 2.90160000E+2
2.02000008E+1 1.00972099E+0 2.02999992E+1 2.90160000E+2
2.12000008E+1 1.00971725E+0 2.12999992E+1 2.90160000E+2
2.22000008E+1 1.00970564E+0 2.22999992E+1 2.90160000E+2
2.32000008E+1 1.00959277E+0 2.32999992E+1 2.90160000E+2
2.42000008E+1 1.00959442E+0 2.42000008E+1 2.90160000E+2
2.52000008E+1 1.00961255E+0 2.52999992E+1 2.90160000E+2
2.62000008E+1 1.00960842E+0 2.62999992E+1 2.90160000E+2
2.72000008E+1 1.00962901E+0 2.72000008E+1 2.90160000E+2
2.82000008E+1 1.00962913E+0 2.82000008E+1 2.90160000E+2
2.92000008E+1 1.00963046E+0 2.92999992E+1 2.90160000E+2
3.02000008E+1 1.00964392E+0 3.02000008E+1 2.90160000E+2
3.12000008E+1 1.00967140E+0 3.12999992E+1 2.90160000E+2
3.22999992E+1 1.00959562E+0 3.22999992E+1 2.90160000E+2
3.32000008E+1 1.00966100E+0 3.32999992E+1 2.90160000E+2
3.42000008E+1 1.00967978E+0 3.42999992E+1 2.90160000E+2
3.52000008E+1 1.00959925E+0 3.52999992E+1 2.90160000E+2
3.62000008E+1 1.00960791E+0 3.62000008E+1 2.90160000E+2
3.72000008E+1 1.00965539E+0 3.72000008E+1 2.90160000E+2
3.82000008E+1 1.00969394E+0 3.82999992E+1 2.90222500E+2
3.92000008E+1 1.00964885E+0 3.92999992E+1 2.90160000E+2
4.02000008E+1 1.00960130E+0 4.02999992E+1 2.90160000E+2
4.12000008E+1 1.00963541E+0 4.12999992E+1 2.90160000E+2
4.22000008E+1 1.00960455E+0 4.22999992E+1 2.90160000E+2
4.32000008E+1 1.00966733E+0 4.32999992E+1 2.90160000E+2
4.42000008E+1 1.00964812E+0 4.42999992E+1 2.90222500E+2
4.52000008E+1 1.00968380E+0 4.52999992E+1 2.90160000E+2
4.62000008E+1 1.00967079E+0 4.62999992E+1 2.90160000E+2
4.72000008E+1 1.00965288E+0 4.72999992E+1 2.90160000E+2
4.82000008E+1 1.00965642E+0 4.82999992E+1 2.90160000E+2
4.92000008E+1 1.00976817E+0 4.92999992E+1 2.90160000E+2
5.02000008E+1 1.00969492E+0 5.02000008E+1 2.90160000E+2
5.12000008E+1 1.00967729E+0 5.12999992E+1 2.90160000E+2
5.22000008E+1 1.00972133E+0 5.22999992E+1 2.90160000E+2
5.32000008E+1 1.00963661E+0 5.32999992E+1 2.90160000E+2
5.42000008E+1 1.00969009E+0 5.42999992E+1 2.90222500E+2
5.52000008E+1 1.00962066E+0 5.52999992E+1 2.90222500E+2
5.62000008E+1 1.00972207E+0 5.62999992E+1 2.90222500E+2
5.72000008E+1 1.00966385E+0 5.72999992E+1 2.90222500E+2
5.82000008E+1 1.00960280E+0 5.82999992E+1 2.90222500E+2
5.92000008E+1 1.00967804E+0 5.92999992E+1 2.90160000E+2
6.02000008E+1 1.00951955E+0 6.02999992E+1 2.90160000E+2
6.12000008E+1 1.00976901E+0 6.12999992E+1 2.90160000E+2
6.22000008E+1 1.00969079E+0 6.22999992E+1 2.90222500E+2
6.32000008E+1 1.00959734E+0 6.32999992E+1 2.90160000E+2
6.41999969E+1 1.00963755E+0 6.41999969E+1 2.90160000E+2
6.51999969E+1 1.00963653E+0 6.53000031E+1 2.90160000E+2
6.61999969E+1 1.00967684E+0 6.63000031E+1 2.90160000E+2
6.71999969E+1 1.00965984E+0 6.71999969E+1 2.90160000E+2
6.81999969E+1 1.00966124E+0 6.83000031E+1 2.90160000E+2
6.91999969E+1 1.00968015E+0 6.93000031E+1 2.90222500E+2
7.01999969E+1 1.00966712E+0 7.03000031E+1 2.90160000E+2
7.11999969E+1 1.00972737E+0 7.11999969E+1 2.90222500E+2
7.21999969E+1 1.00967797E+0 7.23000031E+1 2.90222500E+2
7.31999969E+1 1.00963246E+0 7.33000031E+1 2.90222500E+2
7.41999969E+1 1.00965473E+0 7.43000031E+1 2.90160000E+2
7.51999969E+1 1.00970867E+0 7.53000031E+1 2.90160000E+2
7.61999969E+1 1.00967865E+0 7.63000031E+1 2.90160000E+2
7.71999969E+1 1.00963608E+0 7.71999969E+1 2.90222500E+2
7.81999969E+1 1.00959029E+0 7.83000031E+1 2.90222500E+2
7.91999969E+1 1.00961805E+0 7.91999969E+1 2.90160000E+2
8.01999969E+1 1.00963757E+0 8.03000031E+1 2.90160000E+2
8.11999969E+1 1.00964358E+0 8.13000031E+1 2.90160000E+2
8.21999969E+1 1.00959638E+0 8.23000031E+1 2.90160000E+2
8.31999969E+1 1.00964544E+0 8.31999969E+1 2.90160000E+2
8.41999969E+1 1.00970497E+0 8.43000031E+1 2.90160000E+2
8.51999969E+1 1.00968702E+0 8.53000031E+1 2.90222500E+2
8.61999969E+1 1.00962820E+0 8.63000031E+1 2.90222500E+2
8.71999969E+1 1.00962552E+0 8.73000031E+1 2.90160000E+2
8.81999969E+1 1.00961873E+0 8.83000031E+1 2.90160000E+2
8.91999969E+1 1.00965811E+0 8.93000031E+1 2.90160000E+2
9.01999969E+1 1.00971370E+0 9.03000031E+1 2.90160000E+2
9.11999969E+1 1.00966282E+0 9.13000031E+1 2.90222500E+2
9.21999969E+1 1.00966407E+0 9.23000031E+1 2.90222500E+2
9.31999969E+1 1.00964868E+0 9.33000031E+1 2.90160000E+2
9.41999969E+1 1.00970472E+0 9.41999969E+1 2.90160000E+2
9.51999969E+1 1.00960208E+0 9.53000031E+1 2.90160000E+2
9.61999969E+1 1.00966753E+0 9.63000031E+1 2.90160000E+2
9.71999969E+1 1.00975756E+0 9.73000031E+1 2.90160000E+2
9.81999969E+1 1.00961376E+0 9.81999969E+1 2.90160000E+2
9.91999969E+1 1.00959527E+0 9.93000031E+1 2.90222500E+2
1.00199997E+2 1.00966014E+0 1.00300003E+2 2.90222500E+2
1.01199997E+2 1.00961812E+0 1.01199997E+2 2.90222500E+2
1.02199997E+2 1.00955344E+0 1.02300003E+2 2.90222500E+2
1.03199997E+2 1.00961645E+0 1.03300003E+2 2.90222500E+2
1.04199997E+2 1.00960998E+0 1.04300003E+2 2.90222500E+2
1.05199997E+2 1.00963738E+0 1.05300003E+2 2.90222500E+2
1.06199997E+2 1.00970093E+0 1.06300003E+2 2.90160000E+2
1.07199997E+2 1.00965888E+0 1.07300003E+2 2.90222500E+2
1.08199997E+2 1.00967525E+0 1.08300003E+2 2.90160000E+2
1.09199997E+2 1.00960338E+0 1.09300003E+2 2.90160000E+2
1.10199997E+2 1.00966930E+0 1.10300003E+2 2.90160000E+2
1.11199997E+2 1.00965949E+0 1.11300003E+2 2.90160000E+2
1.12199997E+2 1.00962526E+0 1.12300003E+2 2.90160000E+2
1.13199997E+2 1.00965047E+0 1.13300003E+2 2.90160000E+2
1.14199997E+2 1.00964261E+0 1.14300003E+2 2.90222500E+2
1.15199997E+2 1.00967842E+0 1.15300003E+2 2.90160000E+2
1.16199997E+2 1.00971521E+0 1.16300003E+2 2.90160000E+2
1.17199997E+2 1.00957510E+0 1.17300003E+2 2.90160000E+2
1.18199997E+2 1.00975426E+0 1.18199997E+2 2.90222500E+2
1.19199997E+2 1.00965823E+0 1.19300003E+2 2.90222500E+2
1.20199997E+2 1.00963343E+0 1.20199997E+2 2.90222500E+2
1.21199997E+2 1.00966999E+0 1.21300003E+2 2.90222500E+2
1.22199997E+2 1.00964689E+0 1.22300003E+2 2.90222500E+2
1.23199997E+2 1.00955859E+0 1.23300003E+2 2.90160000E+2
1.24199997E+2 1.00961117E+0 1.24300003E+2 2.90222500E+2
1.25199997E+2 1.00969997E+0 1.25199997E+2 2.90160000E+2
1.26199997E+2 1.00967571E+0 1.26199997E+2 2.90160000E+2
1.27199997E+2 1.00962652E+0 1.27300003E+2 2.90222500E+2
1.28199997E+2 1.00966676E+0 1.28199997E+2 2.90222500E+2
1.29199997E+2 1.00958507E+0 1.29300003E+2 2.90160000E+2
1.30199997E+2 1.00962169E+0 1.30300003E+2 2.90222500E+2
1.31199997E+2 1.00967138E+0 1.31300003E+2 2.90222500E+2
1.32199997E+2 1.00973923E+0 1.32300003E+2 2.90222500E+2
1.33199997E+2 1.00963752E+0 1.33199997E+2 2.90222500E+2
1.34199997E+2 1.00964290E+0 1.34300003E+2 2.90222500E+2
1.35199997E+2 1.00962024E+0 1.35300003E+2 2.90222500E+2
1.36199997E+2 1.00973272E+0 1.36300003E+2 2.90222500E+2
1.37199997E+2 1.00967372E+0 1.37300003E+2 2.90222500E+2
1.38199997E+2 1.00969643E+0 1.38300003E+2 2.90222500E+2
1.39199997E+2 1.00965569E+0 1.39300003E+2 2.90222500E+2
1.40199997E+2 1.00958265E+0 1.40300003E+2 2.90222500E+2
1.41199997E+2 1.00967622E+0 1.41300003E+2 2.90222500E+2
1.42199997E+2 1.00967936E+0 1.42300003E+2 2.90222500E+2
1.43199997E+2 1.00963216E+0 1.43300003E+2 2.90222500E+2
1.44199997E+2 1.00965642E+0 1.44300003E+2 2.90222500E+2
1.45199997E+2 1.00961135E+0 1.45300003E+2 2.90160000E+2
1.46199997E+2 1.00964229E+0 1.46300003E+2 2.90160000E+2
1.47199997E+2 1.00965095E+0 1.47300003E+2 2.90160000E+2
1.48300003E+2 1.00970626E+0 1.48300003E+2 2.90222500E+2
1.49199997E+2 1.00967203E+0 1.49300003E+2 2.90222500E+2
1.50199997E+2 1.00960431E+0 1.50300003E+2 2.90222500E+2
1.51199997E+2 1.00965659E+0 1.51199997E+2 2.90222500E+2
1.52199997E+2 1.00969743E+0 1.52300003E+2 2.90160000E+2
1.53199997E+2 1.00957161E+0 1.53300003E+2 2.90222500E+2
1.54199997E+2 1.00962084E+0 1.54300003E+2 2.90222500E+2
1.55199997E+2 1.00966121E+0 1.55300003E+2 2.90160000E+2
1.56199997E+2 1.00967328E+0 1.56300003E+2 2.90222500E+2
1.57199997E+2 1.00963696E+0 1.57300003E+2 2.90222500E+2
1.58199997E+2 1.00972002E+0 1.58300003E+2 2.90222500E+2
1.59199997E+2 1.00967898E+0 1.59300003E+2 2.90222500E+2
1.60199997E+2 1.00975246E+0 1.60300003E+2 2.90222500E+2
1.61199997E+2 1.00968759E+0 1.61199997E+2 2.90222500E+2
1.62199997E+2 1.00971724E+0 1.62300003E+2 2.90222500E+2
1.63199997E+2 1.00964157E+0 1.63300003E+2 2.90222500E+2
1.64199997E+2 1.00973553E+0 1.64300003E+2 2.90222500E+2
1.65199997E+2 1.00966432E+0 1.65300003E+2 2.90222500E+2
1.66199997E+2 1.00969840E+0 1.66199997E+2 2.90222500E+2
1.67199997E+2 1.00962113E+0 1.67300003E+2 2.90222500E+2
1.68199997E+2 1.00963683E+0 1.68300003E+2 2.90222500E+2
1.69199997E+2 1.00971979E+0 1.69300003E+2 2.90222500E+2
1.70199997E+2 1.00975480E+0 1.70300003E+2 2.90222500E+2
1.71199997E+2 1.00962910E+0 1.71300003E+2 2.90222500E+2
1.72199997E+2 1.00971387E+0 1.72300003E+2 2.90222500E+2
1.73199997E+2 1.00969568E+0 1.73300003E+2 2.90222500E+2
1.74199997E+2 1.00966260E+0 1.74300003E+2 2.90222500E+2
1.75199997E+2 1.00967270E+0 1.75300003E+2 2.90222500E+2
1.76199997E+2 1.00967564E+0 1.76199997E+2 2.90222500E+2
1.77199997E+2 1.00961038E+0 1.77199997E+2 2.90222500E+2
1.78199997E+2 1.00969128E+0 1.78300003E+2 2.90222500E+2
1.79199997E+2 1.00969666E+0 1.79300003E+2 2.90222500E+2
1.80199997E+2 1.00967337E+0 1.80300003E+2 2.90222500E+2
1.81199997E+2 1.00967421E+0 1.81300003E+2 2.90222500E+2
1.82199997E+2 1.00966870E+0 1.82199997E+2 2.90222500E+2
1.83199997E+2 1.00966130E+0 1.83199997E+2 2.90222500E+2
1.84199997E+2 1.00969668E+0 1.84300003E+2 2.90222500E+2
1.85199997E+2 1.00972041E+0 1.85300003E+2 2.90222500E+2
1.86199997E+2 1.00969124E+0 1.86300003E+2 2.90222500E+2
1.87199997E+2 1.00965308E+0 1.87300003E+2 2.90222500E+2
1.88199997E+2 1.00957523E+0 1.88300003E+2 2.90222500E+2
1.89199997E+2 1.00968734E+0 1.89300003E+2 2.90222500E+2
1.90199997E+2 1.00960267E+0 1.90300003E+2 2.90222500E+2
1.91300003E+2 1.00963749E+0 1.91300003E+2 2.90222500E+2
1.92199997E+2 1.00969554E+0 1.92300003E+2 2.90222500E+2
1.93199997E+2 1.00966018E+0 1.93300003E+2 2.90222500E+2
1.94199997E+2 1.00965535E+0 1.94300003E+2 2.90222500E+2
1.95199997E+2 1.00967758E+0 1.95300003E+2 2.90222500E+2
1.96199997E+2 1.00959580E+0 1.96300003E+2 2.90222500E+2
1.97199997E+2 1.00967299E+0 1.97300003E+2 2.90222500E+2
1.98199997E+2 1.00968220E+0 1.98300003E+2 2.90222500E+2
1.99199997E+2 1.00972419E+0 1.99300003E+2 2.90222500E+2
2.00199997E+2 1.00976399E+0 2.00300003E+2 2.90222500E+2
2.01199997E+2 1.00960478E+0 2.01300003E+2 2.90222500E+2
2.02199997E+2 1.00967583E+0 2.02300003E+2 2.90222500E+2
2.03199997E+2 1.00969478E+0 2.03300003E+2 2.90222500E+2
2.04199997E+2 1.00969626E+0 2.04300003E+2 2.90222500E+2
2.05199997E+2 1.00956625E+0 2.05300003E+2 2.90222500E+2
2.06199997E+2 1.00968397E+0 2.06300003E+2 2.90222500E+2
2.07199997E+2 1.00967676E+0 2.07300003E+2 2.90222500E+2
2.08199997E+2 1.00965205E+0 2.08300003E+2 2.90222500E+2
2.09199997E+2 1.00970883E+0 2.09199997E+2 2.90222500E+2
2.10199997E+2 1.00969417E+0 2.10300003E+2 2.90222500E+2
2.11199997E+2 1.00969181E+0 2.11300003E+2 2.90222500E+2
2.12199997E+2 1.00963391E+0 2.12300003E+2 2.90222500E+2
2.13199997E+2 1.00958290E+0 2.13300003E+2 2.90222500E+2
2.14199997E+2 1.00967450E+0 2.14300003E+2 2.90222500E+2
2.15199997E+2 1.00967413E+0 2.15300003E+2 2.90222500E+2
2.16199997E+2 1.00968125E+0 2.16300003E+2 2.90222500E+2
2.17199997E+2 1.00968908E+0 2.17300003E+2 2.90222500E+2
2.18199997E+2 1.00970150E+0 2.18300003E+2 2.90222500E+2
2.19199997E+2 1.00974754E+0 2.19300003E+2 2.90222500E+2
2.20199997E+2 1.00972128E+0 2.20300003E+2 2.90222500E+2
2.21199997E+2 1.00972339E+0 2.21300003E+2 2.90222500E+2
2.22199997E+2 1.00976281E+0 2.22300003E+2 2.90222500E+2
2.23199997E+2 1.00967116E+0 2.23300003E+2 2.90222500E+2
2.24199997E+2 1.00966909E+0 2.24300003E+2 2.90222500E+2
2.25199997E+2 1.00969045E+0 2.25300003E+2 2.90222500E+2
2.26199997E+2 1.00958344E+0 2.26300003E+2 2.90222500E+2
2.27199997E+2 1.00971151E+0 2.27300003E+2 2.90222500E+2
2.28199997E+2 1.00963997E+0 2.28300003E+2 2.90222500E+2
2.29199997E+2 1.00968780E+0 2.29300003E+2 2.90222500E+2
2.30199997E+2 1.00968236E+0 2.30300003E+2 2.90222500E+2
2.31199997E+2 1.00969492E+0 2.31199997E+2 2.90222500E+2
2.32199997E+2 1.00965961E+0 2.32300003E+2 2.90222500E+2
2.33199997E+2 1.00969382E+0 2.33300003E+2 2.90222500E+2
2.34199997E+2 1.00965758E+0 2.34300003E+2 2.90222500E+2
2.35199997E+2 1.00964223E+0 2.35300003E+2 2.90222500E+2
2.36199997E+2 1.00966558E+0 2.36300003E+2 2.90222500E+2
2.37199997E+2 1.00968738E+0 2.37199997E+2 2.90222500E+2
2.38199997E+2 1.00976923E+0 2.38300003E+2 2.90222500E+2
2.39199997E+2 1.00966953E+0 2.39300003E+2 2.90222500E+2
2.40199997E+2 1.00970794E+0 2.40300003E+2 2.90222500E+2
2.41199997E+2 1.00965853E+0 2.41300003E+2 2.90222500E+2
2.42199997E+2 1.00964516E+0 2.42300003E+2 2.90222500E+2
2.43199997E+2 1.00967452E+0 2.43300003E+2 2.90222500E+2
2.44199997E+2 1.00969701E+0 2.44300003E+2 2.90222500E+2
2.45199997E+2 1.00965982E+0 2.45300003E+2 2.90222500E+2
2.46199997E+2 1.00968907E+0 2.46300003E+2 2.90222500E+2
2.47199997E+2 1.00964270E+0 2.47300003E+2 2.90222500E+2
2.48199997E+2 1.00956800E+0 2.48300003E+2 2.90222500E+2
2.49199997E+2 1.00967377E+0 2.49300003E+2 2.90222500E+2
2.50199997E+2 1.00969293E+0 2.50300003E+2 2.90222500E+2
2.51199997E+2 1.00966037E+0 2.51300003E+2 2.90222500E+2
2.52199997E+2 1.00966147E+0 2.52300003E+2 2.90222500E+2
2.53199997E+2 1.00969163E+0 2.53300003E+2 2.90222500E+2
2.54199997E+2 1.00960925E+0 2.54300003E+2 2.90222500E+2
2.55199997E+2 1.00971760E+0 2.55300003E+2 2.90222500E+2
2.56200012E+2 1.00969690E+0 2.56299988E+2 2.90222500E+2
2.57200012E+2 1.00971441E+0 2.57299988E+2 2.90222500E+2
2.58200012E+2 1.00959450E+0 2.58200012E+2 2.90222500E+2
2.59200012E+2 1.00965068E+0 2.59299988E+2 2.90222500E+2
2.60200012E+2 1.00969524E+0 2.60299988E+2 2.90222500E+2
2.61200012E+2 1.00964085E+0 2.61299988E+2 2.90222500E+2
2.62200012E+2 1.00959637E+0 2.62200012E+2 2.90222500E+2
2.63200012E+2 1.00963416E+0 2.63200012E+2 2.90222500E+2
2.64200012E+2 1.00976954E+0 2.64299988E+2 2.90222500E+2
2.65200012E+2 1.00967505E+0 2.65299988E+2 2.90222500E+2
2.66200012E+2 1.00960623E+0 2.66200012E+2 2.90222500E+2
2.67200012E+2 1.00963784E+0 2.67299988E+2 2.90222500E+2
2.68200012E+2 1.00965047E+0 2.68299988E+2 2.90222500E+2
2.69200012E+2 1.00971502E+0 2.69299988E+2 2.90222500E+2
2.70200012E+2 1.00971289E+0 2.70299988E+2 2.90222500E+2
2.71200012E+2 1.00961535E+0 2.71299988E+2 2.90222500E+2
2.72200012E+2 1.00964416E+0 2.72299988E+2 2.90222500E+2
2.73200012E+2 1.00965606E+0 2.73299988E+2 2.90222500E+2
2.74200012E+2 1.00971460E+0 2.74299988E+2 2.90222500E+2
2.75200012E+2 1.00974263E+0 2.75299988E+2 2.90222500E+2
2.76200012E+2 1.00958162E+0 2.76299988E+2 2.90222500E+2
2.77200012E+2 1.00972503E+0 2.77299988E+2 2.90222500E+2
2.78200012E+2 1.00961710E+0 2.78200012E+2 2.90222500E+2
2.79200012E+2 1.00959917E+0 2.79299988E+2 2.90222500E+2
2.80200012E+2 1.00963885E+0 2.80299988E+2 2.90222500E+2
2.81200012E+2 1.00963326E+0 2.81299988E+2 2.90222500E+2
2.82200012E+2 1.00970371E+0 2.82299988E+2 2.90222500E+2
2.83200012E+2 1.00960019E+0 2.83299988E+2 2.90222500E+2
2.84200012E+2 1.00967370E+0 2.84299988E+2 2.90222500E+2
2.85200012E+2 1.00960410E+0 2.85200012E+2 2.90222500E+2
2.86299988E+2 1.00964846E+0 2.86299988E+2 2.90222500E+2
2.87200012E+2 1.00965093E+0 2.87200012E+2 2.90222500E+2
2.88200012E+2 1.00967249E+0 2.88200012E+2 2.90222500E+2
2.89200012E+2 1.00963894E+0 2.89200012E+2 2.90222500E+2
2.90200012E+2 1.00968829E+0 2.90299988E+2 2.90222500E+2
2.91200012E+2 1.00964589E+0 2.91299988E+2 2.90222500E+2
2.92200012E+2 1.00962697E+0 2.92200012E+2 2.90222500E+2
2.93200012E+2 1.00968087E+0 2.93299988E+2 2.90222500E+2
2.94200012E+2 1.00960081E+0 2.94299988E+2 2.90222500E+2
2.95200012E+2 1.00970328E+0 2.95299988E+2 2.90222500E+2
2.96200012E+2 1.00961760E+0 2.96299988E+2 2.90222500E+2
2.97200012E+2 1.00969717E+0 2.97299988E+2 2.90222500E+2
2.98200012E+2 1.00966119E+0 2.98200012E+2 2.90222500E+2
2.99200012E+2 1.00961432E+0 2.99299988E+2 2.90222500E+2
3.00200012E+2 1.00968170E+0 3.00299988E+2 2.90222500E+2
3.01200012E+2 1.00968680E+0 3.01299988E+2 2.90222500E+2
3.02200012E+2 1.00962855E+0 3.02299988E+2 2.90222500E+2
3.03200012E+2 1.00959883E+0 3.03299988E+2 2.90222500E+2
3.04200012E+2 1.00959701E+0 3.04299988E+2 2.90222500E+2
3.05200012E+2 1.00967981E+0 3.05299988E+2 2.90222500E+2
3.06200012E+2 1.00974532E+0 3.06299988E+2 2.90222500E+2
3.07200012E+2 1.00965123E+0 3.07299988E+2 2.90222500E+2
3.08200012E+2 1.00967739E+0 3.08299988E+2 2.90222500E+2
3.09200012E+2 1.00973483E+0 3.09299988E+2 2.90222500E+2
3.10200012E+2 1.00969469E+0 3.10299988E+2 2.90222500E+2
3.11200012E+2 1.00969228E+0 3.11299988E+2 2.90222500E+2
3.12200012E+2 1.00962156E+0 3.12299988E+2 2.90222500E+2
3.13200012E+2 1.00963826E+0 3.13299988E+2 2.90222500E+2
3.14200012E+2 1.00968485E+0 3.14299988E+2 2.90222500E+2
3.15200012E+2 1.00971207E+0 3.15299988E+2 2.90222500E+2
3.16200012E+2 1.00969534E+0 3.16299988E+2 2.90222500E+2
3.17200012E+2 1.00968283E+0 3.17299988E+2 2.90222500E+2
3.18200012E+2 1.00965134E+0 3.18299988E+2 2.90222500E+2
3.19200012E+2 1.00969344E+0 3.19299988E+2 2.90222500E+2
3.20200012E+2 1.00963666E+0 3.20299988E+2 2.90222500E+2
3.21299988E+2 1.00962682E+0 3.21299988E+2 2.90222500E+2
3.22200012E+2 1.00963802E+0 3.22299988E+2 2.90222500E+2
3.23200012E+2 1.00963135E+0 3.23299988E+2 2.90222500E+2
3.24200012E+2 1.00962001E+0 3.24299988E+2 2.90222500E+2
3.25200012E+2 1.00963212E+0 3.25299988E+2 2.90222500E+2
3.26200012E+2 1.00966563E+0 3.26299988E+2 2.90222500E+2
3.27200012E+2 1.00972292E+0 3.27299988E+2 2.90222500E+2
3.28200012E+2 1.00967964E+0 3.28200012E+2 2.90222500E+2
3.29299988E+2 1.00969482E+0 3.29299988E+2 2.90222500E+2
3.30200012E+2 1.00971066E+0 3.30200012E+2 2.90222500E+2
3.31200012E+2 1.00967909E+0 3.31299988E+2 2.90222500E+2
3.32200012E+2 1.00966564E+0 3.32299988E+2 2.90222500E+2
3.33200012E+2 1.00961191E+0 3.33299988E+2 2.90222500E+2
3.34200012E+2 1.00971273E+0 3.34299988E+2 2.90222500E+2
3.35200012E+2 1.00960961E+0 3.35299988E+2 2.90222500E+2
3.36200012E+2 1.00964970E+0 3.36299988E+2 2.90222500E+2
3.37200012E+2 1.00970353E+0 3.37299988E+2 2.90222500E+2
3.38200012E+2 1.00973044E+0 3.38200012E+2 2.90222500E+2
3.39200012E+2 1.00973248E+0 3.39299988E+2 2.90222500E+2
3.40200012E+2 1.00966930E+0 3.40299988E+2 2.90222500E+2
3.41200012E+2 1.00968466E+0 3.41299988E+2 2.90222500E+2
3.42200012E+2 1.00965813E+0 3.42299988E+2 2.90222500E+2
3.43200012E+2 1.00967533E+0 3.43299988E+2 2.90222500E+2
3.44200012E+2 1.00965403E+0 3.44200012E+2 2.90222500E+2
3.45200012E+2 1.00971892E+0 3.45299988E+2 2.90222500E+2
3.46200012E+2 1.00974319E+0 3.46299988E+2 2.90222500E+2
3.47200012E+2 1.00973067E+0 3.47299988E+2 2.90222500E+2
3.48200012E+2 1.00965473E+0 3.48299988E+2 2.90222500E+2
3.49200012E+2 1.00962746E+0 3.49299988E+2 2.90222500E+2
3.50200012E+2 1.00970323E+0 3.50299988E+2 2.90222500E+2
3.51200012E+2 1.00967025E+0 3.51299988E+2 2.90222500E+2
3.52200012E+2 1.00972565E+0 3.52299988E+2 2.90222500E+2
3.53200012E+2 1.00960180E+0 3.53299988E+2 2.90222500E+2
3.54200012E+2 1.00968692E+0 3.54299988E+2 2.90222500E+2
3.55200012E+2 1.00960275E+0 3.55299988E+2 2.90222500E+2
3.56200012E+2 1.00967851E+0 3.56299988E+2 2.90222500E+2
3.57200012E+2 1.00968753E+0 3.57299988E+2 2.90222500E+2
3.58200012E+2 1.00969191E+0 3.58299988E+2 2.90222500E+2
3.59200012E+2 1.00962109E+0 3.59299988E+2 2.90222500E+2
3.60200012E+2 1.00963461E+0 3.60299988E+2 2.90222500E+2
3.61200012E+2 1.00963319E+0 3.61299988E+2 2.90222500E+2
3.62200012E+2 1.00966773E+0 3.62200012E+2 2.90222500E+2
3.63200012E+2 1.00971694E+0 3.63299988E+2 2.90222500E+2
3.64200012E+2 1.00966744E+0 3.64299988E+2 2.90222500E+2
3.65200012E+2 1.00968625E+0 3.65299988E+2 2.90222500E+2
3.66200012E+2 1.00968216E+0 3.66299988E+2 2.90222500E+2
3.67200012E+2 1.00962466E+0 3.67299988E+2 2.90222500E+2
3.68200012E+2 1.00966796E+0 3.68200012E+2 2.90222500E+2
3.69200012E+2 1.00967259E+0 3.69299988E+2 2.90222500E+2
3.70200012E+2 1.00974260E+0 3.70200012E+2 2.90222500E+2
3.71200012E+2 1.00973673E+0 3.71299988E+2 2.90222500E+2
3.72200012E+2 1.00964654E+0 3.72299988E+2 2.90222500E+2
3.73200012E+2 1.00971174E+0 3.73200012E+2 2.90222500E+2
3.74200012E+2 1.00964980E+0 3.74299988E+2 2.90222500E+2
3.75200012E+2 1.00970360E+0 3.75299988E+2 2.90222500E+2
3.76200012E+2 1.00970999E+0 3.76299988E+2 2.90222500E+2
3.77200012E+2 1.00968371E+0 3.77299988E+2 2.90222500E+2
3.78200012E+2 1.00974718E+0 3.78299988E+2 2.90222500E+2
3.79200012E+2 1.00964920E+0 3.79299988E+2 2.90222500E+2
3.80200012E+2 1.00970301E+0 3.80299988E+2 2.90222500E+2
3.81200012E+2 1.00971842E+0 3.81299988E+2 2.90222500E+2
3.82200012E+2 1.00971356E+0 3.82299988E+2 2.90222500E+2
3.83200012E+2 1.00961817E+0 3.83299988E+2 2.90222500E+2
3.84200012E+2 1.00974976E+0 3.84299988E+2 2.90222500E+2
3.85200012E+2 1.00970507E+0 3.85299988E+2 2.90222500E+2
3.86200012E+2 1.00965466E+0 3.86299988E+2 2.90222500E+2
3.87200012E+2 1.00975209E+0 3.87299988E+2 2.90222500E+2
3.88200012E+2 1.00971936E+0 3.88299988E+2 2.90222500E+2
3.89200012E+2 1.00962710E+0 3.89299988E+2 2.90222500E+2
3.90200012E+2 1.00969038E+0 3.90299988E+2 2.90222500E+2
3.91200012E+2 1.00964318E+0 3.91299988E+2 2.90222500E+2
3.92200012E+2 1.00966338E+0 3.92299988E+2 2.90222500E+2
3.93200012E+2 1.00962408E+0 3.93299988E+2 2.90222500E+2
3.94200012E+2 1.00960921E+0 3.94299988E+2 2.90222500E+2
3.95200012E+2 1.00967546E+0 3.95299988E+2 2.90222500E+2
3.96200012E+2 1.00966149E+0 3.96299988E+2 2.90222500E+2
3.97200012E+2 1.00965987E+0 3.97299988E+2 2.90222500E+2
3.98200012E+2 1.00963608E+0 3.98299988E+2 2.90222500E+2
3.99200012E+2 1.00963580E+0 3.99299988E+2 2.90222500E+2
4.00200012E+2 1.00969854E+0 4.00299988E+2 2.90222500E+2
4.01200012E+2 1.00963716E+0 4.01299988E+2 2.90222500E+2
4.02200012E+2 1.00967449E+0 4.02299988E+2 2.90222500E+2
4.03200012E+2 1.00969517E+0 4.03299988E+2 2.90222500E+2
4.04200012E+2 1.00968363E+0 4.04299988E+2 2.90222500E+2
4.05200012E+2 1.00956346E+0 4.05299988E+2 2.90222500E+2
4.06200012E+2 1.00973014E+0 4.06299988E+2 2.90222500E+2
4.07200012E+2 1.00968409E+0 4.07299988E+2 2.90222500E+2
4.08200012E+2 1.00960002E+0 4.08299988E+2 2.90222500E+2
4.09200012E+2 1.00967917E+0 4.09299988E+2 2.90222500E+2
4.10200012E+2 1.00969691E+0 4.10200012E+2 2.90222500E+2
4.11200012E+2 1.00973727E+0 4.11299988E+2 2.90222500E+2
4.12200012E+2 1.00970954E+0 4.12299988E+2 2.90222500E+2
4.13200012E+2 1.00966780E+0 4.13299988E+2 2.90222500E+2
4.14200012E+2 1.00968817E+0 4.14200012E+2 2.90222500E+2
4.15200012E+2 1.00964128E+0 4.15299988E+2 2.90222500E+2
4.16200012E+2 1.00964869E+0 4.16299988E+2 2.90222500E+2
4.17200012E+2 1.00967796E+0 4.17299988E+2 2.90222500E+2
4.18200012E+2 1.00973834E+0 4.18299988E+2 2.90222500E+2
4.19200012E+2 1.00969063E+0 4.19299988E+2 2.90222500E+2
4.20200012E+2 1.00967485E+0 4.20299988E+2 2.90222500E+2
4.21200012E+2 1.00965939E+0 4.21200012E+2 2.90222500E+2
4.22200012E+2 1.00967299E+0 4.22299988E+2 2.90222500E+2
4.23200012E+2 1.00969409E+0 4.23299988E+2 2.90222500E+2
4.24200012E+2 1.00971302E+0 4.24299988E+2 2.90222500E+2
4.25200012E+2 1.00957083E+0 4.25200012E+2 2.90222500E+2
4.26200012E+2 1.00965455E+0 4.26299988E+2 2.90222500E+2
4.27200012E+2 1.00961655E+0 4.27299988E+2 2.90222500E+2
4.28200012E+2 1.00965975E+0 4.28299988E+2 2.90222500E+2
4.29200012E+2 1.00971221E+0 4.29299988E+2 2.90222500E+2
4.30200012E+2 1.00968245E+0 4.30299988E+2 2.90222500E+2
4.31200012E+2 1.00973486E+0 4.31299988E+2 2.90222500E+2
4.32200012E+2 1.00965572E+0 4.32299988E+2 2.90222500E+2
4.33200012E+2 1.00966461E+0 4.33299988E+2 2.90222500E+2
4.34200012E+2 1.00965496E+0 4.34299988E+2 2.90222500E+2
4.35200012E+2 1.00971662E+0 4.35299988E+2 2.90222500E+2
4.36200012E+2 1.00968015E+0 4.36299988E+2 2.90222500E+2
4.37200012E+2 1.00971911E+0 4.37299988E+2 2.90222500E+2
4.38200012E+2 1.00964162E+0 4.38299988E+2 2.90222500E+2
4.39200012E+2 1.00965470E+0 4.39299988E+2 2.90222500E+2
4.40200012E+2 1.00967679E+0 4.40299988E+2 2.90222500E+2
4.41200012E+2 1.00968401E+0 4.41299988E+2 2.90222500E+2
4.42200012E+2 1.00963840E+0 4.42299988E+2 2.90222500E+2
4.43200012E+2 1.00965057E+0 4.43299988E+2 2.90222500E+2
4.44200012E+2 1.00963178E+0 4.44299988E+2 2.90222500E+2
4.45200012E+2 1.00968871E+0 4.45299988E+2 2.90222500E+2
4.46200012E+2 1.00957782E+0 4.46299988E+2 2.90222500E+2
4.47200012E+2 1.00965143E+0 4.47299988E+2 2.90222500E+2
4.48200012E+2 1.00968663E+0 4.48299988E+2 2.90222500E+2
4.49200012E+2 1.00961916E+0 4.49299988E+2 2.90222500E+2
4.50200012E+2 1.00974422E+0 4.50299988E+2 2.90222500E+2
4.51200012E+2 1.00962881E+0 4.51299988E+2 2.90222500E+2
4.52200012E+2 1.00966933E+0 4.52200012E+2 2.90222500E+2
4.53200012E+2 1.00965686E+0 4.53299988E+2 2.90222500E+2
4.54200012E+2 1.00961993E+0 4.54200012E+2 2.90222500E+2
4.55200012E+2 1.00962145E+0 4.55299988E+2 2.90222500E+2
4.56200012E+2 1.00969457E+0 4.56299988E+2 2.90222500E+2
4.57200012E+2 1.00965057E+0 4.57299988E+2 2.90222500E+2
4.58200012E+2 1.00967178E+0 4.58299988E+2 2.90222500E+2
4.59200012E+2 1.00970894E+0 4.59299988E+2 2.90222500E+2
4.60200012E+2 1.00969387E+0 4.60299988E+2 2.90222500E+2
4.61200012E+2 1.00962243E+0 4.61299988E+2 2.90222500E+2
4.62200012E+2 1.00966983E+0 4.62299988E+2 2.90222500E+2
4.63200012E+2 1.00967309E+0 4.63299988E+2 2.90222500E+2
4.64200012E+2 1.00967552E+0 4.64299988E+2 2.90222500E+2
4.65200012E+2 1.00964482E+0 4.65299988E+2 2.90222500E+2
4.66200012E+2 1.00968214E+0 4.66299988E+2 2.90222500E+2
4.67200012E+2 1.00959661E+0 4.67299988E+2 2.90222500E+2
4.68200012E+2 1.00966249E+0 4.68299988E+2 2.90222500E+2
4.69200012E+2 1.00964072E+0 4.69299988E+2 2.90222500E+2
4.70200012E+2 1.00965939E+0 4.70299988E+2 2.90222500E+2
4.71200012E+2 1.00970304E+0 4.71299988E+2 2.90222500E+2
4.72200012E+2 1.00964786E+0 4.72200012E+2 2.90222500E+2
4.73200012E+2 1.00966966E+0 4.73299988E+2 2.90222500E+2
4.74200012E+2 1.00963782E+0 4.74299988E+2 2.90222500E+2
4.75200012E+2 1.00965705E+0 4.75299988E+2 2.90222500E+2
4.76200012E+2 1.00963769E+0 4.76299988E+2 2.90222500E+2
4.77200012E+2 1.00968751E+0 4.77299988E+2 2.90222500E+2
4.78200012E+2 1.00968439E+0 4.78299988E+2 2.90222500E+2
4.79200012E+2 1.00963489E+0 4.79299988E+2 2.90222500E+2
4.80200012E+2 1.00963297E+0 4.80299988E+2 2.90222500E+2
4.81200012E+2 1.00975241E+0 4.81299988E+2 2.90222500E+2
4.82200012E+2 1.00960956E+0 4.82299988E+2 2.90222500E+2
4.83200012E+2 1.00971900E+0 4.83299988E+2 2.90222500E+2
4.84200012E+2 1.00955752E+0 4.84299988E+2 2.90222500E+2
4.85200012E+2 1.00965330E+0 4.85299988E+2 2.90222500E+2
4.86200012E+2 1.00968311E+0 4.86299988E+2 2.90222500E+2
4.87200012E+2 1.00967158E+0 4.87299988E+2 2.90222500E+2
4.88200012E+2 1.00965429E+0 4.88299988E+2 2.90222500E+2
4.89200012E+2 1.00966630E+0 4.89299988E+2 2.90222500E+2
4.90200012E+2 1.00961618E+0 4.90299988E+2 2.90222500E+2
4.91200012E+2 1.00969582E+0 4.91299988E+2 2.90222500E+2
4.92200012E+2 1.00970644E+0 4.92299988E+2 2.90222500E+2
4.93200012E+2 1.00966225E+0 4.93299988E+2 2.90222500E+2
4.94200012E+2 1.00964031E+0 4.94299988E+2 2.90222500E+2
4.95200012E+2 1.00968357E+0 4.95299988E+2 2.90222500E+2
4.96200012E+2 1.00965199E+0 4.96299988E+2 2.90222500E+2
4.97200012E+2 1.00967293E+0 4.97299988E+2 2.90222500E+2
4.98200012E+2 1.00971961E+0 4.98299988E+2 2.90285000E+2
4.99200012E+2 1.00965861E+0 4.99299988E+2 2.90222500E+2
5.00200012E+2 1.00968861E+0 5.00299988E+2 2.90222500E+2
5.01200012E+2 1.00966206E+0 5.01299988E+2 2.90222500E+2
5.02200012E+2 1.00966506E+0 5.02299988E+2 2.90222500E+2
5.03200012E+2 1.00967477E+0 5.03299988E+2 2.90222500E+2
5.04200012E+2 1.00965897E+0 5.04299988E+2 2.90222500E+2
5.05200012E+2 1.00965830E+0 5.05299988E+2 2.90222500E+2
5.06200012E+2 1.00965237E+0 5.06200012E+2 2.90222500E+2
5.07200012E+2 1.00964999E+0 5.07299988E+2 2.90222500E+2
5.08200012E+2 1.00955823E+0 5.08299988E+2 2.90222500E+2
