0.00000000E+0 1.01526251E+0 0.00000000E+0 2.93222500E+2
1.10000002E+0 1.00610501E+0 1.20000005E+0 2.93222500E+2
2.20000005E+0 1.00549451E+0 2.20000005E+0 2.93160000E+2
3.09999990E+0 1.01526251E+0 3.20000005E+0 2.93222500E+2
4.09999990E+0 1.00549451E+0 4.19999981E+0 2.93222500E+2
5.19999981E+0 1.00549451E+0 5.19999981E+0 2.93222500E+2
6.19999981E+0 1.01526251E+0 6.19999981E+0 2.93222500E+2
7.19999981E+0 1.01526251E+0 7.19999981E+0 2.93222500E+2
8.19999981E+0 1.00549451E+0 8.19999981E+0 2.93222500E+2
9.19999981E+0 1.01526251E+0 9.30000019E+0 2.93222500E+2
1.01999998E+1 1.00549451E+0 1.03000002E+1 2.93222500E+2
1.11999998E+1 1.00549451E+0 1.13000002E+1 2.93222500E+2
1.21999998E+1 1.00549451E+0 1.23000002E+1 2.93222500E+2
1.31999998E+1 1.01526251E+0 1.33000002E+1 2.93222500E+2
1.41999998E+1 1.00549451E+0 1.43000002E+1 2.93222500E+2
1.51999998E+1 1.00549451E+0 1.53000002E+1 2.93222500E+2
1.62000008E+1 1.00549451E+0 1.62999992E+1 2.93222500E+2
1.72000008E+1 1.00549451E+0 1.72999992E+1 2.93222500E+2
1.82000008E+1 1.00549451E+0 1.82999992E+1 2.93222500E+2
1.92000008E+1 1.01526251E+0 1.92999992E+1 2.93222500E+2
2.02000008E+1 1.00549451E+0 2.02999992E+1 2.93222500E+2
2.12000008E+1 1.00549451E+0 2.12999992E+1 2.93222500E+2
2.22000008E+1 1.00549451E+0 2.22999992E+1 2.93222500E+2
2.32000008E+1 1.01526251E+0 2.32999992E+1 2.93222500E+2
2.42000008E+1 1.00549451E+0 2.42999992E+1 2.93222500E+2
2.52000008E+1 1.00549451E+0 2.52999992E+1 2.93222500E+2
2.62000008E+1 1.01526251E+0 2.62999992E+1 2.93222500E+2
2.72000008E+1 1.00549451E+0 2.72999992E+1 2.93222500E+2
2.82000008E+1 1.00549451E+0 2.82999992E+1 2.93222500E+2
2.92000008E+1 1.00549451E+0 2.92999992E+1 2.93222500E+2
3.02000008E+1 1.01526251E+0 3.02999992E+1 2.93222500E+2
3.12000008E+1 1.00549451E+0 3.12999992E+1 2.93222500E+2
3.22000008E+1 1.00549451E+0 3.22999992E+1 2.93222500E+2
3.32000008E+1 1.01526251E+0 3.32999992E+1 2.93222500E+2
3.42000008E+1 1.00549451E+0 3.42999992E+1 2.93222500E+2
3.52000008E+1 1.00549451E+0 3.52999992E+1 2.93222500E+2
3.62000008E+1 1.00549451E+0 3.62999992E+1 2.93222500E+2
3.72000008E+1 1.00549451E+0 3.72999992E+1 2.93222500E+2
3.82000008E+1 1.01465201E+0 3.82999992E+1 2.93222500E+2
3.92000008E+1 1.00549451E+0 3.92999992E+1 2.93222500E+2
4.02000008E+1 1.00549451E+0 4.02999992E+1 2.93222500E+2
4.12000008E+1 1.01526251E+0 4.12999992E+1 2.93222500E+2
4.22000008E+1 1.00549451E+0 4.22999992E+1 2.93222500E+2
4.32000008E+1 1.01526251E+0 4.32999992E+1 2.93222500E+2
4.42999992E+1 1.01526251E+0 4.42999992E+1 2.93222500E+2
4.52000008E+1 1.01526251E+0 4.52999992E+1 2.93222500E+2
4.62000008E+1 1.00610501E+0 4.62999992E+1 2.93222500E+2
4.72000008E+1 1.00549451E+0 4.72999992E+1 2.93222500E+2
4.82000008E+1 1.00549451E+0 4.82999992E+1 2.93222500E+2
4.92000008E+1 1.01526251E+0 4.92999992E+1 2.93222500E+2
5.02000008E+1 1.00488400E+0 5.02999992E+1 2.93222500E+2
5.12000008E+1 1.00549451E+0 5.12999992E+1 2.93222500E+2
5.22000008E+1 1.01465201E+0 5.22999992E+1 2.93222500E+2
5.32000008E+1 1.00549451E+0 5.32999992E+1 2.93222500E+2
5.42000008E+1 1.00549451E+0 5.42999992E+1 2.93222500E+2
5.52000008E+1 1.00549451E+0 5.52999992E+1 2.93222500E+2
5.62000008E+1 1.00549451E+0 5.62999992E+1 2.93222500E+2
5.72000008E+1 1.00549451E+0 5.72999992E+1 2.93222500E+2
5.82000008E+1 1.00549451E+0 5.82999992E+1 2.93222500E+2
5.92000008E+1 1.00549451E+0 5.92999992E+1 2.93222500E+2
6.02000008E+1 1.00549451E+0 6.02999992E+1 2.93222500E+2
6.12000008E+1 1.01526251E+0 6.12999992E+1 2.93222500E+2
6.22000008E+1 1.00610501E+0 6.22999992E+1 2.93222500E+2
6.32000008E+1 1.01526251E+0 6.32999992E+1 2.93222500E+2
6.41999969E+1 1.00549451E+0 6.43000031E+1 2.93222500E+2
6.51999969E+1 1.00549451E+0 6.53000031E+1 2.93222500E+2
6.61999969E+1 1.01526251E+0 6.63000031E+1 2.93222500E+2
6.71999969E+1 1.01526251E+0 6.73000031E+1 2.93222500E+2
6.81999969E+1 1.01526251E+0 6.83000031E+1 2.93222500E+2
6.91999969E+1 1.00549451E+0 6.93000031E+1 2.93222500E+2
7.01999969E+1 1.00549451E+0 7.03000031E+1 2.93222500E+2
7.11999969E+1 1.00549451E+0 7.13000031E+1 2.93222500E+2
7.21999969E+1 1.00549451E+0 7.23000031E+1 2.93222500E+2
7.31999969E+1 1.01526251E+0 7.33000031E+1 2.93222500E+2
7.41999969E+1 1.01526251E+0 7.43000031E+1 2.93222500E+2
7.51999969E+1 1.01526251E+0 7.53000031E+1 2.93222500E+2
7.61999969E+1 1.00610501E+0 7.63000031E+1 2.93222500E+2
7.71999969E+1 1.00488400E+0 7.73000031E+1 2.93222500E+2
7.81999969E+1 1.00549451E+0 7.83000031E+1 2.93222500E+2
7.93000031E+1 1.00549451E+0 7.93000031E+1 2.93222500E+2
8.03000031E+1 1.00549451E+0 8.03000031E+1 2.93222500E+2
8.13000031E+1 1.00549451E+0 8.13000031E+1 2.93222500E+2
8.23000031E+1 1.01526251E+0 8.24000015E+1 2.93222500E+2
8.33000031E+1 1.01526251E+0 8.34000015E+1 2.93222500E+2
8.43000031E+1 1.00549451E+0 8.44000015E+1 2.93222500E+2
8.53000031E+1 1.00549451E+0 8.54000015E+1 2.93222500E+2
8.63000031E+1 1.00549451E+0 8.64000015E+1 2.93222500E+2
8.73000031E+1 1.01526251E+0 8.74000015E+1 2.93222500E+2
8.83000031E+1 1.00549451E+0 8.84000015E+1 2.93222500E+2
8.93000031E+1 1.01526251E+0 8.94000015E+1 2.93222500E+2
9.03000031E+1 1.00610501E+0 9.04000015E+1 2.93222500E+2
9.13000031E+1 1.00549451E+0 9.14000015E+1 2.93222500E+2
9.23000031E+1 1.00549451E+0 9.24000015E+1 2.93222500E+2
9.33000031E+1 1.00549451E+0 9.34000015E+1 2.93222500E+2
9.44000015E+1 1.01526251E+0 9.44000015E+1 2.93222500E+2
9.54000015E+1 1.01526251E+0 9.54000015E+1 2.93222500E+2
9.63000031E+1 1.00610501E+0 9.64000015E+1 2.93222500E+2
9.73000031E+1 1.01526251E+0 9.74000015E+1 2.93222500E+2
9.83000031E+1 1.00610501E+0 9.84000015E+1 2.93222500E+2
9.93000031E+1 1.00610501E+0 9.94000015E+1 2.93222500E+2
1.00300003E+2 1.00549451E+0 1.00400002E+2 2.93222500E+2
1.01300003E+2 1.00610501E+0 1.01400002E+2 2.93222500E+2
1.02300003E+2 1.00610501E+0 1.02400002E+2 2.93222500E+2
1.03400002E+2 1.01526251E+0 1.03400002E+2 2.93222500E+2
1.04300003E+2 1.00610501E+0 1.04400002E+2 2.93222500E+2
1.05300003E+2 1.00549451E+0 1.05400002E+2 2.93222500E+2
1.06300003E+2 1.00549451E+0 1.06400002E+2 2.93222500E+2
1.07300003E+2 1.01526251E+0 1.07400002E+2 2.93222500E+2
1.08300003E+2 1.00549451E+0 1.08400002E+2 2.93222500E+2
1.09300003E+2 1.00549451E+0 1.09400002E+2 2.93222500E+2
1.10300003E+2 1.01526251E+0 1.10400002E+2 2.93222500E+2
1.11300003E+2 1.00610501E+0 1.11400002E+2 2.93222500E+2
1.12400002E+2 1.00549451E+0 1.12400002E+2 2.93222500E+2
1.13300003E+2 1.01526251E+0 1.13400002E+2 2.93222500E+2
1.14300003E+2 1.00549451E+0 1.14400002E+2 2.93222500E+2
1.15300003E+2 1.00610501E+0 1.15400002E+2 2.93222500E+2
1.16300003E+2 1.01526251E+0 1.16400002E+2 2.93222500E+2
1.17300003E+2 1.00549451E+0 1.17400002E+2 2.93222500E+2
1.18400002E+2 1.00549451E+0 1.18400002E+2 2.93222500E+2
1.19400002E+2 1.00549451E+0 1.19400002E+2 2.93222500E+2
1.20400002E+2 1.00549451E+0 1.20400002E+2 2.93222500E+2
1.21300003E+2 1.00610501E+0 1.21400002E+2 2.93222500E+2
1.22300003E+2 1.00488400E+0 1.22400002E+2 2.93222500E+2
1.23300003E+2 1.01526251E+0 1.23400002E+2 2.93222500E+2
1.24300003E+2 1.01526251E+0 1.24400002E+2 2.93222500E+2
1.25300003E+2 1.00549451E+0 1.25400002E+2 2.93222500E+2
1.26400002E+2 1.00549451E+0 1.26400002E+2 2.93222500E+2
1.27300003E+2 1.00610501E+0 1.27400002E+2 2.93222500E+2
1.28300003E+2 1.00549451E+0 1.28399994E+2 2.93222500E+2
1.29300003E+2 1.00549451E+0 1.29399994E+2 2.93222500E+2
1.30300003E+2 1.01526251E+0 1.30399994E+2 2.93222500E+2
1.31300003E+2 1.01526251E+0 1.31399994E+2 2.93222500E+2
1.32300003E+2 1.00549451E+0 1.32399994E+2 2.93222500E+2
1.33300003E+2 1.01526251E+0 1.33399994E+2 2.93222500E+2
1.34300003E+2 1.00610501E+0 1.34399994E+2 2.93222500E+2
1.35300003E+2 1.01526251E+0 1.35399994E+2 2.93222500E+2
1.36300003E+2 1.00549451E+0 1.36399994E+2 2.93222500E+2
1.37399994E+2 1.00549451E+0 1.37399994E+2 2.93222500E+2
1.38300003E+2 1.01526251E+0 1.38399994E+2 2.93222500E+2
1.39399994E+2 1.00610501E+0 1.39399994E+2 2.93222500E+2
1.40399994E+2 1.00610501E+0 1.40399994E+2 2.93222500E+2
1.41300003E+2 1.01526251E+0 1.41399994E+2 2.93222500E+2
1.42300003E+2 1.00549451E+0 1.42399994E+2 2.93222500E+2
1.43300003E+2 1.00549451E+0 1.43399994E+2 2.93222500E+2
1.44300003E+2 1.01526251E+0 1.44399994E+2 2.93222500E+2
1.45300003E+2 1.00549451E+0 1.45399994E+2 2.93222500E+2
1.46300003E+2 1.00610501E+0 1.46399994E+2 2.93222500E+2
1.47300003E+2 1.00549451E+0 1.47399994E+2 2.93222500E+2
1.48300003E+2 1.00610501E+0 1.48399994E+2 2.93222500E+2
1.49300003E+2 1.01465201E+0 1.49399994E+2 2.93222500E+2
1.50300003E+2 1.01526251E+0 1.50399994E+2 2.93222500E+2
1.51300003E+2 1.01526251E+0 1.51399994E+2 2.93222500E+2
1.52300003E+2 1.01526251E+0 1.52399994E+2 2.93222500E+2
1.53300003E+2 1.00549451E+0 1.53399994E+2 2.93222500E+2
1.54300003E+2 1.00549451E+0 1.54399994E+2 2.93222500E+2
1.55300003E+2 1.01526251E+0 1.55399994E+2 2.93222500E+2
1.56399994E+2 1.01526251E+0 1.56399994E+2 2.93222500E+2
1.57399994E+2 1.00549451E+0 1.57399994E+2 2.93222500E+2
1.58399994E+2 1.01526251E+0 1.58399994E+2 2.93222500E+2
1.59399994E+2 1.00610501E+0 1.59399994E+2 2.93160000E+2
1.60399994E+2 1.00549451E+0 1.60500000E+2 2.93222500E+2
1.61399994E+2 1.01526251E+0 1.61500000E+2 2.93222500E+2
1.62399994E+2 1.00549451E+0 1.62500000E+2 2.93222500E+2
1.63399994E+2 1.00549451E+0 1.63500000E+2 2.93222500E+2
1.64399994E+2 1.01526251E+0 1.64500000E+2 2.93222500E+2
1.65399994E+2 1.00549451E+0 1.65500000E+2 2.93222500E+2
1.66500000E+2 1.01526251E+0 1.66500000E+2 2.93222500E+2
1.67500000E+2 1.00549451E+0 1.67500000E+2 2.93222500E+2
1.68500000E+2 1.00610501E+0 1.68500000E+2 2.93222500E+2
1.69500000E+2 1.00549451E+0 1.69500000E+2 2.93222500E+2
1.70500000E+2 1.00549451E+0 1.70500000E+2 2.93222500E+2
1.71500000E+2 1.01526251E+0 1.71500000E+2 2.93222500E+2
1.72500000E+2 1.00549451E+0 1.72500000E+2 2.93222500E+2
1.73500000E+2 1.01526251E+0 1.73500000E+2 2.93222500E+2
1.74500000E+2 1.00549451E+0 1.74500000E+2 2.93222500E+2
1.75500000E+2 1.01526251E+0 1.75500000E+2 2.93222500E+2
1.76500000E+2 1.00549451E+0 1.76500000E+2 2.93222500E+2
1.77500000E+2 1.01526251E+0 1.77500000E+2 2.93222500E+2
1.78500000E+2 1.01526251E+0 1.78500000E+2 2.93222500E+2
1.79500000E+2 1.00549451E+0 1.79500000E+2 2.93222500E+2
1.80500000E+2 1.00549451E+0 1.80500000E+2 2.93222500E+2
1.81500000E+2 1.00610501E+0 1.81500000E+2 2.93222500E+2
1.82500000E+2 1.01465201E+0 1.82500000E+2 2.93222500E+2
1.83500000E+2 1.00610501E+0 1.83500000E+2 2.93222500E+2
1.84500000E+2 1.00549451E+0 1.84500000E+2 2.93222500E+2
1.85500000E+2 1.00549451E+0 1.85500000E+2 2.93222500E+2
1.86500000E+2 1.00549451E+0 1.86500000E+2 2.93222500E+2
1.87500000E+2 1.00549451E+0 1.87500000E+2 2.93222500E+2
1.88500000E+2 1.00549451E+0 1.88600006E+2 2.93160000E+2
1.89500000E+2 1.00549451E+0 1.89500000E+2 2.93222500E+2
1.90500000E+2 1.01526251E+0 1.90500000E+2 2.93222500E+2
1.91500000E+2 1.00549451E+0 1.91500000E+2 2.93222500E+2
1.92500000E+2 1.00549451E+0 1.92500000E+2 2.93222500E+2
1.93500000E+2 1.00549451E+0 1.93500000E+2 2.93222500E+2
1.94500000E+2 1.01526251E+0 1.94500000E+2 2.93222500E+2
1.95500000E+2 1.00549451E+0 1.95500000E+2 2.93222500E+2
1.96500000E+2 1.00549451E+0 1.96500000E+2 2.93222500E+2
1.97500000E+2 1.00610501E+0 1.97500000E+2 2.93222500E+2
1.98500000E+2 1.01526251E+0 1.98500000E+2 2.93222500E+2
1.99500000E+2 1.00610501E+0 1.99500000E+2 2.93222500E+2
2.00500000E+2 1.01526251E+0 2.00500000E+2 2.93222500E+2
2.01500000E+2 1.00549451E+0 2.01500000E+2 2.93222500E+2
2.02500000E+2 1.01526251E+0 2.02500000E+2 2.93222500E+2
2.03500000E+2 1.00549451E+0 2.03500000E+2 2.93222500E+2
2.04500000E+2 1.01526251E+0 2.04500000E+2 2.93222500E+2
2.05500000E+2 1.00610501E+0 2.05500000E+2 2.93222500E+2
2.06500000E+2 1.01526251E+0 2.06500000E+2 2.93222500E+2
2.07500000E+2 1.01526251E+0 2.07500000E+2 2.93222500E+2
2.08500000E+2 1.00549451E+0 2.08500000E+2 2.93222500E+2
2.09500000E+2 1.00549451E+0 2.09500000E+2 2.93222500E+2
2.10500000E+2 1.00549451E+0 2.10500000E+2 2.93222500E+2
2.11500000E+2 1.00549451E+0 2.11500000E+2 2.93222500E+2
2.12500000E+2 1.00610501E+0 2.12500000E+2 2.93222500E+2
2.13500000E+2 1.00549451E+0 2.13500000E+2 2.93222500E+2
2.14500000E+2 1.01526251E+0 2.14500000E+2 2.93222500E+2
2.15500000E+2 1.01526251E+0 2.15500000E+2 2.93222500E+2
2.16500000E+2 1.01526251E+0 2.16500000E+2 2.93222500E+2
2.17500000E+2 1.00549451E+0 2.17500000E+2 2.93222500E+2
2.18500000E+2 1.00610501E+0 2.18500000E+2 2.93222500E+2
2.19500000E+2 1.00549451E+0 2.19500000E+2 2.93222500E+2
2.20500000E+2 1.01526251E+0 2.20500000E+2 2.93222500E+2
2.21500000E+2 1.00549451E+0 2.21500000E+2 2.93222500E+2
2.22500000E+2 1.00549451E+0 2.22500000E+2 2.93222500E+2
2.23500000E+2 1.01526251E+0 2.23500000E+2 2.93222500E+2
2.24500000E+2 1.01526251E+0 2.24500000E+2 2.93222500E+2
2.25500000E+2 1.01526251E+0 2.25500000E+2 2.93222500E+2
2.26500000E+2 1.00549451E+0 2.26500000E+2 2.93222500E+2
2.27500000E+2 1.01526251E+0 2.27500000E+2 2.93222500E+2
2.28500000E+2 1.01526251E+0 2.28600006E+2 2.93222500E+2
2.29500000E+2 1.00549451E+0 2.29600006E+2 2.93222500E+2
2.30500000E+2 1.01526251E+0 2.30500000E+2 2.93222500E+2
2.31500000E+2 1.00549451E+0 2.31600006E+2 2.93222500E+2
2.32500000E+2 1.01526251E+0 2.32500000E+2 2.93222500E+2
2.33500000E+2 1.01526251E+0 2.33500000E+2 2.93222500E+2
2.34500000E+2 1.01526251E+0 2.34500000E+2 2.93222500E+2
2.35500000E+2 1.01526251E+0 2.35600006E+2 2.93222500E+2
2.36500000E+2 1.01526251E+0 2.36500000E+2 2.93222500E+2
2.37500000E+2 1.00549451E+0 2.37500000E+2 2.93222500E+2
2.38500000E+2 1.00610501E+0 2.38600006E+2 2.93222500E+2
2.39500000E+2 1.01526251E+0 2.39500000E+2 2.93222500E+2
2.40500000E+2 1.00549451E+0 2.40500000E+2 2.93222500E+2
2.41500000E+2 1.00549451E+0 2.41500000E+2 2.93222500E+2
2.42500000E+2 1.01526251E+0 2.42500000E+2 2.93222500E+2
2.43500000E+2 1.00549451E+0 2.43600006E+2 2.93222500E+2
2.44500000E+2 1.00610501E+0 2.44500000E+2 2.93222500E+2
2.45500000E+2 1.00549451E+0 2.45500000E+2 2.93222500E+2
2.46500000E+2 1.00549451E+0 2.46500000E+2 2.93222500E+2
2.47500000E+2 1.00549451E+0 2.47600006E+2 2.93222500E+2
2.48500000E+2 1.00610501E+0 2.48500000E+2 2.93222500E+2
2.49500000E+2 1.00549451E+0 2.49500000E+2 2.93222500E+2
2.50500000E+2 1.00549451E+0 2.50500000E+2 2.93222500E+2
2.51500000E+2 1.00549451E+0 2.51500000E+2 2.93222500E+2
2.52500000E+2 1.00549451E+0 2.52500000E+2 2.93222500E+2
2.53500000E+2 1.00610501E+0 2.53500000E+2 2.93222500E+2
2.54500000E+2 1.00549451E+0 2.54500000E+2 2.93222500E+2
2.55500000E+2 1.01526251E+0 2.55500000E+2 2.93222500E+2
2.56500000E+2 1.00549451E+0 2.56500000E+2 2.93222500E+2
2.57500000E+2 1.01526251E+0 2.57500000E+2 2.93222500E+2
2.58500000E+2 1.00549451E+0 2.58500000E+2 2.93222500E+2
2.59500000E+2 1.00549451E+0 2.59500000E+2 2.93222500E+2
2.60500000E+2 1.01526251E+0 2.60500000E+2 2.93222500E+2
2.61500000E+2 1.01526251E+0 2.61500000E+2 2.93222500E+2
2.62500000E+2 1.01526251E+0 2.62600006E+2 2.93222500E+2
2.63500000E+2 1.01526251E+0 2.63500000E+2 2.93222500E+2
2.64500000E+2 1.01526251E+0 2.64500000E+2 2.93160000E+2
2.65500000E+2 1.00610501E+0 2.65600006E+2 2.93222500E+2
2.66500000E+2 1.00549451E+0 2.66500000E+2 2.93222500E+2
2.67500000E+2 1.01465201E+0 2.67600006E+2 2.93222500E+2
2.68500000E+2 1.00549451E+0 2.68500000E+2 2.93222500E+2
2.69500000E+2 1.00549451E+0 2.69600006E+2 2.93222500E+2
2.70500000E+2 1.00549451E+0 2.70600006E+2 2.93222500E+2
2.71500000E+2 1.00549451E+0 2.71500000E+2 2.93222500E+2
2.72500000E+2 1.00610501E+0 2.72500000E+2 2.93222500E+2
2.73500000E+2 1.00610501E+0 2.73500000E+2 2.93222500E+2
2.74500000E+2 1.00610501E+0 2.74500000E+2 2.93222500E+2
2.75500000E+2 1.00610501E+0 2.75500000E+2 2.93222500E+2
2.76500000E+2 1.00549451E+0 2.76500000E+2 2.93222500E+2
2.77500000E+2 1.01526251E+0 2.77600006E+2 2.93222500E+2
2.78500000E+2 1.00549451E+0 2.78500000E+2 2.93222500E+2
2.79500000E+2 1.00549451E+0 2.79600006E+2 2.93222500E+2
2.80500000E+2 1.00549451E+0 2.80500000E+2 2.93160000E+2
2.81500000E+2 1.00549451E+0 2.81500000E+2 2.93222500E+2
2.82500000E+2 1.00549451E+0 2.82600006E+2 2.93222500E+2
2.83500000E+2 1.01526251E+0 2.83500000E+2 2.93222500E+2
2.84500000E+2 1.01465201E+0 2.84500000E+2 2.93222500E+2
2.85500000E+2 1.00610501E+0 2.85500000E+2 2.93222500E+2
2.86500000E+2 1.00549451E+0 2.86500000E+2 2.93222500E+2
2.87500000E+2 1.01526251E+0 2.87500000E+2 2.93222500E+2
2.88500000E+2 1.00610501E+0 2.88500000E+2 2.93222500E+2
2.89500000E+2 1.00549451E+0 2.89500000E+2 2.93222500E+2
2.90500000E+2 1.00549451E+0 2.90600006E+2 2.93222500E+2
2.91500000E+2 1.01465201E+0 2.91500000E+2 2.93222500E+2
2.92500000E+2 1.00549451E+0 2.92500000E+2 2.93222500E+2
2.93500000E+2 1.00549451E+0 2.93500000E+2 2.93222500E+2
2.94500000E+2 1.01526251E+0 2.94500000E+2 2.93160000E+2
2.95500000E+2 1.01526251E+0 2.95500000E+2 2.93222500E+2
2.96500000E+2 1.01526251E+0 2.96500000E+2 2.93222500E+2
2.97500000E+2 1.00549451E+0 2.97500000E+2 2.93222500E+2
2.98500000E+2 1.00549451E+0 2.98500000E+2 2.93160000E+2
2.99500000E+2 1.00549451E+0 2.99500000E+2 2.93160000E+2
3.00500000E+2 1.00549451E+0 3.00500000E+2 2.93222500E+2
3.01500000E+2 1.01526251E+0 3.01500000E+2 2.93222500E+2
3.02500000E+2 1.01526251E+0 3.02500000E+2 2.93222500E+2
3.03500000E+2 1.01526251E+0 3.03500000E+2 2.93222500E+2
3.04500000E+2 1.00549451E+0 3.04500000E+2 2.93222500E+2
3.05500000E+2 1.01526251E+0 3.05500000E+2 2.93222500E+2
3.06500000E+2 1.01526251E+0 3.06600006E+2 2.93222500E+2
3.07500000E+2 1.00610501E+0 3.07500000E+2 2.93222500E+2
3.08500000E+2 1.01526251E+0 3.08500000E+2 2.93222500E+2
3.09500000E+2 1.00549451E+0 3.09500000E+2 2.93222500E+2
3.10500000E+2 1.01526251E+0 3.10500000E+2 2.93222500E+2
3.11500000E+2 1.00549451E+0 3.11500000E+2 2.93222500E+2
3.12500000E+2 1.00549451E+0 3.12500000E+2 2.93222500E+2
3.13500000E+2 1.01526251E+0 3.13500000E+2 2.93222500E+2
3.14500000E+2 1.01526251E+0 3.14500000E+2 2.93222500E+2
3.15500000E+2 1.01526251E+0 3.15500000E+2 2.93222500E+2
3.16500000E+2 1.00549451E+0 3.16500000E+2 2.93160000E+2
3.17500000E+2 1.01526251E+0 3.17600006E+2 2.93222500E+2
3.18500000E+2 1.00610501E+0 3.18600006E+2 2.93222500E+2
3.19500000E+2 1.01526251E+0 3.19500000E+2 2.93222500E+2
3.20500000E+2 1.00549451E+0 3.20500000E+2 2.93222500E+2
3.21500000E+2 1.01526251E+0 3.21500000E+2 2.93160000E+2
3.22500000E+2 1.01526251E+0 3.22500000E+2 2.93222500E+2
3.23500000E+2 1.00549451E+0 3.23500000E+2 2.93222500E+2
3.24500000E+2 1.00549451E+0 3.24500000E+2 2.93222500E+2
3.25500000E+2 1.00549451E+0 3.25500000E+2 2.93222500E+2
3.26500000E+2 1.00549451E+0 3.26500000E+2 2.93222500E+2
3.27500000E+2 1.01526251E+0 3.27600006E+2 2.93222500E+2
3.28500000E+2 1.01526251E+0 3.28600006E+2 2.93222500E+2
3.29500000E+2 1.00549451E+0 3.29600006E+2 2.93222500E+2
3.30500000E+2 1.01526251E+0 3.30500000E+2 2.93222500E+2
3.31500000E+2 1.00549451E+0 3.31500000E+2 2.93222500E+2
3.32500000E+2 1.00610501E+0 3.32500000E+2 2.93222500E+2
3.33500000E+2 1.00549451E+0 3.33500000E+2 2.93160000E+2
3.34500000E+2 1.00549451E+0 3.34500000E+2 2.93222500E+2
3.35500000E+2 1.00610501E+0 3.35600006E+2 2.93222500E+2
3.36500000E+2 1.00610501E+0 3.36600006E+2 2.93222500E+2
3.37500000E+2 1.00549451E+0 3.37600006E+2 2.93222500E+2
3.38500000E+2 1.01526251E+0 3.38600006E+2 2.93160000E+2
3.39500000E+2 1.01526251E+0 3.39600006E+2 2.93222500E+2
3.40500000E+2 1.00610501E+0 3.40600006E+2 2.93222500E+2
3.41500000E+2 1.01526251E+0 3.41600006E+2 2.93222500E+2
3.42500000E+2 1.01465201E+0 3.42600006E+2 2.93160000E+2
3.43500000E+2 1.00549451E+0 3.43600006E+2 2.93222500E+2
3.44600006E+2 1.01526251E+0 3.44600006E+2 2.93222500E+2
3.45600006E+2 1.01465201E+0 3.45600006E+2 2.93222500E+2
3.46600006E+2 1.00549451E+0 3.46600006E+2 2.93222500E+2
3.47600006E+2 1.00549451E+0 3.47700012E+2 2.93222500E+2
3.48600006E+2 1.01526251E+0 3.48700012E+2 2.93160000E+2
3.49600006E+2 1.00549451E+0 3.49700012E+2 2.93222500E+2
3.50600006E+2 1.00549451E+0 3.50700012E+2 2.93222500E+2
3.51600006E+2 1.00610501E+0 3.51700012E+2 2.93222500E+2
3.52600006E+2 1.01465201E+0 3.52700012E+2 2.93222500E+2
3.53600006E+2 1.00549451E+0 3.53700012E+2 2.93222500E+2
3.54600006E+2 1.00610501E+0 3.54700012E+2 2.93222500E+2
3.55600006E+2 1.00549451E+0 3.55700012E+2 2.93222500E+2
3.56600006E+2 1.01526251E+0 3.56700012E+2 2.93222500E+2
3.57600006E+2 1.01526251E+0 3.57700012E+2 2.93222500E+2
3.58600006E+2 1.01526251E+0 3.58700012E+2 2.93222500E+2
3.59600006E+2 1.00549451E+0 3.59700012E+2 2.93222500E+2
3.60600006E+2 1.00610501E+0 3.60700012E+2 2.93222500E+2
3.61600006E+2 1.00549451E+0 3.61700012E+2 2.93160000E+2
3.62600006E+2 1.01526251E+0 3.62700012E+2 2.93160000E+2
3.63600006E+2 1.00549451E+0 3.63700012E+2 2.93222500E+2
3.64600006E+2 1.01526251E+0 3.64700012E+2 2.93222500E+2
3.65600006E+2 1.01526251E+0 3.65700012E+2 2.93222500E+2
3.66600006E+2 1.01526251E+0 3.66700012E+2 2.93160000E+2
3.67600006E+2 1.01526251E+0 3.67700012E+2 2.93222500E+2
3.68600006E+2 1.00549451E+0 3.68700012E+2 2.93222500E+2
3.69600006E+2 1.00549451E+0 3.69700012E+2 2.93222500E+2
3.70600006E+2 1.01526251E+0 3.70700012E+2 2.93222500E+2
3.71600006E+2 1.00549451E+0 3.71700012E+2 2.93222500E+2
3.72600006E+2 1.01526251E+0 3.72700012E+2 2.93160000E+2
3.73600006E+2 1.00549451E+0 3.73700012E+2 2.93160000E+2
3.74600006E+2 1.00549451E+0 3.74700012E+2 2.93222500E+2
3.75600006E+2 1.01526251E+0 3.75700012E+2 2.93222500E+2
3.76600006E+2 1.01526251E+0 3.76700012E+2 2.93222500E+2
3.77600006E+2 1.00549451E+0 3.77700012E+2 2.93222500E+2
3.78600006E+2 1.01526251E+0 3.78700012E+2 2.93222500E+2
3.79700012E+2 1.00549451E+0 3.79700012E+2 2.93222500E+2
3.80600006E+2 1.00549451E+0 3.80700012E+2 2.93222500E+2
3.81600006E+2 1.00549451E+0 3.81700012E+2 2.93222500E+2
3.82600006E+2 1.00610501E+0 3.82700012E+2 2.93160000E+2
3.83600006E+2 1.00549451E+0 3.83700012E+2 2.93222500E+2
3.84600006E+2 1.00549451E+0 3.84700012E+2 2.93222500E+2
3.85600006E+2 1.00549451E+0 3.85700012E+2 2.93222500E+2
3.86600006E+2 1.01526251E+0 3.86700012E+2 2.93222500E+2
3.87600006E+2 1.00549451E+0 3.87700012E+2 2.93222500E+2
3.88600006E+2 1.00549451E+0 3.88700012E+2 2.93222500E+2
3.89600006E+2 1.00549451E+0 3.89700012E+2 2.93222500E+2
3.90600006E+2 1.00549451E+0 3.90700012E+2 2.93222500E+2
3.91600006E+2 1.00549451E+0 3.91700012E+2 2.93160000E+2
3.92600006E+2 1.00549451E+0 3.92700012E+2 2.93222500E+2
3.93600006E+2 1.00549451E+0 3.93700012E+2 2.93222500E+2
3.94600006E+2 1.00610501E+0 3.94600006E+2 2.93222500E+2
3.95600006E+2 1.01526251E+0 3.95700012E+2 2.93160000E+2
3.96600006E+2 1.00549451E+0 3.96700012E+2 2.93222500E+2
3.97600006E+2 1.00549451E+0 3.97700012E+2 2.93222500E+2
3.98600006E+2 1.00610501E+0 3.98700012E+2 2.93160000E+2
3.99600006E+2 1.00610501E+0 3.99700012E+2 2.93222500E+2
4.00600006E+2 1.00671551E+0 4.00700012E+2 2.93160000E+2
4.01600006E+2 1.00549451E+0 4.01700012E+2 2.93160000E+2
4.02600006E+2 1.00549451E+0 4.02700012E+2 2.93222500E+2
4.03600006E+2 1.01526251E+0 4.03700012E+2 2.93222500E+2
4.04600006E+2 1.00549451E+0 4.04700012E+2 2.93222500E+2
4.05600006E+2 1.00610501E+0 4.05700012E+2 2.93222500E+2
4.06600006E+2 1.00549451E+0 4.06700012E+2 2.93222500E+2
4.07600006E+2 1.00549451E+0 4.07700012E+2 2.93222500E+2
4.08600006E+2 1.00610501E+0 4.08700012E+2 2.93160000E+2
4.09600006E+2 1.00549451E+0 4.09700012E+2 2.93222500E+2
4.10600006E+2 1.00549451E+0 4.10700012E+2 2.93222500E+2
4.11600006E+2 1.01526251E+0 4.11700012E+2 2.93222500E+2
4.12600006E+2 1.00549451E+0 4.12700012E+2 2.93222500E+2
4.13600006E+2 1.00610501E+0 4.13700012E+2 2.93222500E+2
4.14600006E+2 1.01526251E+0 4.14700012E+2 2.93222500E+2
4.15600006E+2 1.00549451E+0 4.15700012E+2 2.93160000E+2
4.16600006E+2 1.00549451E+0 4.16700012E+2 2.93222500E+2
4.17600006E+2 1.00549451E+0 4.17700012E+2 2.93222500E+2
4.18600006E+2 1.00549451E+0 4.18700012E+2 2.93222500E+2
4.19600006E+2 1.01526251E+0 4.19700012E+2 2.93160000E+2
4.20600006E+2 1.00549451E+0 4.20700012E+2 2.93222500E+2
4.21600006E+2 1.00549451E+0 4.21700012E+2 2.93222500E+2
4.22600006E+2 1.00549451E+0 4.22700012E+2 2.93160000E+2
4.23600006E+2 1.00549451E+0 4.23700012E+2 2.93222500E+2
4.24600006E+2 1.00610501E+0 4.24700012E+2 2.93160000E+2
4.25600006E+2 1.01526251E+0 4.25700012E+2 2.93160000E+2
4.26600006E+2 1.01526251E+0 4.26700012E+2 2.93222500E+2
4.27600006E+2 1.01526251E+0 4.27700012E+2 2.93160000E+2
4.28600006E+2 1.01526251E+0 4.28700012E+2 2.93222500E+2
4.29600006E+2 1.00549451E+0 4.29700012E+2 2.93222500E+2
4.30600006E+2 1.00549451E+0 4.30700012E+2 2.93160000E+2
4.31600006E+2 1.00610501E+0 4.31700012E+2 2.93222500E+2
4.32600006E+2 1.00549451E+0 4.32700012E+2 2.93160000E+2
4.33600006E+2 1.00549451E+0 4.33700012E+2 2.93222500E+2
4.34600006E+2 1.00549451E+0 4.34700012E+2 2.93222500E+2
4.35600006E+2 1.01526251E+0 4.35700012E+2 2.93160000E+2
4.36600006E+2 1.00549451E+0 4.36700012E+2 2.93222500E+2
4.37600006E+2 1.01526251E+0 4.37700012E+2 2.93160000E+2
4.38600006E+2 1.00549451E+0 4.38700012E+2 2.93160000E+2
4.39600006E+2 1.00610501E+0 4.39700012E+2 2.93222500E+2
4.40600006E+2 1.00549451E+0 4.40700012E+2 2.93160000E+2
4.41600006E+2 1.00549451E+0 4.41700012E+2 2.93222500E+2
4.42600006E+2 1.01526251E+0 4.42700012E+2 2.93222500E+2
4.43600006E+2 1.00610501E+0 4.43700012E+2 2.93222500E+2
4.44600006E+2 1.00549451E+0 4.44700012E+2 2.93160000E+2
4.45600006E+2 1.01526251E+0 4.45700012E+2 2.93222500E+2
4.46600006E+2 1.00549451E+0 4.46700012E+2 2.93160000E+2
4.47600006E+2 1.00549451E+0 4.47700012E+2 2.93160000E+2
4.48600006E+2 1.00549451E+0 4.48700012E+2 2.93222500E+2
4.49600006E+2 1.00610501E+0 4.49700012E+2 2.93222500E+2
4.50600006E+2 1.00549451E+0 4.50700012E+2 2.93222500E+2
4.51600006E+2 1.01526251E+0 4.51700012E+2 2.93222500E+2
4.52600006E+2 1.01526251E+0 4.52700012E+2 2.93222500E+2
4.53600006E+2 1.01526251E+0 4.53700012E+2 2.93222500E+2
4.54600006E+2 1.00549451E+0 4.54700012E+2 2.93160000E+2
4.55600006E+2 1.00549451E+0 4.55700012E+2 2.93222500E+2
4.56600006E+2 1.01526251E+0 4.56700012E+2 2.93160000E+2
4.57600006E+2 1.00549451E+0 4.57700012E+2 2.93222500E+2
4.58600006E+2 1.00549451E+0 4.58700012E+2 2.93160000E+2
4.59600006E+2 1.00549451E+0 4.59700012E+2 2.93222500E+2
4.60600006E+2 1.01526251E+0 4.60700012E+2 2.93222500E+2
4.61600006E+2 1.01526251E+0 4.61700012E+2 2.93160000E+2
4.62600006E+2 1.01526251E+0 4.62700012E+2 2.93160000E+2
4.63600006E+2 1.00549451E+0 4.63700012E+2 2.93160000E+2
4.64600006E+2 1.00549451E+0 4.64700012E+2 2.93222500E+2
4.65600006E+2 1.00671551E+0 4.65700012E+2 2.93222500E+2
4.66600006E+2 1.00549451E+0 4.66700012E+2 2.93222500E+2
4.67600006E+2 1.00610501E+0 4.67700012E+2 2.93222500E+2
4.68600006E+2 1.00549451E+0 4.68700012E+2 2.93222500E+2
4.69600006E+2 1.00610501E+0 4.69700012E+2 2.93222500E+2
4.70600006E+2 1.00549451E+0 4.70600006E+2 2.93160000E+2
4.71600006E+2 1.01526251E+0 4.71700012E+2 2.93222500E+2
4.72600006E+2 1.00549451E+0 4.72700012E+2 2.93222500E+2
4.73600006E+2 1.00549451E+0 4.73700012E+2 2.93222500E+2
4.74600006E+2 1.00610501E+0 4.74700012E+2 2.93222500E+2
4.75600006E+2 1.01526251E+0 4.75700012E+2 2.93222500E+2
4.76600006E+2 1.00610501E+0 4.76700012E+2 2.93222500E+2
4.77600006E+2 1.00549451E+0 4.77700012E+2 2.93160000E+2
4.78600006E+2 1.01526251E+0 4.78700012E+2 2.93222500E+2
4.79600006E+2 1.01526251E+0 4.79700012E+2 2.93222500E+2
4.80600006E+2 1.00549451E+0 4.80700012E+2 2.93222500E+2
4.81600006E+2 1.01526251E+0 4.81700012E+2 2.93222500E+2
4.82600006E+2 1.01465201E+0 4.82700012E+2 2.93222500E+2
4.83600006E+2 1.00549451E+0 4.83700012E+2 2.93160000E+2
4.84600006E+2 1.01526251E+0 4.84600006E+2 2.93160000E+2
4.85600006E+2 1.00549451E+0 4.85700012E+2 2.93160000E+2
4.86600006E+2 1.00549451E+0 4.86700012E+2 2.93222500E+2
4.87600006E+2 1.00610501E+0 4.87700012E+2 2.93160000E+2
4.88600006E+2 1.00610501E+0 4.88700012E+2 2.93222500E+2
4.89600006E+2 1.00549451E+0 4.89700012E+2 2.93222500E+2
4.90600006E+2 1.00549451E+0 4.90700012E+2 2.93160000E+2
4.91600006E+2 1.00549451E+0 4.91700012E+2 2.93160000E+2
4.92600006E+2 1.00549451E+0 4.92700012E+2 2.93222500E+2
4.93600006E+2 1.01526251E+0 4.93700012E+2 2.93222500E+2
4.94600006E+2 1.00549451E+0 4.94700012E+2 2.93160000E+2
4.95600006E+2 1.00549451E+0 4.95700012E+2 2.93222500E+2
4.96600006E+2 1.01526251E+0 4.96700012E+2 2.93160000E+2
4.97600006E+2 1.00610501E+0 4.97700012E+2 2.93222500E+2
4.98600006E+2 1.00549451E+0 4.98700012E+2 2.93160000E+2
4.99600006E+2 1.00549451E+0 4.99700012E+2 2.93222500E+2
5.00600006E+2 1.01526251E+0 5.00700012E+2 2.93222500E+2
5.01600006E+2 1.00549451E+0 5.01700012E+2 2.93222500E+2
5.02600006E+2 1.00549451E+0 5.02700012E+2 2.93222500E+2
5.03600006E+2 1.01526251E+0 5.03700012E+2 2.93222500E+2
5.04600006E+2 1.00549451E+0 5.04700012E+2 2.93160000E+2
5.05600006E+2 1.00549451E+0 5.05700012E+2 2.93222500E+2
5.06600006E+2 1.01465201E+0 5.06700012E+2 2.93222500E+2
5.07600006E+2 1.00610501E+0 5.07700012E+2 2.93160000E+2
5.08600006E+2 1.01526251E+0 5.08700012E+2 2.93160000E+2
5.09600006E+2 1.00549451E+0 5.09700012E+2 2.93160000E+2
5.10600006E+2 1.00549451E+0 5.10700012E+2 2.93160000E+2
5.11600006E+2 1.00549451E+0 5.11700012E+2 2.93222500E+2
5.12599976E+2 1.00549451E+0 5.12700012E+2 2.93222500E+2
5.13599976E+2 1.00549451E+0 5.13700012E+2 2.93160000E+2
5.14599976E+2 1.00610501E+0 5.14700012E+2 2.93222500E+2
5.15599976E+2 1.00549451E+0 5.15700012E+2 2.93222500E+2
5.16599976E+2 1.00549451E+0 5.16700012E+2 2.93160000E+2
5.17599976E+2 1.00610501E+0 5.17700012E+2 2.93222500E+2
5.18599976E+2 1.00549451E+0 5.18599976E+2 2.93222500E+2
5.19599976E+2 1.00549451E+0 5.19700012E+2 2.93222500E+2
5.20599976E+2 1.00610501E+0 5.20700012E+2 2.93222500E+2
5.21599976E+2 1.01526251E+0 5.21700012E+2 2.93160000E+2
5.22599976E+2 1.01526251E+0 5.22700012E+2 2.93160000E+2
5.23599976E+2 1.01526251E+0 5.23700012E+2 2.93160000E+2
5.24599976E+2 1.01526251E+0 5.24700012E+2 2.93160000E+2
5.25599976E+2 1.00549451E+0 5.25700012E+2 2.93160000E+2
5.26599976E+2 1.01526251E+0 5.26700012E+2 2.93160000E+2
5.27599976E+2 1.00549451E+0 5.27599976E+2 2.93160000E+2
5.28599976E+2 1.00610501E+0 5.28700012E+2 2.93222500E+2
5.29599976E+2 1.00549451E+0 5.29700012E+2 2.93222500E+2
5.30599976E+2 1.00549451E+0 5.30700012E+2 2.93222500E+2
5.31599976E+2 1.00549451E+0 5.31700012E+2 2.93222500E+2
5.32599976E+2 1.01526251E+0 5.32700012E+2 2.93160000E+2
5.33599976E+2 1.01526251E+0 5.33700012E+2 2.93160000E+2
5.34599976E+2 1.01526251E+0 5.34700012E+2 2.93222500E+2
5.35599976E+2 1.00549451E+0 5.35700012E+2 2.93222500E+2
5.36599976E+2 1.00549451E+0 5.36700012E+2 2.93222500E+2
5.37599976E+2 1.01526251E+0 5.37700012E+2 2.93222500E+2
5.38599976E+2 1.01526251E+0 5.38700012E+2 2.93160000E+2
5.39599976E+2 1.01465201E+0 5.39700012E+2 2.93222500E+2
5.40599976E+2 1.01526251E+0 5.40700012E+2 2.93160000E+2
5.41599976E+2 1.00549451E+0 5.41700012E+2 2.93222500E+2
5.42599976E+2 1.01526251E+0 5.42700012E+2 2.93222500E+2
5.43599976E+2 1.00610501E+0 5.43700012E+2 2.93222500E+2
5.44599976E+2 1.01526251E+0 5.44700012E+2 2.93160000E+2
5.45599976E+2 1.00549451E+0 5.45700012E+2 2.93160000E+2
5.46599976E+2 1.00549451E+0 5.46700012E+2 2.93222500E+2
5.47599976E+2 1.01526251E+0 5.47700012E+2 2.93222500E+2
5.48599976E+2 1.00549451E+0 5.48700012E+2 2.93222500E+2
5.49599976E+2 1.01526251E+0 5.49700012E+2 2.93222500E+2
5.50599976E+2 1.01526251E+0 5.50700012E+2 2.93160000E+2
5.51599976E+2 1.00549451E+0 5.51700012E+2 2.93160000E+2
5.52599976E+2 1.01526251E+0 5.52700012E+2 2.93160000E+2
5.53599976E+2 1.00549451E+0 5.53700012E+2 2.93160000E+2
5.54599976E+2 1.00549451E+0 5.54700012E+2 2.93160000E+2
5.55599976E+2 1.00549451E+0 5.55700012E+2 2.93222500E+2
5.56599976E+2 1.00549451E+0 5.56700012E+2 2.93222500E+2
5.57599976E+2 1.00549451E+0 5.57700012E+2 2.93222500E+2
5.58599976E+2 1.00610501E+0 5.58700012E+2 2.93160000E+2
5.59599976E+2 1.00610501E+0 5.59700012E+2 2.93160000E+2
5.60599976E+2 1.00549451E+0 5.60700012E+2 2.93160000E+2
5.61599976E+2 1.00549451E+0 5.61700012E+2 2.93222500E+2
5.62599976E+2 1.00549451E+0 5.62700012E+2 2.93160000E+2
5.63599976E+2 1.01526251E+0 5.63700012E+2 2.93160000E+2
5.64599976E+2 1.01526251E+0 5.64700012E+2 2.93160000E+2
5.65599976E+2 1.00549451E+0 5.65700012E+2 2.93222500E+2
5.66599976E+2 1.00549451E+0 5.66700012E+2 2.93222500E+2
5.67599976E+2 1.01526251E+0 5.67700012E+2 2.93160000E+2
5.68599976E+2 1.00549451E+0 5.68700012E+2 2.93222500E+2
5.69599976E+2 1.01526251E+0 5.69700012E+2 2.93160000E+2
5.70599976E+2 1.01526251E+0 5.70700012E+2 2.93160000E+2
5.71599976E+2 1.00549451E+0 5.71700012E+2 2.93222500E+2
5.72599976E+2 1.00549451E+0 5.72700012E+2 2.93160000E+2
5.73599976E+2 1.01465201E+0 5.73700012E+2 2.93222500E+2
5.74599976E+2 1.00549451E+0 5.74700012E+2 2.93222500E+2
5.75599976E+2 1.01526251E+0 5.75700012E+2 2.93160000E+2
5.76599976E+2 1.01526251E+0 5.76700012E+2 2.93160000E+2
5.77599976E+2 1.00549451E+0 5.77700012E+2 2.93160000E+2
5.78599976E+2 1.00549451E+0 5.78700012E+2 2.93160000E+2
5.79599976E+2 1.01526251E+0 5.79700012E+2 2.93160000E+2
5.80599976E+2 1.01526251E+0 5.80700012E+2 2.93222500E+2
5.81599976E+2 1.00610501E+0 5.81700012E+2 2.93160000E+2
5.82599976E+2 1.01465201E+0 5.82700012E+2 2.93160000E+2
5.83599976E+2 1.00549451E+0 5.83700012E+2 2.93160000E+2
5.84599976E+2 1.01526251E+0 5.84599976E+2 2.93160000E+2
5.85599976E+2 1.00549451E+0 5.85700012E+2 2.93222500E+2
5.86599976E+2 1.00610501E+0 5.86700012E+2 2.93222500E+2
5.87599976E+2 1.01526251E+0 5.87700012E+2 2.93160000E+2
5.88599976E+2 1.00549451E+0 5.88700012E+2 2.93160000E+2
5.89599976E+2 1.00549451E+0 5.89700012E+2 2.93160000E+2
5.90599976E+2 1.00549451E+0 5.90700012E+2 2.93222500E+2
5.91599976E+2 1.01526251E+0 5.91700012E+2 2.93160000E+2
5.92599976E+2 1.00610501E+0 5.92700012E+2 2.93160000E+2
5.93599976E+2 1.01526251E+0 5.93700012E+2 2.93160000E+2
5.94599976E+2 1.01526251E+0 5.94700012E+2 2.93222500E+2
5.95599976E+2 1.01465201E+0 5.95700012E+2 2.93222500E+2
5.96599976E+2 1.01526251E+0 5.96700012E+2 2.93160000E+2
5.97599976E+2 1.00610501E+0 5.97700012E+2 2.93222500E+2
5.98599976E+2 1.00610501E+0 5.98700012E+2 2.93222500E+2
5.99599976E+2 1.00610501E+0 5.99700012E+2 2.93160000E+2
6.00599976E+2 1.00549451E+0 6.00599976E+2 2.93222500E+2
6.01599976E+2 1.00549451E+0 6.01700012E+2 2.93160000E+2
6.02599976E+2 1.01465201E+0 6.02599976E+2 2.93160000E+2
6.03599976E+2 1.00549451E+0 6.03700012E+2 2.93160000E+2
6.04599976E+2 1.01526251E+0 6.04700012E+2 2.93160000E+2
6.05599976E+2 1.00610501E+0 6.05700012E+2 2.93160000E+2
6.06599976E+2 1.01526251E+0 6.06700012E+2 2.93222500E+2
6.07599976E+2 1.01526251E+0 6.07700012E+2 2.93222500E+2
6.08599976E+2 1.00549451E+0 6.08700012E+2 2.93160000E+2
6.09599976E+2 1.00549451E+0 6.09700012E+2 2.93222500E+2
6.10599976E+2 1.00549451E+0 6.10700012E+2 2.93222500E+2
6.11599976E+2 1.01526251E+0 6.11700012E+2 2.93160000E+2
6.12599976E+2 1.00549451E+0 6.12700012E+2 2.93222500E+2
6.13599976E+2 1.00549451E+0 6.13700012E+2 2.93222500E+2
6.14599976E+2 1.00549451E+0 6.14700012E+2 2.93222500E+2
6.15599976E+2 1.00549451E+0 6.15700012E+2 2.93160000E+2
6.16599976E+2 1.00549451E+0 6.16700012E+2 2.93160000E+2
6.17599976E+2 1.00549451E+0 6.17700012E+2 2.93222500E+2
6.18599976E+2 1.00549451E+0 6.18700012E+2 2.93160000E+2
6.19599976E+2 1.00549451E+0 6.19700012E+2 2.93160000E+2
6.20599976E+2 1.00549451E+0 6.20700012E+2 2.93160000E+2
6.21599976E+2 1.00549451E+0 6.21700012E+2 2.93160000E+2
6.22599976E+2 1.00549451E+0 6.22700012E+2 2.93160000E+2
6.23599976E+2 1.00549451E+0 6.23700012E+2 2.93160000E+2
6.24599976E+2 1.00549451E+0 6.24700012E+2 2.93222500E+2
6.25599976E+2 1.00549451E+0 6.25700012E+2 2.93222500E+2
